# y_plus_values_1, u_plus_values_1
0.304434, 0.303460
0.913303, 0.910379
1.522170, 1.355352
2.131038, 1.768324
2.739907, 2.181291
3.348775, 2.537705
3.957643, 2.838681
4.566511, 3.139638
5.175389, 3.425957
5.784257, 3.643206
6.393126, 3.860455
7.001994, 4.077704
7.610862, 4.252340
8.219730, 4.419164
8.828598, 4.585987
9.437466, 4.736456
10.046334, 4.871556
10.655192, 5.006636
11.264061, 5.137771
11.872929, 5.251387
12.481797, 5.365003
13.090665, 5.478639
13.699533, 5.579076
14.308401, 5.677264
14.917269, 5.775472
15.526138, 5.867564
16.135006, 5.954172
16.743874, 6.040760
17.352742, 6.125573
17.961610, 6.203125
18.570478, 6.280658
19.179346, 6.358190
19.788215, 6.429469
20.397083, 6.499761
21.005951, 6.570054
21.614819, 6.637170
22.223687, 6.701504
22.832555, 6.765838
23.441423, 6.829167
24.050292, 6.888549
24.659160, 6.947912
25.268028, 7.007294
25.876896, 7.062968
26.485764, 7.118129
27.094632, 7.173289
27.703500, 7.226477
28.312368, 7.278008
28.921237, 7.329558
29.530105, 7.380418
30.138973, 7.428831
30.747841, 7.477225
31.356709, 7.525619
31.965577, 7.571566
32.574445, 7.617198
33.183314, 7.662830
33.792182, 7.707100
34.401050, 7.750306
35.009918, 7.793511
35.618786, 7.836223
36.227654, 7.877238
36.836522, 7.918254
37.445391, 7.959289
38.054259, 7.998548
38.663127, 8.037611
39.271995, 8.076692
39.880863, 8.114768
40.489731, 8.152075
41.098599, 8.189381
41.707468, 8.226313
42.316336, 8.262041
42.925204, 8.297749
43.534072, 8.333477
44.142940, 8.367884
44.751808, 8.402132
45.360676, 8.436401
45.969545, 8.469899
46.578413, 8.502826
47.187281, 8.535773
47.796149, 8.568403
48.405017, 8.600107
49.013885, 8.631810
49.622753, 8.663514
50.231622, 8.694192
50.840591, 8.724790
51.449459, 8.755370
52.058327, 8.785337
52.667195, 8.814890
53.276064, 8.844424
53.884932, 8.873720
54.493800, 8.902307
55.102668, 8.930873
55.711536, 8.959440
56.320404, 8.987198
56.929272, 9.014857
57.538141, 9.042536
58.147009, 9.069702
58.755877, 9.096533
59.364745, 9.123364
59.973613, 9.149997
60.582481, 9.176038
61.191349, 9.202100
61.800218, 9.228141
62.409086, 9.253512
63.017954, 9.278823
63.626822, 9.304135
64.235690, 9.329032
64.844558, 9.353653
65.453426, 9.378274
66.062295, 9.402718
66.671163, 9.426688
67.280031, 9.450658
67.888899, 9.474628
68.497767, 9.498026
69.106635, 9.521384
69.715503, 9.544743
70.324372, 9.567746
70.933240, 9.590532
71.542108, 9.613299
72.150976, 9.635927
72.759844, 9.658161
73.368712, 9.680395
73.977580, 9.702629
74.586448, 9.724370
75.195317, 9.746091
75.804185, 9.767792
76.413053, 9.789197
77.021921, 9.810405
77.630789, 9.831633
78.239657, 9.852703
78.848525, 9.873457
79.457394, 9.894212
80.066262, 9.914966
80.675130, 9.935286
81.283998, 9.955587
81.892866, 9.975887
82.501734, 9.995931
83.110602, 10.015818
83.719471, 10.035704
84.328339, 10.055452
84.937207, 10.074944
85.546075, 10.094416
86.154943, 10.113888
86.763811, 10.132985
87.372679, 10.152082
87.981548, 10.171179
88.590416, 10.190019
89.199284, 10.208742
89.808152, 10.227464
90.417020, 10.246068
91.025888, 10.264435
91.634756, 10.282802
92.243625, 10.301169
92.852493, 10.319201
93.461361, 10.337233
94.070229, 10.355265
94.679097, 10.373079
95.287965, 10.390776
95.896833, 10.408472
96.505702, 10.426070
97.114570, 10.443470
97.723438, 10.460851
98.332306, 10.478252
98.941174, 10.495336
99.550042, 10.512421
100.158910, 10.529526
100.767778, 10.546413
101.376647, 10.563222
101.985920, 10.580030
102.594180, 10.596740
103.203454, 10.613253
103.811714, 10.629785
104.420987, 10.646298
105.030261, 10.662554
105.638521, 10.678811
106.247794, 10.695067
106.856054, 10.711165
107.465328, 10.727165
108.074602, 10.743165
108.682862, 10.759066
109.292135, 10.774829
109.900395, 10.790572
110.509669, 10.806335
111.118942, 10.821841
111.727202, 10.837348
112.336476, 10.852855
112.944736, 10.868223
113.554009, 10.883493
114.163283, 10.898782
114.771543, 10.913993
115.380817, 10.929046
115.989076, 10.944118
116.598350, 10.959171
117.207624, 10.974007
117.815884, 10.988842
118.425157, 11.003698
119.033417, 11.018396
119.642691, 11.033014
120.251964, 11.047653
120.860224, 11.062212
121.469498, 11.076634
122.077758, 11.091055
122.687032, 11.105477
123.296305, 11.119721
123.904565, 11.133965
124.513839, 11.148189
125.122099, 11.162295
125.731372, 11.176341
126.340646, 11.190388
126.948906, 11.204356
127.558179, 11.218225
128.166439, 11.232074
128.775713, 11.245923
129.384987, 11.259615
129.993246, 11.273287
130.602520, 11.286958
131.210780, 11.300532
131.820054, 11.314026
132.429327, 11.327540
133.037587, 11.340975
133.646861, 11.354331
134.255121, 11.367667
134.864394, 11.381004
135.473668, 11.394182
136.081928, 11.407341
136.691201, 11.420520
137.299461, 11.433580
137.908735, 11.446601
138.518009, 11.459622
139.126269, 11.472583
139.735542, 11.485426
140.343802, 11.498289
140.953076, 11.511152
141.562349, 11.523857
142.170609, 11.536562
142.779883, 11.549267
143.388143, 11.561874
143.997416, 11.574441
144.606690, 11.587008
145.214950, 11.599516
145.824224, 11.611925
146.432483, 11.624354
147.041757, 11.636763
147.651031, 11.649034
148.259291, 11.661325
148.868564, 11.673596
149.476824, 11.685788
150.086098, 11.697941
150.695371, 11.710093
151.303631, 11.722187
151.912905, 11.734202
152.521165, 11.746216
153.130438, 11.758211
153.739712, 11.770107
154.347972, 11.781984
154.957246, 11.793860
155.565506, 11.805658
156.174779, 11.817416
156.784053, 11.829174
157.392313, 11.840893
158.001586, 11.852513
158.609846, 11.864153
159.219120, 11.875773
159.828394, 11.887294
160.436653, 11.898815
161.045927, 11.910337
161.654187, 11.921760
162.263461, 11.933163
162.872734, 11.944566
163.480994, 11.955909
164.090268, 11.967194
164.698528, 11.978479
165.307801, 11.989763
165.917075, 12.000930
166.525335, 12.012116
167.134608, 12.023302
167.742868, 12.034389
168.352142, 12.045437
168.961416, 12.056505
169.569676, 12.067513
170.178949, 12.078482
170.787209, 12.089431
171.396483, 12.100381
172.005756, 12.111231
172.614016, 12.122101
173.223290, 12.132952
173.831550, 12.143724
174.440823, 12.154476
175.050097, 12.165228
175.658357, 12.175940
176.267631, 12.186594
176.875890, 12.197247
177.485164, 12.207881
178.094438, 12.218435
178.702698, 12.228990
179.311971, 12.239525
179.920231, 12.250021
180.529505, 12.260477
181.138778, 12.270933
181.747038, 12.281349
182.356312, 12.291707
182.964572, 12.302084
183.573845, 12.312421
184.183119, 12.322700
184.791379, 12.332978
185.400653, 12.343237
186.008913, 12.353437
186.618186, 12.363617
187.227460, 12.373797
187.835720, 12.383937
188.444993, 12.394038
189.053253, 12.404119
189.662527, 12.414220
190.271801, 12.424222
190.880060, 12.434225
191.489334, 12.444227
192.097594, 12.454170
192.706868, 12.464093
193.316141, 12.474017
193.924401, 12.483901
194.533675, 12.493745
195.141935, 12.503590
195.751208, 12.513415
196.360482, 12.523160
196.968742, 12.532926
197.578015, 12.542672
198.186275, 12.552378
198.795549, 12.562045
199.404823, 12.571712
200.013082, 12.581359
200.622356, 12.590947
201.230616, 12.600555
201.839890, 12.610143
202.449163, 12.619652
203.057423, 12.629181
203.666697, 12.638690
204.275970, 12.648160
204.884230, 12.657590
205.493504, 12.667040
206.101764, 12.676450
206.711038, 12.685821
207.320311, 12.695172
207.928571, 12.704543
208.537845, 12.713835
209.146105, 12.723127
209.755378, 12.732439
210.364652, 12.741672
210.972912, 12.750905
211.582185, 12.760118
212.190445, 12.769312
212.799719, 12.778466
213.408993, 12.787620
214.017252, 12.796754
214.626526, 12.805849
215.234786, 12.814924
215.844060, 12.823999
216.453333, 12.833034
217.061593, 12.842050
217.670867, 12.851066
218.279127, 12.860043
218.888400, 12.868999
219.497674, 12.877936
220.105934, 12.886873
220.715207, 12.895751
221.323467, 12.904629
221.932741, 12.913507
222.542015, 12.922345
223.150275, 12.931144
223.759548, 12.939962
224.367808, 12.948742
224.977082, 12.957501
225.586355, 12.966260
226.194615, 12.975000
226.803889, 12.983681
227.412149, 12.992381
228.021422, 13.001061
228.630696, 13.009702
229.238956, 13.018324
229.848230, 13.026945
230.456489, 13.035547
231.065763, 13.044109
231.675037, 13.052671
232.283297, 13.061233
232.892570, 13.069736
233.500830, 13.078239
234.110104, 13.086742
234.719377, 13.095205
235.327637, 13.103649
235.936911, 13.112093
236.545171, 13.120517
237.154445, 13.128901
237.763718, 13.137286
238.371978, 13.145671
238.981252, 13.153996
239.589512, 13.162321
240.198785, 13.170666
240.808059, 13.178933
241.416319, 13.187199
242.025592, 13.195485
242.633852, 13.203712
243.243126, 13.211938
243.852400, 13.220145
244.460659, 13.228352
245.069933, 13.236520
245.678193, 13.244687
246.287467, 13.252855
246.896740, 13.260963
247.505000, 13.269072
248.114274, 13.277180
248.722534, 13.285269
249.331807, 13.293318
249.941081, 13.301387
250.549341, 13.309416
251.158614, 13.317426
251.766874, 13.325416
252.376148, 13.333426
252.985422, 13.341376
253.593682, 13.349327
254.202955, 13.357277
254.811215, 13.365189
255.420489, 13.373100
256.029762, 13.381011
256.638022, 13.388882
257.247296, 13.396734
257.855556, 13.404586
258.464829, 13.412438
259.074103, 13.420251
259.682363, 13.428043
260.291637, 13.435836
260.899896, 13.443609
261.509170, 13.451362
262.118444, 13.459096
262.726704, 13.466829
263.335977, 13.474543
263.944237, 13.482237
264.553511, 13.489951
265.162784, 13.497606
265.771044, 13.505260
266.380318, 13.512915
266.988578, 13.520530
267.597851, 13.528126
268.207125, 13.535741
268.815385, 13.543316
269.424659, 13.550892
270.032919, 13.558448
270.642192, 13.566004
271.251466, 13.573521
271.859726, 13.581037
272.468999, 13.588534
273.077259, 13.596031
273.686533, 13.603508
274.295807, 13.610965
274.904066, 13.618422
275.513340, 13.625860
276.121600, 13.633278
276.730874, 13.640696
277.340147, 13.648074
277.948407, 13.655453
278.557681, 13.662831
279.165941, 13.670170
279.775214, 13.677509
280.384488, 13.684848
280.992748, 13.692167
281.602021, 13.699467
282.210281, 13.706747
282.819555, 13.714046
283.428829, 13.721286
284.037089, 13.728546
284.646362, 13.735787
285.254622, 13.743007
285.863896, 13.750208
286.473169, 13.757409
287.081429, 13.764610
287.690703, 13.771771
288.298963, 13.778953
288.908236, 13.786114
289.517510, 13.793236
290.125770, 13.800358
290.735044, 13.807480
291.343303, 13.814562
291.952577, 13.821645
292.561851, 13.828727
293.170111, 13.835790
293.779384, 13.842853
294.387644, 13.849896
294.996918, 13.856939
295.606191, 13.863943
296.214451, 13.870946
296.823725, 13.877950
297.431985, 13.884914
298.041258, 13.891878
298.650532, 13.898842
299.258792, 13.905786
299.868066, 13.912711
300.476326, 13.919616
301.085599, 13.926541
301.694873, 13.933446
302.303133, 13.940331
302.912406, 13.947216
303.520666, 13.954082
304.129940, 13.960908
304.739214, 13.967753
305.347473, 13.974599
305.956747, 13.981405
306.565007, 13.988212
307.174281, 13.995038
307.783554, 14.001805
308.391814, 14.008571
309.001088, 14.015338
309.609348, 14.022085
310.218621, 14.028833
310.827895, 14.035560
311.436155, 14.042287
312.045428, 14.048975
312.653688, 14.055683
313.262962, 14.062371
313.872236, 14.069039
314.480495, 14.075707
315.089769, 14.082375
315.698029, 14.089004
316.307303, 14.095633
316.916576, 14.102242
317.524836, 14.108871
318.134110, 14.115460
318.742370, 14.122049
319.351643, 14.128639
319.960917, 14.135208
320.569177, 14.141758
321.178451, 14.148328
321.786710, 14.154858
322.395984, 14.161368
323.005258, 14.167898
323.613518, 14.174408
324.222791, 14.180899
324.831051, 14.187390
325.440325, 14.193861
326.049598, 14.200312
326.657858, 14.206763
327.267132, 14.213234
327.875392, 14.219646
328.484665, 14.226077
329.093939, 14.232509
329.702199, 14.238901
330.311473, 14.245293
330.919732, 14.251685
331.529006, 14.258057
332.138280, 14.264429
332.746540, 14.270782
333.355813, 14.277134
333.964073, 14.283467
334.573347, 14.289800
335.182620, 14.296113
335.790880, 14.302426
336.400154, 14.308719
337.008414, 14.315013
337.617688, 14.321286
338.226961, 14.327560
338.835221, 14.333814
339.444495, 14.340068
340.052755, 14.346302
340.662028, 14.352517
341.271302, 14.358751
341.879562, 14.364965
342.488835, 14.371160
343.097095, 14.377355
343.706369, 14.383549
344.315643, 14.389724
344.923902, 14.395899
345.533176, 14.402055
346.141436, 14.408190
346.750710, 14.414326
347.359983, 14.420461
347.968243, 14.426577
348.577517, 14.432693
349.185777, 14.438809
349.795050, 14.444905
350.404324, 14.450981
351.012584, 14.457057
351.621858, 14.463134
352.230117, 14.469171
352.839391, 14.475227
353.448665, 14.481264
354.056925, 14.487281
354.666198, 14.493298
355.274458, 14.499316
355.883732, 14.505333
356.493005, 14.511311
357.101265, 14.517308
357.710539, 14.523305
358.318799, 14.529263
358.928072, 14.535221
359.537346, 14.541160
360.145606, 14.547118
360.754880, 14.553036
361.363139, 14.558974
361.972413, 14.564893
362.581687, 14.570792
363.189947, 14.576690
363.799220, 14.582589
364.407480, 14.588468
365.016754, 14.594347
365.626027, 14.600226
366.234287, 14.606086
366.843561, 14.611925
367.451821, 14.617765
368.061095, 14.623605
368.670368, 14.629425
369.278628, 14.635244
369.887902, 14.641064
370.496162, 14.646845
371.105435, 14.652645
371.714709, 14.658425
372.322969, 14.664206
372.932242, 14.669966
373.540502, 14.675727
374.149776, 14.681468
374.759050, 14.687209
375.367309, 14.692950
375.976583, 14.698691
376.584843, 14.704392
377.194117, 14.710114
377.803390, 14.715815
378.411650, 14.721517
379.020924, 14.727199
379.629184, 14.732880
380.238457, 14.738562
380.847731, 14.744204
381.455991, 14.749866
382.065264, 14.755509
382.673524, 14.761151
383.282798, 14.766774
383.892072, 14.772396
384.500332, 14.778019
385.109605, 14.783622
385.717865, 14.789225
386.327139, 14.794828
386.936412, 14.800411
387.544672, 14.805994
388.153946, 14.811577
388.762206, 14.817140
389.371479, 14.822684
389.980753, 14.828228
390.589013, 14.833771
391.198287, 14.839295
391.806546, 14.844819
392.415820, 14.850343
393.025094, 14.855847
393.633354, 14.861352
394.242627, 14.866856
394.850887, 14.872340
395.460161, 14.877825
396.069434, 14.883309
396.677694, 14.888774
397.286968, 14.894219
397.895228, 14.899684
398.504501, 14.905129
399.113775, 14.910554
399.722035, 14.915980
400.331309, 14.921425
400.939569, 14.926830
401.548842, 14.932236
402.158116, 14.937641
402.766376, 14.943027
403.375649, 14.948413
403.983909, 14.953779
404.593183, 14.959165
405.202457, 14.964531
405.810716, 14.969878
406.419990, 14.975244
407.029264, 14.980590
407.637524, 14.985917
408.246797, 14.991244
408.855057, 14.996570
409.464331, 15.001877
410.073604, 15.007204
410.681864, 15.012511
411.291138, 15.017798
411.899398, 15.023085
412.508671, 15.028353
413.117945, 15.033640
413.726205, 15.038907
414.335479, 15.044175
414.943739, 15.049423
415.553012, 15.054670
416.162286, 15.059898
416.770546, 15.065146
417.379819, 15.070374
417.988079, 15.075583
418.597353, 15.080811
419.206627, 15.085999
419.814886, 15.091207
420.424160, 15.096396
421.032420, 15.101585
421.641694, 15.106753
422.250967, 15.111922
422.859227, 15.117091
423.468501, 15.122240
424.076761, 15.127389
424.686034, 15.132558
425.295308, 15.137688
425.903568, 15.142817
426.512841, 15.147946
427.121101, 15.153056
427.730375, 15.158166
428.339649, 15.163275
428.947908, 15.168385
429.557182, 15.173475
430.165442, 15.178565
430.774716, 15.183655
431.383989, 15.188725
431.992249, 15.193775
432.601523, 15.198846
433.209783, 15.203896
433.819056, 15.208947
434.428330, 15.213997
435.036590, 15.219047
435.645864, 15.224059
436.254123, 15.229089
436.863397, 15.234120
437.472671, 15.239111
438.080931, 15.244122
438.690204, 15.249114
439.298464, 15.254105
439.907738, 15.259096
440.517011, 15.264068
441.125271, 15.269059
441.734545, 15.274011
442.342805, 15.278963
442.952078, 15.283934
443.561352, 15.288866
444.169612, 15.293818
444.778886, 15.298750
445.387145, 15.303682
445.996419, 15.308614
446.605693, 15.313527
447.213953, 15.318439
447.823226, 15.323352
448.431486, 15.328244
449.040760, 15.333137
449.650033, 15.338030
450.258293, 15.342902
450.867567, 15.347795
451.475827, 15.352668
452.085101, 15.357521
452.694374, 15.362374
453.302634, 15.367228
453.911908, 15.372061
454.520168, 15.376914
455.129441, 15.381748
455.738715, 15.386561
456.346975, 15.391395
456.956248, 15.396209
457.564508, 15.401003
458.173782, 15.405816
458.783056, 15.410630
459.391315, 15.415424
460.000589, 15.420198
460.608849, 15.424973
461.218123, 15.429767
461.827396, 15.434521
462.435656, 15.439276
463.044930, 15.444030
463.653190, 15.448785
464.262463, 15.453539
464.871737, 15.458274
465.479997, 15.463009
466.089271, 15.467744
466.697530, 15.472459
467.306804, 15.477174
467.916078, 15.481889
468.524338, 15.486584
469.133611, 15.491300
469.741871, 15.495995
470.351145, 15.500671
470.960418, 15.505366
471.568678, 15.510042
472.177952, 15.514717
472.786212, 15.519373
473.395485, 15.524049
474.004759, 15.528705
474.613019, 15.533361
475.222293, 15.537997
475.830552, 15.542633
476.439826, 15.547269
477.049100, 15.551885
477.657360, 15.556522
478.266633, 15.561118
478.874893, 15.565735
479.484167, 15.570332
480.093440, 15.574948
480.701700, 15.579545
481.310974, 15.584141
481.919234, 15.588718
482.528508, 15.593295
483.137781, 15.597872
483.746041, 15.602430
484.355315, 15.606987
484.963575, 15.611544
485.572848, 15.616101
486.182122, 15.620639
486.790382, 15.625177
487.399655, 15.629714
488.007915, 15.634232
488.617189, 15.638769
489.226463, 15.643287
489.834722, 15.647805
490.443996, 15.652303
491.052256, 15.656801
491.661530, 15.661299
492.270803, 15.665797
492.879063, 15.670276
493.488337, 15.674754
494.096597, 15.679232
494.705870, 15.683691
495.315144, 15.688169
495.923404, 15.692628
496.532677, 15.697087
497.140937, 15.701525
497.750211, 15.705984
498.359485, 15.710423
498.967745, 15.714842
499.577018, 15.719281
500.185278, 15.723720
500.794552, 15.728119
501.403825, 15.732539
502.012085, 15.736938
502.621359, 15.741337
503.229619, 15.745737
503.838892, 15.750136
504.448166, 15.754516
505.056426, 15.758896
505.665700, 15.763275
506.273959, 15.767635
506.883233, 15.771995
