# y_plus_values_1, u_plus_values_1
1.552317, 1.552321
4.656956, 4.656964
7.761585, 6.271497
10.866219, 7.591570
13.970853, 8.911643
17.075487, 9.520028
20.180121, 9.430798
23.284755, 9.341592
26.389440, 9.247525
29.494074, 9.130704
32.598708, 9.013859
35.703342, 8.897037
38.807976, 8.904679
41.912610, 8.935172
45.017244, 8.965665
48.121878, 9.015261
51.226512, 9.082897
54.331094, 9.150533
57.435728, 9.221506
60.540362, 9.307181
63.644996, 9.392857
66.749630, 9.478508
69.854264, 9.571099
72.958898, 9.664851
76.063532, 9.758579
79.168166, 9.849792
82.272800, 9.938684
85.377434, 10.027600
88.482068, 10.114653
91.586702, 10.194090
94.691336, 10.273526
97.795970, 10.352963
100.900603, 10.425072
104.005237, 10.496045
107.109871, 10.566994
110.214505, 10.634146
113.319139, 10.697962
116.423773, 10.761801
119.528407, 10.824359
122.633041, 10.882080
125.737675, 10.939778
128.842309, 10.997499
131.946943, 11.050602
135.051577, 11.103028
138.156211, 11.155477
141.260845, 11.205437
144.365479, 11.253316
147.470113, 11.301220
150.574747, 11.348253
153.679381, 11.392167
156.784015, 11.436105
159.888649, 11.480019
162.993283, 11.520910
166.097916, 11.561390
169.202550, 11.601870
172.307184, 11.640681
175.411818, 11.678163
178.516452, 11.715668
181.621086, 11.752545
184.725720, 11.787415
187.830354, 11.822261
190.934988, 11.857131
194.039622, 11.889921
197.144256, 11.922469
200.248890, 11.955018
203.353524, 11.986405
206.458158, 12.016898
209.562792, 12.047391
212.667426, 12.077473
215.772060, 12.106177
218.876694, 12.134856
221.981328, 12.163560
225.085962, 12.190812
228.190596, 12.217896
231.295230, 12.244979
234.399863, 12.271240
237.504497, 12.296897
240.609131, 12.322530
243.713765, 12.347872
246.818399, 12.372223
249.923033, 12.396574
253.027667, 12.420924
256.132301, 12.444236
259.237452, 12.467426
262.342086, 12.490616
265.446720, 12.513201
268.551354, 12.535328
271.655988, 12.557478
274.760622, 12.579362
277.865256, 12.600545
280.969890, 12.621728
284.074524, 12.642887
287.179158, 12.663272
290.283792, 12.683585
293.388425, 12.703898
296.493059, 12.723726
299.597693, 12.743241
302.702327, 12.762756
305.806961, 12.782077
308.911595, 12.800842
312.016229, 12.819631
315.120863, 12.838420
318.225497, 12.856556
321.330131, 12.874668
324.434765, 12.892780
327.539399, 12.910529
330.644033, 12.928037
333.748667, 12.945520
336.853301, 12.962858
339.957935, 12.979785
343.062569, 12.996712
346.167203, 13.013640
349.271837, 13.030059
352.376471, 13.046430
355.481105, 13.062825
358.585738, 13.078906
361.690372, 13.094793
364.795006, 13.110680
367.899640, 13.126447
371.004274, 13.141850
374.108908, 13.157278
377.213542, 13.172682
380.318176, 13.187674
383.422810, 13.202667
386.527444, 13.217635
389.632078, 13.232338
392.736712, 13.246895
395.841346, 13.261477
398.945980, 13.275913
402.050614, 13.290059
405.155248, 13.304230
408.259882, 13.318400
411.364516, 13.332184
414.469150, 13.345991
417.573784, 13.359775
420.678418, 13.373341
423.783052, 13.386786
426.887685, 13.400231
429.992319, 13.413555
433.096953, 13.426661
436.201587, 13.439768
439.306221, 13.452850
442.410855, 13.465642
445.515489, 13.478434
448.620123, 13.491202
451.724757, 13.503800
454.829391, 13.516278
457.934025, 13.528756
461.038659, 13.541161
464.143293, 13.553349
467.247927, 13.565536
470.352561, 13.577699
473.457195, 13.589621
476.561829, 13.601542
479.666463, 13.613464
482.771097, 13.625216
485.875731, 13.636848
488.980365, 13.648503
492.084998, 13.660062
495.189632, 13.671451
498.294266, 13.682841
501.398900, 13.694255
504.503534, 13.705402
507.608168, 13.716550
510.712802, 13.727698
513.817436, 13.738700
516.922070, 13.749631
520.028772, 13.760561
523.130304, 13.771394
526.237006, 13.782106
529.338538, 13.792819
532.445240, 13.803507
535.551942, 13.814002
538.653474, 13.824473
541.760176, 13.834967
544.861708, 13.845317
547.968410, 13.855594
551.075111, 13.865872
554.176644, 13.876100
557.283345, 13.886184
560.384878, 13.896268
563.491579, 13.906351
566.598281, 13.916242
569.699813, 13.926156
572.806515, 13.936046
575.908048, 13.945816
579.014749, 13.955537
582.121451, 13.965234
585.222983, 13.974882
588.329685, 13.984434
591.431217, 13.993961
594.537919, 14.003513
597.644621, 14.012871
600.746153, 14.022230
603.852855, 14.031612
606.954387, 14.040850
610.061089, 14.050063
613.167790, 14.059252
616.269323, 14.068417
619.376024, 14.077460
622.477557, 14.086504
625.584258, 14.095548
628.690960, 14.104447
631.792493, 14.113346
634.899194, 14.122221
638.000727, 14.131023
641.107428, 14.139752
644.214130, 14.148506
647.315662, 14.157187
650.422364, 14.165796
653.523896, 14.174404
656.630598, 14.183013
659.737300, 14.191477
662.838832, 14.199940
665.945534, 14.208404
669.047066, 14.216771
672.153768, 14.225113
675.260469, 14.233432
678.362002, 14.241726
681.468703, 14.249924
684.570236, 14.258121
687.676938, 14.266319
690.783639, 14.274395
693.885172, 14.282472
696.991873, 14.290549
700.093406, 14.298553
703.200107, 14.306509
706.306809, 14.314464
709.408341, 14.322372
712.515043, 14.330206
715.616575, 14.338041
718.723277, 14.345876
721.829979, 14.353590
724.931511, 14.361304
728.038213, 14.369018
731.139745, 14.376659
734.246447, 14.384277
737.353148, 14.391894
740.454681, 14.399463
743.561383, 14.406959
746.662915, 14.414479
749.769617, 14.421976
752.876318, 14.429375
755.977851, 14.436751
759.084552, 14.444150
762.186085, 14.451477
765.292786, 14.458780
768.399488, 14.466059
771.501020, 14.473337
774.607722, 14.480519
777.709254, 14.487725
780.815956, 14.494907
783.922658, 14.501993
787.024190, 14.509102
790.130892, 14.516187
793.232424, 14.523224
796.339126, 14.530237
799.445828, 14.537225
802.547360, 14.544214
805.654062, 14.551105
808.755594, 14.558021
811.862296, 14.564937
814.968997, 14.571756
818.070530, 14.578576
821.177231, 14.585395
824.278764, 14.592142
827.385465, 14.598888
830.492167, 14.605635
833.593699, 14.612333
836.700401, 14.618983
839.801934, 14.625633
842.908635, 14.632283
846.015337, 14.638836
849.116869, 14.645389
852.223571, 14.651967
855.325103, 14.658472
858.431805, 14.664952
861.538507, 14.671433
864.640039, 14.677889
867.746741, 14.684298
870.848273, 14.690706
873.954975, 14.697114
877.061676, 14.703449
880.163209, 14.709761
883.269910, 14.716096
886.371443, 14.722359
889.478144, 14.728622
892.584846, 14.734885
895.686379, 14.741100
898.793080, 14.747291
901.894613, 14.753457
905.001314, 14.759647
908.108016, 14.765741
911.209548, 14.771859
914.316250, 14.777977
917.417782, 14.784022
920.524484, 14.790068
923.631186, 14.796089
926.732718, 14.802110
929.839420, 14.808083
932.940952, 14.814056
936.047654, 14.820029
939.154355, 14.825929
942.255888, 14.831829
945.362589, 14.837730
948.464122, 14.843582
951.570824, 14.849434
954.677525, 14.855261
957.779058, 14.861065
960.885759, 14.866844
963.987292, 14.872624
967.093993, 14.878379
970.200695, 14.884086
973.302227, 14.889793
976.408929, 14.895500
979.510461, 14.901158
982.617163, 14.906817
985.723865, 14.912475
988.825397, 14.918085
991.932099, 14.923671
995.033631, 14.929281
998.140333, 14.934843
1001.247034, 14.940381
1004.348567, 14.945894
1007.455269, 14.951432
1010.556801, 14.956921
1013.663503, 14.962386
1016.770204, 14.967851
1019.871737, 14.973292
1022.978438, 14.978708
1026.079971, 14.984125
1029.186672, 14.989542
1032.293374, 14.994886
1035.394906, 15.000254
1038.501608, 15.005598
1041.608310, 15.010918
1044.709842, 15.016214
1047.816544, 15.021510
1050.918076, 15.026806
1054.024778, 15.032053
1057.131479, 15.037300
1060.233012, 15.042548
1063.339714, 15.047747
1066.441246, 15.052946
1069.547948, 15.058145
1072.654649, 15.063296
1075.756182, 15.068422
1078.862883, 15.073573
1081.964416, 15.078699
1085.071117, 15.083778
1088.177819, 15.088880
1091.279351, 15.093982
1094.386053, 15.099012
1097.487585, 15.104066
1100.594287, 15.109120
1103.700989, 15.114125
1106.802521, 15.119107
1109.909223, 15.124112
1113.010755, 15.129070
1116.117457, 15.134027
1119.224159, 15.138960
1122.325691, 15.143917
1125.432393, 15.148802
1128.533925, 15.153711
1131.640627, 15.158620
1134.747328, 15.163480
1137.848861, 15.168316
1140.955562, 15.173177
1144.057095, 15.178013
1147.163796, 15.182825
1150.270498, 15.187637
1153.372030, 15.192425
1156.478732, 15.197189
1159.580265, 15.201953
1162.686966, 15.206717
1165.793668, 15.211456
1168.895200, 15.216172
1172.001902, 15.220887
1175.103434, 15.225578
1178.210136, 15.230270
1181.316838, 15.234937
1184.418370, 15.239604
1187.525072, 15.244247
1190.626604, 15.248889
1193.733306, 15.253532
1196.840007, 15.258127
1199.941540, 15.262721
1203.048241, 15.267316
1206.149774, 15.271910
1209.256475, 15.276456
1212.363177, 15.281003
1215.464710, 15.285549
1218.571411, 15.290047
1221.672944, 15.294568
1224.779645, 15.299066
1227.886347, 15.303564
1230.987879, 15.308038
1234.094581, 15.312511
1237.196113, 15.316961
1240.302815, 15.321410
1243.409517, 15.325835
1246.511049, 15.330261
1249.617751, 15.334662
1252.719283, 15.339063
1255.825985, 15.343464
1258.932686, 15.347816
1262.034219, 15.352169
1265.140920, 15.356522
1268.242453, 15.360874
1271.349155, 15.365203
1274.455856, 15.369531
1277.557389, 15.373836
1280.664090, 15.378140
1283.765623, 15.382420
1286.872324, 15.386700
1289.979026, 15.390956
1293.080558, 15.395188
1296.187260, 15.399444
1299.288792, 15.403676
1302.395494, 15.407908
1305.502196, 15.412115
1308.603728, 15.416323
1311.710430, 15.420506
1314.811962, 15.424690
1317.918664, 15.428873
1321.025365, 15.433032
1324.126898, 15.437167
1327.233600, 15.441327
1330.335132, 15.445437
1333.441834, 15.449548
1336.548535, 15.453659
1339.650068, 15.457770
1342.756769, 15.461833
1345.858302, 15.465919
1348.965003, 15.470006
1352.071705, 15.474068
1355.173237, 15.478107
1358.279939, 15.482169
1361.381471, 15.486183
1364.488173, 15.490222
1367.594875, 15.494236
1370.696407, 15.498226
1373.803109, 15.502216
1376.904641, 15.506206
1380.011343, 15.510196
1383.118045, 15.514137
1386.219577, 15.518103
1389.326279, 15.522045
1392.427811, 15.525986
1395.534513, 15.529904
1398.641214, 15.533821
1401.742747, 15.537739
1404.849448, 15.541632
1407.950981, 15.545525
1411.057682, 15.549418
1414.164384, 15.553287
1417.265916, 15.557132
1420.372618, 15.561001
1423.474151, 15.564846
1426.580852, 15.568691
1429.687554, 15.572512
1432.789086, 15.576332
1435.895788, 15.580153
1438.997320, 15.583950
1442.104022, 15.587746
1445.210724, 15.591543
1448.312256, 15.595315
1451.418958, 15.599087
1454.520490, 15.602835
1457.627192, 15.606584
1460.733893, 15.610332
1463.835426, 15.614080
1466.942127, 15.617804
1470.043660, 15.621504
1473.150361, 15.625228
1476.257063, 15.628927
1479.358596, 15.632627
1482.465297, 15.636327
1485.566830, 15.640003
1488.673531, 15.643654
1491.780233, 15.647305
1494.881765, 15.650957
1497.988467, 15.654608
1501.089999, 15.658235
1504.196701, 15.661887
1507.303403, 15.665490
1510.404935, 15.669117
1513.511637, 15.672720
1516.613169, 15.676323
1519.719871, 15.679902
1522.826572, 15.683481
1525.928105, 15.687060
1529.034806, 15.690615
1532.136339, 15.694194
1535.243041, 15.697748
1538.349742, 15.701279
1541.451275, 15.704809
1544.557976, 15.708340
1547.659509, 15.711870
1550.766210, 15.715377
1553.872912, 15.718883
1556.974444, 15.722389
1560.081146, 15.725871
1563.182678, 15.729378
1566.289380, 15.732860
1569.396082, 15.736318
1572.497614, 15.739776
1575.604316, 15.743234
1578.705848, 15.746668
1581.812550, 15.750101
1584.919251, 15.753535
1588.020784, 15.756969
1591.127486, 15.760379
1594.229018, 15.763788
1597.335720, 15.767198
1600.442421, 15.770583
1603.543954, 15.773993
1606.650655, 15.777378
1609.752188, 15.780739
1612.858889, 15.784101
1615.965591, 15.787462
1619.067123, 15.790823
1622.173825, 15.794160
1625.275358, 15.797497
1628.382059, 15.800834
1631.488761, 15.804171
1634.590293, 15.807508
1637.696995, 15.810821
1640.798527, 15.814134
1643.905229, 15.817423
1647.011931, 15.820712
1650.113463, 15.824000
1653.220165, 15.827289
1656.321697, 15.830554
1659.428399, 15.833842
1662.535100, 15.837083
1665.636633, 15.840347
1668.743334, 15.843587
1671.844867, 15.846828
1674.951568, 15.850068
1678.058270, 15.853284
1681.159803, 15.856525
1684.266504, 15.859741
1687.368037, 15.862933
1690.474738, 15.866149
1693.581440, 15.869341
1696.682972, 15.872533
1699.789674, 15.875701
1702.891206, 15.878893
1705.997908, 15.882060
1709.104610, 15.885204
1712.206142, 15.888372
1715.312844, 15.891515
1718.414376, 15.894659
1721.521078, 15.897803
1724.627779, 15.900946
1727.729312, 15.904066
1730.836013, 15.907185
1733.937546, 15.910304
1737.044248, 15.913400
1740.150949, 15.916495
1743.252482, 15.919590
1746.359183, 15.922685
1749.460716, 15.925781
1752.567417, 15.928852
1755.674119, 15.931923
1758.775651, 15.934994
1761.882353, 15.938041
1764.983885, 15.941112
1768.090587, 15.944159
1771.197289, 15.947206
1774.298821, 15.950252
1777.405523, 15.953275
1780.507055, 15.956298
1783.613757, 15.959321
1786.720458, 15.962343
1789.821991, 15.965342
1792.928692, 15.968340
1796.030225, 15.971339
1799.136927, 15.974313
1802.243628, 15.977312
1805.345161, 15.980286
1808.451862, 15.983260
1811.553395, 15.986235
1814.660096, 15.989185
1817.766798, 15.992159
1820.868330, 15.995109
1823.975032, 15.998059
1827.076564, 16.001010
1830.183266, 16.003936
1833.289968, 16.006862
1836.391500, 16.009788
1839.498202, 16.012713
1842.599734, 16.015615
1845.706436, 16.018517
1848.813137, 16.021419
1851.914670, 16.024321
1855.021372, 16.027222
1858.122904, 16.030100
1861.229606, 16.032978
1864.336307, 16.035855
1867.437840, 16.038709
1870.544541, 16.041586
1873.646074, 16.044440
1876.752775, 16.047293
1879.859477, 16.050147
1882.961009, 16.052976
1886.067711, 16.055829
1889.169244, 16.058659
1892.275945, 16.061488
1895.382647, 16.064317
1898.484179, 16.067146
1901.590881, 16.069927
1904.692413, 16.072732
1907.799115, 16.075537
1910.905817, 16.078342
1914.007349, 16.081147
1917.114051, 16.083928
1920.215583, 16.086709
1923.322285, 16.089490
1926.428986, 16.092247
1929.530519, 16.095028
1932.637220, 16.097784
1935.738753, 16.100517
1938.845454, 16.103274
1941.952156, 16.106030
1945.053689, 16.108763
1948.160390, 16.111519
1951.261923, 16.114252
1954.368624, 16.116960
1957.475326, 16.119693
1960.576858, 16.122401
1963.683560, 16.125110
1966.785092, 16.127818
1969.891794, 16.130526
1972.998496, 16.133210
1976.100028, 16.135919
1979.206730, 16.138603
1982.308262, 16.141287
1985.414964, 16.143947
1988.521665, 16.146631
1991.623198, 16.149291
1994.729899, 16.151975
1997.831432, 16.154635
2000.938134, 16.157295
2004.044835, 16.159931
2007.146368, 16.162567
2010.253069, 16.165227
2013.354602, 16.167863
2016.461303, 16.170474
2019.568005, 16.173110
2022.669537, 16.175722
2025.776239, 16.178357
2028.877771, 16.180969
2031.984473, 16.183581
2035.091175, 16.186168
2038.192707, 16.188780
2041.299409, 16.191367
2044.400941, 16.193955
2047.507643, 16.196542
2050.614344, 16.199105
2053.715877, 16.201693
2056.822579, 16.204256
2059.924111, 16.206819
2063.030813, 16.209382
2066.137514, 16.211946
2069.239047, 16.214485
2072.345748, 16.217048
2075.452450, 16.219587
2078.553982, 16.222126
2081.660684, 16.224665
2084.762216, 16.227204
2087.868918, 16.229719
2090.975620, 16.232258
2094.077152, 16.234773
2097.183854, 16.237288
2100.285386, 16.239779
2103.392088, 16.242294
2106.498789, 16.244784
2109.600322, 16.247299
2112.707024, 16.249790
2115.808556, 16.252281
2118.915258, 16.254747
2122.021959, 16.257238
2125.123492, 16.259704
2128.230193, 16.262171
2131.331726, 16.264637
2134.438427, 16.267104
2137.545129, 16.269570
2140.646661, 16.272013
2143.753363, 16.274479
2146.854895, 16.276922
2149.961597, 16.279340
2153.068299, 16.281782
2156.169831, 16.284224
2159.276533, 16.286643
2162.378065, 16.289061
2165.484767, 16.291479
2168.591469, 16.293897
2171.693001, 16.296315
2174.799703, 16.298733
2177.901235, 16.301127
2181.007937, 16.303521
2184.114638, 16.305915
2187.216171, 16.308309
2190.322872, 16.310703
2193.424405, 16.313097
2196.531106, 16.315491
2199.637808, 16.317861
2202.739340, 16.320231
2205.846042, 16.322576
2208.947575, 16.324946
2212.054276, 16.327316
2215.160978, 16.329662
2218.262510, 16.332031
2221.369212, 16.334353
2224.470744, 16.336698
2227.577446, 16.339044
2230.684148, 16.341366
2233.785680, 16.343711
2236.892382, 16.346033
2239.993914, 16.348354
2243.100616, 16.350675
2246.207317, 16.353021
2249.308850, 16.355318
2252.415551, 16.357640
2255.517084, 16.359937
2258.623785, 16.362234
2261.730487, 16.364532
2264.832020, 16.366829
2267.938721, 16.369126
2271.040254, 16.371399
2274.146955, 16.373696
2277.253657, 16.375969
2280.355189, 16.378242
2283.461891, 16.380516
2286.563423, 16.382764
2289.670125, 16.385037
2292.776827, 16.387286
2295.878359, 16.389535
2298.985061, 16.391784
2302.086593, 16.394033
2305.193295, 16.396282
2308.299996, 16.398531
2311.401529, 16.400780
2314.508230, 16.403004
2317.609763, 16.405229
2320.716465, 16.407454
2323.823166, 16.409679
2326.924699, 16.411879
2330.031400, 16.414104
2333.132933, 16.416304
2336.239634, 16.418529
2339.346336, 16.420730
2342.447868, 16.422930
2345.554570, 16.425131
2348.656102, 16.427331
2351.762804, 16.429507
2354.869506, 16.431684
2357.971038, 16.433860
2361.077740, 16.436061
2364.179272, 16.438213
2367.285974, 16.440389
2370.392675, 16.442566
2373.494208, 16.444742
2376.600910, 16.446894
2379.702442, 16.449046
2382.809144, 16.451198
2385.915845, 16.453350
2389.017378, 16.455478
2392.124079, 16.457631
2395.225612, 16.459759
2398.332313, 16.461911
2401.439015, 16.464039
2404.540547, 16.466167
2407.647249, 16.468295
2410.748781, 16.470399
2413.855483, 16.472527
2416.962185, 16.474654
2420.063717, 16.476758
2423.170419, 16.478862
2426.271951, 16.480966
2429.378653, 16.483070
2432.485355, 16.485173
2435.586887, 16.487277
2438.693589, 16.489357
2441.795121, 16.491437
2444.901823, 16.493516
2448.008524, 16.495596
2451.110057, 16.497675
2454.216758, 16.499755
2457.318291, 16.501810
2460.424992, 16.503890
2463.531694, 16.505945
2466.633226, 16.508001
2469.739928, 16.510056
2472.841461, 16.512112
2475.948162, 16.514167
2479.054864, 16.516223
2482.156396, 16.518254
2485.263098, 16.520309
2488.364630, 16.522341
2491.471332, 16.524372
2494.578034, 16.526403
2497.679566, 16.528434
2500.786268, 16.530441
2503.887800, 16.532473
2506.994502, 16.534504
2510.101203, 16.536511
2513.202736, 16.538518
2516.309437, 16.540525
2519.410970, 16.542508
2522.517671, 16.544515
2525.624373, 16.546522
2528.725906, 16.548529
2531.832607, 16.550512
2534.934140, 16.552495
2538.040841, 16.554478
2541.147543, 16.556461
2544.249075, 16.558444
2547.355777, 16.560427
2550.457309, 16.562385
2553.564011, 16.564344
2556.670713, 16.566303
2559.772245, 16.568261
2562.878947, 16.570220
2565.980479, 16.572203
2569.087181, 16.574162
2572.193882, 16.576096
2575.295415, 16.578055
2578.402116, 16.579990
2581.503649, 16.581924
2584.610351, 16.583859
