0.0003003 	0.0149565 	3.87997e-19 	0
0.000900901 	0.0448694 	1.16399e-18 	0
0.0015015 	0.0746893 	2.08505e-18 	0
0.0021021 	0.104491 	3.03478e-18 	0
0.0027027 	0.134292 	3.98451e-18 	0
0.0033033 	0.163716 	4.36075e-18 	0
0.0039039 	0.19277 	4.17486e-18 	0
0.0045045 	0.221824 	3.98896e-18 	0
0.00510511 	0.250337 	3.8292e-18 	0
0.00570571 	0.2763 	3.79261e-18 	0
0.00630631 	0.302262 	3.75603e-18 	0
0.00690691 	0.328225 	3.71944e-18 	0
0.00750751 	0.34982 	3.69893e-18 	0
0.00810811 	0.370614 	3.68137e-18 	0
0.00870871 	0.391408 	3.66382e-18 	0
0.00930931 	0.409767 	3.65604e-18 	0
0.00990991 	0.425832 	3.65747e-18 	0
0.0105105 	0.441897 	3.6589e-18 	0
0.0111111 	0.457335 	3.66085e-18 	0
0.0117117 	0.470009 	3.66513e-18 	0
0.0123123 	0.482683 	3.6694e-18 	0
0.0129129 	0.495357 	3.67368e-18 	0
0.0135135 	0.50598 	3.69708e-18 	0
0.0141141 	0.516255 	3.72372e-18 	0
0.0147147 	0.52653 	3.75036e-18 	0
0.0153153 	0.535883 	3.77227e-18 	0
0.0159159 	0.544402 	3.78989e-18 	0
0.0165165 	0.552921 	3.80751e-18 	0
0.0171171 	0.561183 	3.82105e-18 	0
0.0177177 	0.568388 	3.81778e-18 	0
0.0183183 	0.575594 	3.81451e-18 	0
0.0189189 	0.582799 	3.81124e-18 	0
0.0195195 	0.589137 	3.83139e-18 	0
0.0201201 	0.59534 	3.8552e-18 	0
0.0207207 	0.601543 	3.87901e-18 	0
0.0213213 	0.607328 	3.9044e-18 	0
0.0219219 	0.612751 	3.93117e-18 	0
0.0225225 	0.618173 	3.95794e-18 	0
0.0231231 	0.62347 	3.97951e-18 	0
0.0237237 	0.62828 	3.98091e-18 	0
0.0243243 	0.633091 	3.98231e-18 	0
0.0249249 	0.637901 	3.98371e-18 	0
0.0255255 	0.642285 	3.97799e-18 	0
0.0261261 	0.646609 	3.97126e-18 	0
0.0267267 	0.650933 	3.96452e-18 	0
0.0273273 	0.65504 	3.94706e-18 	0
0.0279279 	0.658966 	3.92065e-18 	0
0.0285285 	0.662892 	3.89423e-18 	0
0.0291291 	0.666746 	3.86835e-18 	0
0.0297297 	0.670339 	3.84442e-18 	0
0.0303303 	0.673932 	3.82049e-18 	0
0.0309309 	0.677525 	3.79656e-18 	0
0.0315315 	0.680868 	3.8001e-18 	0
0.0321321 	0.684178 	3.80721e-18 	0
0.0327327 	0.687488 	3.81433e-18 	0
0.0333333 	0.690663 	3.82541e-18 	0
0.0339339 	0.693731 	3.83968e-18 	0
0.0345345 	0.696798 	3.85395e-18 	0
0.0351351 	0.699818 	3.86687e-18 	0
0.0357357 	0.702675 	3.87511e-18 	0
0.0363363 	0.705532 	3.88336e-18 	0
0.0369369 	0.708389 	3.8916e-18 	0
0.0375375 	0.711081 	3.89711e-18 	0
0.0381381 	0.713754 	3.9023e-18 	0
0.0387387 	0.716427 	3.90749e-18 	0
0.0393393 	0.719009 	3.91156e-18 	0
0.0399399 	0.721519 	3.91477e-18 	0
0.0405405 	0.72403 	3.91798e-18 	0
0.0411411 	0.726507 	3.9209e-18 	0
0.0417417 	0.728875 	3.92285e-18 	0
0.0423423 	0.731242 	3.9248e-18 	0
0.0429429 	0.733609 	3.92675e-18 	0
0.0435435 	0.73586 	3.928e-18 	0
0.0441441 	0.738098 	3.92918e-18 	0
0.0447447 	0.740337 	3.93035e-18 	0
0.0453453 	0.742509 	3.93126e-18 	0
0.0459459 	0.744632 	3.93197e-18 	0
0.0465465 	0.746755 	3.93267e-18 	0
0.0471471 	0.748853 	3.93332e-18 	0
0.0477477 	0.750872 	3.93377e-18 	0
0.0483483 	0.75289 	3.93423e-18 	0
0.0489489 	0.754909 	3.93468e-18 	0
0.0495495 	0.756842 	3.93501e-18 	0
0.0501502 	0.758766 	3.93534e-18 	0
0.0507508 	0.76069 	3.93566e-18 	0
0.0513514 	0.762564 	3.93595e-18 	0
0.051952 	0.764403 	3.93621e-18 	0
0.0525526 	0.766241 	3.93648e-18 	0
0.0531532 	0.76806 	3.93675e-18 	0
0.0537538 	0.769819 	3.93701e-18 	0
0.0543544 	0.771579 	3.93728e-18 	0
0.054955 	0.773339 	3.93754e-18 	0
0.0555556 	0.775032 	3.93782e-18 	0
0.0561562 	0.776719 	3.9381e-18 	0
0.0567568 	0.778407 	3.93838e-18 	0
0.0573574 	0.780055 	3.93867e-18 	0
0.057958 	0.781676 	3.93898e-18 	0
0.0585586 	0.783297 	3.93928e-18 	0
0.0591592 	0.784901 	3.9396e-18 	0
0.0597598 	0.786461 	3.93994e-18 	0
0.0603604 	0.78802 	3.94027e-18 	0
0.060961 	0.78958 	3.94061e-18 	0
0.0615616 	0.791086 	3.94097e-18 	0
0.0621622 	0.792588 	3.94133e-18 	0
0.0627628 	0.794091 	3.94169e-18 	0
0.0633634 	0.795561 	3.94206e-18 	0
0.063964 	0.797011 	3.94244e-18 	0
0.0645646 	0.798461 	3.94282e-18 	0
0.0651652 	0.799897 	3.9432e-18 	0
0.0657658 	0.801297 	3.94359e-18 	0
0.0663664 	0.802698 	3.94398e-18 	0
0.066967 	0.804098 	3.94437e-18 	0
0.0675676 	0.805455 	3.94476e-18 	0
0.0681682 	0.806809 	3.94516e-18 	0
0.0687688 	0.808164 	3.94555e-18 	0
0.0693694 	0.809491 	3.94594e-18 	0
0.06997 	0.810802 	3.94633e-18 	0
0.0705706 	0.812114 	3.94672e-18 	0
0.0711712 	0.813413 	3.94711e-18 	0
0.0717718 	0.814684 	3.94749e-18 	0
0.0723724 	0.815956 	3.94787e-18 	0
0.072973 	0.817227 	3.94825e-18 	0
0.0735736 	0.818462 	3.94862e-18 	0
0.0741742 	0.819695 	3.94898e-18 	0
0.0747748 	0.820928 	3.94934e-18 	0
0.0753754 	0.822138 	3.9497e-18 	0
0.075976 	0.823336 	3.95004e-18 	0
0.0765766 	0.824533 	3.95039e-18 	0
0.0771772 	0.82572 	3.95073e-18 	0
0.0777778 	0.826884 	3.95105e-18 	0
0.0783784 	0.828048 	3.95137e-18 	0
0.078979 	0.829211 	3.9517e-18 	0
0.0795796 	0.830344 	3.95199e-18 	0
0.0801802 	0.831476 	3.95229e-18 	0
0.0807808 	0.832608 	3.95258e-18 	0
0.0813814 	0.833721 	3.95286e-18 	0
0.081982 	0.834822 	3.95313e-18 	0
0.0825826 	0.835924 	3.9534e-18 	0
0.0831832 	0.837017 	3.95366e-18 	0
0.0837838 	0.838091 	3.9539e-18 	0
0.0843844 	0.839165 	3.95414e-18 	0
0.084985 	0.840238 	3.95438e-18 	0
0.0855856 	0.841285 	3.9546e-18 	0
0.0861862 	0.842331 	3.95481e-18 	0
0.0867868 	0.843378 	3.95502e-18 	0
0.0873874 	0.844407 	3.95522e-18 	0
0.087988 	0.845428 	3.9554e-18 	0
0.0885886 	0.846449 	3.95558e-18 	0
0.0891892 	0.847462 	3.95576e-18 	0
0.0897898 	0.848458 	3.95591e-18 	0
0.0903904 	0.849455 	3.95606e-18 	0
0.090991 	0.850451 	3.95622e-18 	0
0.0915916 	0.851424 	3.95635e-18 	0
0.0921922 	0.852397 	3.95648e-18 	0
0.0927928 	0.85337 	3.95661e-18 	0
0.0933934 	0.854329 	3.95671e-18 	0
0.093994 	0.85528 	3.95681e-18 	0
0.0945946 	0.856231 	3.95691e-18 	0
0.0951952 	0.857175 	3.957e-18 	0
0.0957958 	0.858105 	3.95708e-18 	0
0.0963964 	0.859035 	3.95715e-18 	0
0.096997 	0.859964 	3.95723e-18 	0
0.0975976 	0.860874 	3.95728e-18 	0
0.0981982 	0.861784 	3.95733e-18 	0
0.0987988 	0.862693 	3.95738e-18 	0
0.0993994 	0.86359 	3.95742e-18 	0
0.1 	0.86448 	3.95745e-18 	0
0.100601 	0.86537 	3.95747e-18 	0
0.101201 	0.866254 	3.95749e-18 	0
0.101802 	0.867126 	3.9575e-18 	0
0.102402 	0.867998 	3.9575e-18 	0
0.103003 	0.868869 	3.95751e-18 	0
0.103604 	0.869723 	3.95749e-18 	0
0.104204 	0.870577 	3.95748e-18 	0
0.104805 	0.871431 	3.95746e-18 	0
0.105405 	0.872274 	3.95744e-18 	0
0.106006 	0.873111 	3.9574e-18 	0
0.106607 	0.873948 	3.95736e-18 	0
0.107207 	0.874779 	3.95732e-18 	0
0.107808 	0.8756 	3.95727e-18 	0
0.108408 	0.876421 	3.95721e-18 	0
0.109009 	0.877241 	3.95716e-18 	0
0.10961 	0.878046 	3.95709e-18 	0
0.11021 	0.878851 	3.95701e-18 	0
0.110811 	0.879656 	3.95694e-18 	0
0.111411 	0.880451 	3.95686e-18 	0
0.112012 	0.881241 	3.95677e-18 	0
0.112613 	0.882031 	3.95669e-18 	0
0.113213 	0.882816 	3.95659e-18 	0
0.113814 	0.883592 	3.95649e-18 	0
0.114414 	0.884367 	3.95638e-18 	0
0.115015 	0.885142 	3.95628e-18 	0
0.115616 	0.885904 	3.95616e-18 	0
0.116216 	0.886665 	3.95604e-18 	0
0.116817 	0.887427 	3.95593e-18 	0
0.117417 	0.888179 	3.9558e-18 	0
0.118018 	0.888927 	3.95567e-18 	0
0.118619 	0.889675 	3.95553e-18 	0
0.119219 	0.890418 	3.9554e-18 	0
0.11982 	0.891153 	3.95525e-18 	0
0.12042 	0.891888 	3.9551e-18 	0
0.121021 	0.892622 	3.95495e-18 	0
0.121622 	0.893345 	3.9548e-18 	0
0.122222 	0.894068 	3.95464e-18 	0
0.122823 	0.894791 	3.95449e-18 	0
0.123423 	0.895505 	3.95432e-18 	0
0.124024 	0.896215 	3.95415e-18 	0
0.124625 	0.896926 	3.95399e-18 	0
0.125225 	0.897632 	3.95381e-18 	0
0.125826 	0.898331 	3.95363e-18 	0
0.126426 	0.89903 	3.95345e-18 	0
0.127027 	0.899728 	3.95327e-18 	0
0.127628 	0.900415 	3.95308e-18 	0
0.128228 	0.901103 	3.95289e-18 	0
0.128829 	0.90179 	3.9527e-18 	0
0.129429 	0.90247 	3.95251e-18 	0
0.13003 	0.903146 	3.95231e-18 	0
0.130631 	0.903823 	3.95211e-18 	0
0.131231 	0.904495 	3.95191e-18 	0
0.131832 	0.905162 	3.95171e-18 	0
0.132432 	0.905828 	3.9515e-18 	0
0.133033 	0.906493 	3.9513e-18 	0
0.133634 	0.907149 	3.95109e-18 	0
0.134234 	0.907805 	3.95087e-18 	0
0.134835 	0.908461 	3.95066e-18 	0
0.135435 	0.909109 	3.95044e-18 	0
0.136036 	0.909755 	3.95022e-18 	0
0.136637 	0.910401 	3.94999e-18 	0
0.137237 	0.911043 	3.94977e-18 	0
0.137838 	0.91168 	3.94955e-18 	0
0.138438 	0.912316 	3.94932e-18 	0
0.139039 	0.912952 	3.94909e-18 	0
0.13964 	0.913579 	3.94886e-18 	0
0.14024 	0.914206 	3.94863e-18 	0
0.140841 	0.914833 	3.9484e-18 	0
0.141441 	0.915453 	3.94817e-18 	0
0.142042 	0.916071 	3.94793e-18 	0
0.142643 	0.916689 	3.94769e-18 	0
0.143243 	0.917304 	3.94745e-18 	0
0.143844 	0.917913 	3.94721e-18 	0
0.144444 	0.918522 	3.94697e-18 	0
0.145045 	0.919131 	3.94673e-18 	0
0.145646 	0.919732 	3.94649e-18 	0
0.146246 	0.920332 	3.94625e-18 	0
0.146847 	0.920933 	3.946e-18 	0
0.147447 	0.921527 	3.94576e-18 	0
0.148048 	0.92212 	3.94552e-18 	0
0.148649 	0.922712 	3.94527e-18 	0
0.149249 	0.923302 	3.94503e-18 	0
0.14985 	0.923886 	3.94478e-18 	0
0.15045 	0.92447 	3.94454e-18 	0
0.151051 	0.925054 	3.94429e-18 	0
0.151652 	0.925631 	3.94404e-18 	0
0.152252 	0.926207 	3.9438e-18 	0
0.152853 	0.926784 	3.94355e-18 	0
0.153453 	0.927355 	3.9433e-18 	0
0.154054 	0.927924 	3.94305e-18 	0
0.154655 	0.928493 	3.9428e-18 	0
0.155255 	0.929059 	3.94256e-18 	0
0.155856 	0.929621 	3.94231e-18 	0
0.156456 	0.930183 	3.94206e-18 	0
0.157057 	0.930744 	3.94182e-18 	0
0.157658 	0.931298 	3.94157e-18 	0
0.158258 	0.931852 	3.94133e-18 	0
0.158859 	0.932407 	3.94109e-18 	0
0.159459 	0.932956 	3.94084e-18 	0
0.16006 	0.933503 	3.9406e-18 	0
0.160661 	0.934051 	3.94036e-18 	0
0.161261 	0.934595 	3.94012e-18 	0
0.161862 	0.935136 	3.93988e-18 	0
0.162462 	0.935677 	3.93964e-18 	0
0.163063 	0.936217 	3.9394e-18 	0
0.163664 	0.936751 	3.93916e-18 	0
0.164264 	0.937285 	3.93893e-18 	0
0.164865 	0.937819 	3.93869e-18 	0
0.165465 	0.938348 	3.93846e-18 	0
0.166066 	0.938876 	3.93822e-18 	0
0.166667 	0.939403 	3.93799e-18 	0
0.167267 	0.939928 	3.93776e-18 	0
0.167868 	0.940449 	3.93753e-18 	0
0.168468 	0.94097 	3.9373e-18 	0
0.169069 	0.94149 	3.93707e-18 	0
0.16967 	0.942006 	3.93685e-18 	0
0.17027 	0.942521 	3.93662e-18 	0
0.170871 	0.943036 	3.9364e-18 	0
0.171471 	0.943547 	3.93618e-18 	0
0.172072 	0.944056 	3.93596e-18 	0
0.172673 	0.944565 	3.93574e-18 	0
0.173273 	0.945071 	3.93552e-18 	0
0.173874 	0.945574 	3.93531e-18 	0
0.174474 	0.946078 	3.9351e-18 	0
0.175075 	0.94658 	3.93488e-18 	0
0.175676 	0.947078 	3.93467e-18 	0
0.176276 	0.947575 	3.93446e-18 	0
0.176877 	0.948073 	3.93425e-18 	0
0.177477 	0.948566 	3.93405e-18 	0
0.178078 	0.949058 	3.93384e-18 	0
0.178679 	0.94955 	3.93364e-18 	0
0.179279 	0.950039 	3.93344e-18 	0
0.17988 	0.950526 	3.93324e-18 	0
0.18048 	0.951012 	3.93304e-18 	0
0.181081 	0.951498 	3.93284e-18 	0
0.181682 	0.95198 	3.93265e-18 	0
0.182282 	0.952461 	3.93246e-18 	0
0.182883 	0.952943 	3.93227e-18 	0
0.183483 	0.953421 	3.93208e-18 	0
0.184084 	0.953897 	3.93189e-18 	0
0.184685 	0.954374 	3.93171e-18 	0
0.185285 	0.954848 	3.93152e-18 	0
0.185886 	0.95532 	3.93134e-18 	0
0.186486 	0.955792 	3.93116e-18 	0
0.187087 	0.956263 	3.93097e-18 	0
0.187688 	0.95673 	3.9308e-18 	0
0.188288 	0.957198 	3.93062e-18 	0
0.188889 	0.957666 	3.93044e-18 	0
0.189489 	0.958129 	3.93027e-18 	0
0.19009 	0.958592 	3.93009e-18 	0
0.190691 	0.959056 	3.92992e-18 	0
0.191291 	0.959517 	3.92975e-18 	0
0.191892 	0.959975 	3.92958e-18 	0
0.192492 	0.960434 	3.9294e-18 	0
0.193093 	0.960892 	3.92923e-18 	0
0.193694 	0.961347 	3.92907e-18 	0
0.194294 	0.961801 	3.9289e-18 	0
0.194895 	0.962255 	3.92874e-18 	0
0.195495 	0.962707 	3.92858e-18 	0
0.196096 	0.963157 	3.92842e-18 	0
0.196697 	0.963608 	3.92826e-18 	0
0.197297 	0.964056 	3.9281e-18 	0
0.197898 	0.964502 	3.92795e-18 	0
0.198498 	0.964948 	3.92779e-18 	0
0.199099 	0.965394 	3.92764e-18 	0
0.1997 	0.965836 	3.92749e-18 	0
0.2003 	0.966278 	3.92734e-18 	0
0.200901 	0.96672 	3.92719e-18 	0
0.201502 	0.967159 	3.92705e-18 	0
0.202102 	0.967597 	3.92691e-18 	0
0.202703 	0.968035 	3.92676e-18 	0
0.203303 	0.968471 	3.92662e-18 	0
0.203904 	0.968906 	3.92649e-18 	0
0.204505 	0.96934 	3.92636e-18 	0
0.205105 	0.969773 	3.92623e-18 	0
0.205706 	0.970204 	3.92611e-18 	0
0.206306 	0.970634 	3.92598e-18 	0
0.206907 	0.971064 	3.92586e-18 	0
0.207508 	0.971492 	3.92575e-18 	0
0.208108 	0.971918 	3.92564e-18 	0
0.208709 	0.972345 	3.92553e-18 	0
0.209309 	0.97277 	3.92543e-18 	0
0.20991 	0.973192 	3.92534e-18 	0
0.210511 	0.973615 	3.92525e-18 	0
0.211111 	0.974037 	3.92516e-18 	0
0.211712 	0.974455 	3.92509e-18 	0
0.212312 	0.974874 	3.92502e-18 	0
0.212913 	0.975293 	3.92495e-18 	0
0.213514 	0.975709 	3.9249e-18 	0
0.214114 	0.976124 	3.92485e-18 	0
0.214715 	0.97654 	3.9248e-18 	0
0.215315 	0.976953 	3.92477e-18 	0
0.215916 	0.977364 	3.92475e-18 	0
0.216517 	0.977776 	3.92473e-18 	0
0.217117 	0.978187 	3.92471e-18 	0
0.217718 	0.978594 	3.92472e-18 	0
0.218318 	0.979002 	3.92473e-18 	0
0.218919 	0.97941 	3.92474e-18 	0
0.21952 	0.979815 	3.92478e-18 	0
0.22012 	0.980219 	3.92482e-18 	0
0.220721 	0.980623 	3.92487e-18 	0
0.221321 	0.981025 	3.92493e-18 	0
0.221922 	0.981426 	3.92501e-18 	0
0.222523 	0.981827 	3.92508e-18 	0
0.223123 	0.982227 	3.92516e-18 	0
0.223724 	0.982624 	3.92527e-18 	0
0.224324 	0.983021 	3.92538e-18 	0
0.224925 	0.983418 	3.92549e-18 	0
0.225526 	0.983812 	3.92562e-18 	0
0.226126 	0.984206 	3.92575e-18 	0
0.226727 	0.9846 	3.92588e-18 	0
0.227327 	0.984992 	3.92602e-18 	0
0.227928 	0.985382 	3.92616e-18 	0
0.228529 	0.985773 	3.92631e-18 	0
0.229129 	0.986162 	3.92645e-18 	0
0.22973 	0.986549 	3.92658e-18 	0
0.23033 	0.986936 	3.92672e-18 	0
0.230931 	0.987323 	3.92685e-18 	0
0.231532 	0.987706 	3.92696e-18 	0
0.232132 	0.98809 	3.92706e-18 	0
0.232733 	0.988473 	3.92716e-18 	0
0.233333 	0.988855 	3.92721e-18 	0
0.233934 	0.989235 	3.92723e-18 	0
0.234535 	0.989615 	3.92725e-18 	0
0.235135 	0.989995 	3.92723e-18 	0
0.235736 	0.990372 	3.92712e-18 	0
0.236336 	0.990749 	3.927e-18 	0
0.236937 	0.991125 	3.92688e-18 	0
0.237538 	0.991499 	3.92657e-18 	0
0.238138 	0.991873 	3.92624e-18 	0
0.238739 	0.992246 	3.92591e-18 	0
0.239339 	0.992618 	3.92541e-18 	0
0.23994 	0.992988 	3.92476e-18 	0
0.240541 	0.993359 	3.92412e-18 	0
0.241141 	0.993728 	3.92338e-18 	0
0.241742 	0.994096 	3.9223e-18 	0
0.242342 	0.994463 	3.92123e-18 	0
0.242943 	0.99483 	3.92015e-18 	0
0.243544 	0.995194 	3.91864e-18 	0
0.244144 	0.995558 	3.91709e-18 	0
0.244745 	0.995922 	3.91553e-18 	0
0.245345 	0.996285 	3.91359e-18 	0
0.245946 	0.996646 	3.91137e-18 	0
0.246547 	0.997006 	3.90916e-18 	0
0.247147 	0.997367 	3.90674e-18 	0
0.247748 	0.997725 	3.90374e-18 	0
0.248348 	0.998083 	3.90074e-18 	0
0.248949 	0.998441 	3.89774e-18 	0
0.24955 	0.998796 	3.89379e-18 	0
0.25015 	0.99915 	3.88975e-18 	0
0.250751 	0.999505 	3.88571e-18 	0
0.251351 	0.999857 	3.88097e-18 	0
0.251952 	1.00021 	3.87572e-18 	0
0.252553 	1.00056 	3.87046e-18 	0
0.253153 	1.00091 	3.86482e-18 	0
0.253754 	1.00126 	3.85802e-18 	0
0.254354 	1.00161 	3.85123e-18 	0
0.254955 	1.00196 	3.84443e-18 	0
0.255556 	1.00231 	3.83596e-18 	0
0.256156 	1.00265 	3.82736e-18 	0
0.256757 	1.003 	3.81876e-18 	0
0.257357 	1.00334 	3.8089e-18 	0
0.257958 	1.00369 	3.79818e-18 	0
0.258559 	1.00403 	3.78746e-18 	0
0.259159 	1.00437 	3.77611e-18 	0
0.25976 	1.00471 	3.76303e-18 	0
0.26036 	1.00506 	3.74995e-18 	0
0.260961 	1.0054 	3.73687e-18 	0
0.261562 	1.00573 	3.72122e-18 	0
0.262162 	1.00607 	3.70539e-18 	0
0.262763 	1.00641 	3.68955e-18 	0
0.263363 	1.00674 	3.67188e-18 	0
0.263964 	1.00708 	3.653e-18 	0
0.264565 	1.00742 	3.63413e-18 	0
0.265165 	1.00775 	3.6143e-18 	0
0.265766 	1.00809 	3.59197e-18 	0
0.266366 	1.00842 	3.56965e-18 	0
0.266967 	1.00875 	3.54732e-18 	0
0.267568 	1.00908 	3.52133e-18 	0
0.268168 	1.00941 	3.49512e-18 	0
0.268769 	1.00974 	3.46892e-18 	0
0.269369 	1.01007 	3.44007e-18 	0
0.26997 	1.0104 	3.40957e-18 	0
0.270571 	1.01073 	3.37908e-18 	0
0.271171 	1.01106 	3.34723e-18 	0
0.271772 	1.01139 	3.31201e-18 	0
0.272372 	1.01171 	3.27678e-18 	0
0.272973 	1.01204 	3.24156e-18 	0
0.273574 	1.01236 	3.23997e-18 	0
0.274174 	1.01268 	3.23998e-18 	0
0.274775 	1.01301 	3.23998e-18 	0
0.275375 	1.01333 	3.26339e-18 	0
0.275976 	1.01365 	3.30085e-18 	0
0.276577 	1.01397 	3.3383e-18 	0
0.277177 	1.01429 	3.37832e-18 	0
0.277778 	1.01462 	3.42444e-18 	0
0.278378 	1.01494 	3.47057e-18 	0
0.278979 	1.01526 	3.5167e-18 	0
0.27958 	1.01558 	3.47516e-18 	0
0.28018 	1.0159 	3.43045e-18 	0
0.280781 	1.01621 	3.38573e-18 	0
0.281381 	1.01653 	3.31687e-18 	0
0.281982 	1.01685 	3.23412e-18 	0
0.282583 	1.01716 	3.15138e-18 	0
0.283183 	1.01748 	3.08534e-18 	0
0.283784 	1.01779 	3.05737e-18 	0
0.284384 	1.0181 	3.0294e-18 	0
0.284985 	1.01841 	3.00143e-18 	0
0.285586 	1.01872 	2.97003e-18 	0
0.286186 	1.01904 	2.93855e-18 	0
0.286787 	1.01935 	2.90707e-18 	0
0.287387 	1.01966 	2.87874e-18 	0
0.287988 	1.01997 	2.85215e-18 	0
0.288589 	1.02028 	2.82556e-18 	0
0.289189 	1.02059 	2.80017e-18 	0
0.28979 	1.0209 	2.77738e-18 	0
0.29039 	1.02121 	2.75459e-18 	0
0.290991 	1.02152 	2.7318e-18 	0
0.291592 	1.02182 	2.71221e-18 	0
0.292192 	1.02212 	2.69267e-18 	0
0.292793 	1.02243 	2.67313e-18 	0
0.293393 	1.02273 	2.65546e-18 	0
0.293994 	1.02304 	2.63878e-18 	0
0.294595 	1.02334 	2.6221e-18 	0
0.295195 	1.02365 	2.60619e-18 	0
0.295796 	1.02395 	2.5919e-18 	0
0.296396 	1.02425 	2.57761e-18 	0
0.296997 	1.02455 	2.56331e-18 	0
0.297598 	1.02485 	2.55114e-18 	0
0.298198 	1.02515 	2.53897e-18 	0
0.298799 	1.02545 	2.52681e-18 	0
0.299399 	1.02575 	2.51583e-18 	0
0.3 	1.02604 	2.50546e-18 	0
0.300601 	1.02634 	2.49509e-18 	0
0.301201 	1.02664 	2.48521e-18 	0
0.301802 	1.02694 	2.47631e-18 	0
0.302402 	1.02723 	2.46741e-18 	0
0.303003 	1.02753 	2.45852e-18 	0
0.303604 	1.02783 	2.4508e-18 	0
0.304204 	1.02812 	2.44309e-18 	0
0.304805 	1.02841 	2.43537e-18 	0
0.305405 	1.02871 	2.42827e-18 	0
0.306006 	1.029 	2.42148e-18 	0
0.306607 	1.0293 	2.41468e-18 	0
0.307207 	1.02959 	2.40813e-18 	0
0.307808 	1.02988 	2.40203e-18 	0
0.308408 	1.03017 	2.39593e-18 	0
0.309009 	1.03046 	2.38984e-18 	0
0.30961 	1.03075 	2.38424e-18 	0
0.31021 	1.03104 	2.37865e-18 	0
0.310811 	1.03133 	2.37306e-18 	0
0.311411 	1.03162 	2.36765e-18 	0
0.312012 	1.03191 	2.36232e-18 	0
0.312613 	1.03219 	2.357e-18 	0
0.313213 	1.03248 	2.35172e-18 	0
0.313814 	1.03277 	2.34655e-18 	0
0.314414 	1.03305 	2.34138e-18 	0
0.315015 	1.03334 	2.33621e-18 	0
0.315616 	1.03362 	2.33102e-18 	0
0.316216 	1.03391 	2.32583e-18 	0
0.316817 	1.03419 	2.32064e-18 	0
0.317417 	1.03448 	2.31535e-18 	0
0.318018 	1.03476 	2.31001e-18 	0
0.318619 	1.03504 	2.30467e-18 	0
0.319219 	1.03532 	2.29927e-18 	0
0.31982 	1.03561 	2.29376e-18 	0
0.32042 	1.03589 	2.28825e-18 	0
0.321021 	1.03617 	2.28274e-18 	0
0.321622 	1.03645 	2.27698e-18 	0
0.322222 	1.03673 	2.27123e-18 	0
0.322823 	1.03701 	2.26548e-18 	0
0.323423 	1.03729 	2.25952e-18 	0
0.324024 	1.03757 	2.25347e-18 	0
0.324625 	1.03785 	2.24742e-18 	0
0.325225 	1.03812 	2.24125e-18 	0
0.325826 	1.0384 	2.23486e-18 	0
0.326426 	1.03868 	2.22848e-18 	0
0.327027 	1.03895 	2.22208e-18 	0
0.327628 	1.03923 	2.21535e-18 	0
0.328228 	1.0395 	2.20862e-18 	0
0.328829 	1.03977 	2.20189e-18 	0
0.329429 	1.04005 	2.19491e-18 	0
0.33003 	1.04032 	2.18783e-18 	0
0.330631 	1.04059 	2.18074e-18 	0
0.331231 	1.04087 	2.17353e-18 	0
0.331832 	1.04114 	2.1661e-18 	0
0.332432 	1.04141 	2.15868e-18 	0
0.333033 	1.04168 	2.15122e-18 	0
0.333634 	1.04196 	2.14316e-18 	0
0.334234 	1.04223 	2.1351e-18 	0
0.334835 	1.0425 	2.12705e-18 	0
0.335435 	1.04277 	2.12116e-18 	0
0.336036 	1.04304 	2.1161e-18 	0
0.336637 	1.04331 	2.11103e-18 	0
0.337237 	1.04358 	2.10763e-18 	0
0.337838 	1.04384 	2.10676e-18 	0
0.338438 	1.04411 	2.10588e-18 	0
0.339039 	1.04438 	2.10393e-18 	0
0.33964 	1.04464 	2.08644e-18 	0
0.34024 	1.04491 	2.06894e-18 	0
0.340841 	1.04517 	2.05145e-18 	0
0.341441 	1.04543 	2.00845e-18 	0
0.342042 	1.0457 	1.95626e-18 	0
0.342643 	1.04596 	1.90406e-18 	0
0.343243 	1.04623 	1.85172e-18 	0
0.343844 	1.04649 	1.79916e-18 	0
0.344444 	1.04676 	1.7466e-18 	0
0.345045 	1.04702 	1.6966e-18 	0
0.345646 	1.04728 	1.67822e-18 	0
0.346246 	1.04754 	1.65984e-18 	0
0.346847 	1.0478 	1.64146e-18 	0
0.347447 	1.04806 	1.63473e-18 	0
0.348048 	1.04833 	1.63199e-18 	0
0.348649 	1.04859 	1.62924e-18 	0
0.349249 	1.04885 	1.62588e-18 	0
0.34985 	1.04911 	1.62165e-18 	0
0.35045 	1.04936 	1.61742e-18 	0
0.351051 	1.04962 	1.61317e-18 	0
0.351652 	1.04988 	1.60874e-18 	0
0.352252 	1.05014 	1.60431e-18 	0
0.352853 	1.0504 	1.59989e-18 	0
0.353453 	1.05065 	1.59524e-18 	0
0.354054 	1.05091 	1.59052e-18 	0
0.354655 	1.05117 	1.5858e-18 	0
0.355255 	1.05143 	1.58096e-18 	0
0.355856 	1.05168 	1.57596e-18 	0
0.356456 	1.05194 	1.57096e-18 	0
0.357057 	1.05219 	1.56593e-18 	0
0.357658 	1.05245 	1.56064e-18 	0
0.358258 	1.0527 	1.55536e-18 	0
0.358859 	1.05295 	1.55007e-18 	0
0.359459 	1.0532 	1.54457e-18 	0
0.36006 	1.05346 	1.539e-18 	0
0.360661 	1.05371 	1.53344e-18 	0
0.361261 	1.05396 	1.52775e-18 	0
0.361862 	1.05421 	1.5219e-18 	0
0.362462 	1.05446 	1.51605e-18 	0
0.363063 	1.05472 	1.51017e-18 	0
0.363664 	1.05497 	1.50404e-18 	0
0.364264 	1.05521 	1.49791e-18 	0
0.364865 	1.05546 	1.49178e-18 	0
0.365465 	1.05571 	1.48543e-18 	0
0.366066 	1.05596 	1.47902e-18 	0
0.366667 	1.05621 	1.47261e-18 	0
0.367267 	1.05646 	1.46608e-18 	0
0.367868 	1.05671 	1.45939e-18 	0
0.368468 	1.05696 	1.45271e-18 	0
0.369069 	1.05721 	1.446e-18 	0
0.36967 	1.05745 	1.43906e-18 	0
0.37027 	1.0577 	1.43211e-18 	0
0.370871 	1.05795 	1.42516e-18 	0
0.371471 	1.05819 	1.41802e-18 	0
0.372072 	1.05843 	1.41083e-18 	0
0.372673 	1.05868 	1.40364e-18 	0
0.373273 	1.05892 	1.39635e-18 	0
0.373874 	1.05917 	1.38893e-18 	0
0.374474 	1.05941 	1.38151e-18 	0
0.375075 	1.05966 	1.37407e-18 	0
0.375676 	1.0599 	1.36646e-18 	0
0.376276 	1.06014 	1.35885e-18 	0
0.376877 	1.06038 	1.35124e-18 	0
0.377477 	1.06062 	1.34351e-18 	0
0.378078 	1.06087 	1.33575e-18 	0
0.378679 	1.06111 	1.32798e-18 	0
0.379279 	1.06135 	1.32018e-18 	0
0.37988 	1.06159 	1.31232e-18 	0
0.38048 	1.06183 	1.30446e-18 	0
0.381081 	1.06207 	1.29659e-18 	0
0.381682 	1.06231 	1.2887e-18 	0
0.382282 	1.06255 	1.28081e-18 	0
0.382883 	1.06278 	1.27292e-18 	0
0.383483 	1.06302 	1.26499e-18 	0
0.384084 	1.06326 	1.25705e-18 	0
0.384685 	1.0635 	1.24911e-18 	0
0.385285 	1.06374 	1.24119e-18 	0
0.385886 	1.06398 	1.23329e-18 	0
0.386486 	1.06422 	1.22539e-18 	0
0.387087 	1.06445 	1.2175e-18 	0
0.387688 	1.06469 	1.20973e-18 	0
0.388288 	1.06492 	1.20196e-18 	0
0.388889 	1.06516 	1.19419e-18 	0
0.389489 	1.06539 	1.18661e-18 	0
0.39009 	1.06563 	1.17907e-18 	0
0.390691 	1.06586 	1.17154e-18 	0
0.391291 	1.06609 	1.16418e-18 	0
0.391892 	1.06633 	1.157e-18 	0
0.392492 	1.06656 	1.14982e-18 	0
0.393093 	1.0668 	1.14273e-18 	0
0.393694 	1.06703 	1.13607e-18 	0
0.394294 	1.06726 	1.12942e-18 	0
0.394895 	1.06749 	1.12276e-18 	0
0.395495 	1.06772 	1.1168e-18 	0
0.396096 	1.06795 	1.11097e-18 	0
0.396697 	1.06818 	1.10515e-18 	0
0.397297 	1.06841 	1.1e-18 	0
0.397898 	1.06865 	1.09555e-18 	0
0.398498 	1.06888 	1.09109e-18 	0
0.399099 	1.06911 	1.08693e-18 	0
0.3997 	1.06934 	1.08429e-18 	0
0.4003 	1.06956 	1.08166e-18 	0
0.400901 	1.06979 	1.07902e-18 	0
0.401502 	1.07002 	1.08242e-18 	0
0.402102 	1.07025 	1.08702e-18 	0
0.402703 	1.07048 	1.09161e-18 	0
0.403303 	1.07071 	1.09282e-18 	0
0.403904 	1.07093 	1.0907e-18 	0
0.404505 	1.07116 	1.08859e-18 	0
0.405105 	1.07139 	1.07492e-18 	0
0.405706 	1.07161 	1.00683e-18 	0
0.406306 	1.07184 	9.38738e-19 	0
0.406907 	1.07207 	8.70644e-19 	0
0.407508 	1.07229 	8.02935e-19 	0
0.408108 	1.07252 	7.35296e-19 	0
0.408709 	1.07274 	6.67657e-19 	0
0.409309 	1.07296 	6.32485e-19 	0
0.40991 	1.07319 	6.27889e-19 	0
0.410511 	1.07341 	6.23294e-19 	0
0.411111 	1.07363 	6.19453e-19 	0
0.411712 	1.07385 	6.18941e-19 	0
0.412312 	1.07408 	6.18429e-19 	0
0.412913 	1.0743 	6.17917e-19 	0
0.413514 	1.07452 	6.09027e-19 	0
0.414114 	1.07474 	5.98716e-19 	0
0.414715 	1.07496 	5.88406e-19 	0
0.415315 	1.07519 	5.75589e-19 	0
0.415916 	1.07541 	5.60506e-19 	0
0.416517 	1.07563 	5.45423e-19 	0
0.417117 	1.07585 	5.30237e-19 	0
0.417718 	1.07607 	5.1463e-19 	0
0.418318 	1.07629 	4.99022e-19 	0
0.418919 	1.07651 	4.83414e-19 	0
0.41952 	1.07673 	4.67551e-19 	0
0.42012 	1.07694 	4.51649e-19 	0
0.420721 	1.07716 	4.35747e-19 	0
0.421321 	1.07738 	4.19855e-19 	0
0.421922 	1.0776 	4.03973e-19 	0
0.422523 	1.07782 	3.8809e-19 	0
0.423123 	1.07803 	3.72244e-19 	0
0.423724 	1.07825 	3.56536e-19 	0
0.424324 	1.07847 	3.40829e-19 	0
0.424925 	1.07868 	3.25121e-19 	0
0.425526 	1.0789 	3.0967e-19 	0
0.426126 	1.07912 	2.94255e-19 	0
0.426727 	1.07933 	2.78841e-19 	0
0.427327 	1.07955 	2.63638e-19 	0
0.427928 	1.07976 	2.48611e-19 	0
0.428529 	1.07997 	2.33585e-19 	0
0.429129 	1.08019 	2.18659e-19 	0
0.42973 	1.0804 	2.04102e-19 	0
0.43033 	1.08061 	1.89545e-19 	0
0.430931 	1.08083 	1.74988e-19 	0
0.431532 	1.08104 	1.60909e-19 	0
0.432132 	1.08125 	1.46891e-19 	0
0.432733 	1.08147 	1.32874e-19 	0
0.433333 	1.08168 	1.19163e-19 	0
0.433934 	1.08189 	1.05699e-19 	0
0.434535 	1.0821 	9.22351e-20 	0
0.435135 	1.08231 	7.89064e-20 	0
0.435736 	1.08252 	6.60443e-20 	0
0.436336 	1.08273 	5.31822e-20 	0
0.436937 	1.08294 	4.032e-20 	0
0.437538 	1.08315 	2.80279e-20 	0
0.438138 	1.08336 	1.58027e-20 	0
0.438739 	1.08357 	3.57749e-21 	0
0.439339 	1.08378 	-8.27545e-21 	0
0.43994 	1.08399 	-1.98418e-20 	0
0.440541 	1.0842 	-3.14081e-20 	0
0.441141 	1.08441 	-4.28171e-20 	0
0.441742 	1.08462 	-5.37142e-20 	0
0.442342 	1.08482 	-6.46114e-20 	0
0.442943 	1.08503 	-7.55085e-20 	0
0.443544 	1.08524 	-8.58001e-20 	0
0.444144 	1.08544 	-9.60281e-20 	0
0.444745 	1.08565 	-1.06256e-19 	0
0.445345 	1.08586 	-1.16104e-19 	0
0.445946 	1.08606 	-1.25671e-19 	0
0.446547 	1.08627 	-1.35238e-19 	0
0.447147 	1.08647 	-1.44647e-19 	0
0.447748 	1.08667 	-1.53568e-19 	0
0.448348 	1.08688 	-1.62489e-19 	0
0.448949 	1.08708 	-1.71411e-19 	0
0.44955 	1.08729 	-1.79763e-19 	0
0.45015 	1.08749 	-1.88063e-19 	0
0.450751 	1.0877 	-1.96363e-19 	0
0.451351 	1.0879 	-2.0429e-19 	0
0.451952 	1.0881 	-2.11951e-19 	0
0.452553 	1.08831 	-2.19612e-19 	0
0.453153 	1.08851 	-2.27118e-19 	0
0.453754 	1.08871 	-2.34172e-19 	0
0.454354 	1.08891 	-2.41227e-19 	0
0.454955 	1.08911 	-2.48281e-19 	0
0.455556 	1.08932 	-2.54807e-19 	0
0.456156 	1.08952 	-2.61291e-19 	0
0.456757 	1.08972 	-2.67775e-19 	0
0.457357 	1.08992 	-2.73942e-19 	0
0.457958 	1.09012 	-2.79894e-19 	0
0.458559 	1.09032 	-2.85846e-19 	0
0.459159 	1.09052 	-2.91668e-19 	0
0.45976 	1.09072 	-2.97126e-19 	0
0.46036 	1.09092 	-3.02585e-19 	0
0.460961 	1.09112 	-3.08044e-19 	0
0.461562 	1.09132 	-3.13037e-19 	0
0.462162 	1.09151 	-3.17997e-19 	0
0.462763 	1.09171 	-3.22958e-19 	0
0.463363 	1.09191 	-3.27642e-19 	0
0.463964 	1.09211 	-3.32147e-19 	0
0.464565 	1.09231 	-3.36651e-19 	0
0.465165 	1.0925 	-3.41042e-19 	0
0.465766 	1.0927 	-3.45132e-19 	0
0.466366 	1.09289 	-3.49223e-19 	0
0.466967 	1.09309 	-3.53313e-19 	0
0.467568 	1.09328 	-3.57048e-19 	0
0.468168 	1.09348 	-3.60763e-19 	0
0.468769 	1.09367 	-3.64477e-19 	0
0.469369 	1.09387 	-3.67955e-19 	0
0.46997 	1.09407 	-3.71286e-19 	0
0.470571 	1.09426 	-3.74617e-19 	0
0.471171 	1.09445 	-3.77849e-19 	0
0.471772 	1.09465 	-3.80834e-19 	0
0.472372 	1.09484 	-3.83819e-19 	0
0.472973 	1.09503 	-3.86804e-19 	0
0.473574 	1.09522 	-3.89493e-19 	0
0.474174 	1.09542 	-3.92168e-19 	0
0.474775 	1.09561 	-3.94844e-19 	0
0.475375 	1.0958 	-3.97346e-19 	0
0.475976 	1.09599 	-3.99746e-19 	0
0.476577 	1.09618 	-4.02145e-19 	0
0.477177 	1.09638 	-4.04471e-19 	0
0.477778 	1.09657 	-4.06624e-19 	0
0.478378 	1.09676 	-4.08776e-19 	0
0.478979 	1.09695 	-4.10929e-19 	0
0.47958 	1.09714 	-4.1287e-19 	0
0.48018 	1.09733 	-4.14804e-19 	0
0.480781 	1.09752 	-4.16738e-19 	0
0.481381 	1.09771 	-4.18521e-19 	0
0.481982 	1.0979 	-4.20216e-19 	0
0.482583 	1.09809 	-4.21912e-19 	0
0.483183 	1.09828 	-4.23543e-19 	0
0.483784 	1.09847 	-4.25027e-19 	0
0.484384 	1.09866 	-4.26512e-19 	0
0.484985 	1.09885 	-4.27996e-19 	0
0.485586 	1.09903 	-4.29298e-19 	0
0.486186 	1.09922 	-4.30595e-19 	0
0.486787 	1.0994 	-4.31892e-19 	0
0.487387 	1.09959 	-4.33083e-19 	0
0.487988 	1.09978 	-4.34216e-19 	0
0.488589 	1.09996 	-4.35348e-19 	0
0.489189 	1.10015 	-4.36435e-19 	0
0.48979 	1.10033 	-4.37422e-19 	0
0.49039 	1.10052 	-4.38409e-19 	0
0.490991 	1.10071 	-4.39396e-19 	0
0.491592 	1.10089 	-4.40257e-19 	0
0.492192 	1.10107 	-4.41116e-19 	0
0.492793 	1.10126 	-4.41976e-19 	0
0.493393 	1.10144 	-4.42761e-19 	0
0.493994 	1.10162 	-4.43508e-19 	0
0.494595 	1.10181 	-4.44254e-19 	0
0.495195 	1.10199 	-4.44968e-19 	0
0.495796 	1.10217 	-4.45615e-19 	0
0.496396 	1.10236 	-4.46261e-19 	0
0.496997 	1.10254 	-4.46908e-19 	0
0.497598 	1.10272 	-4.47465e-19 	0
0.498198 	1.10291 	-4.48022e-19 	0
0.498799 	1.10309 	-4.48578e-19 	0
0.499399 	1.10327 	-4.49084e-19 	0
0.5 	1.10345 	-4.49562e-19 	0
