0.0003003 	0.0148386 	-4.84637e-19 	0
0.000900901 	0.0445158 	-1.45391e-18 	0
0.0015015 	0.0741086 	-1.97721e-18 	0
0.0021021 	0.103685 	-2.41238e-18 	0
0.0027027 	0.133261 	-2.84756e-18 	0
0.0033033 	0.162518 	-3.06863e-18 	0
0.0039039 	0.191461 	-3.07983e-18 	0
0.0045045 	0.220405 	-3.09104e-18 	0
0.00510511 	0.248864 	-3.0961e-18 	0
0.00570571 	0.275035 	-3.0722e-18 	0
0.00630631 	0.301206 	-3.04831e-18 	0
0.00690691 	0.327377 	-3.02441e-18 	0
0.00750751 	0.349289 	-3.0185e-18 	0
0.00810811 	0.37042 	-3.01588e-18 	0
0.00870871 	0.391551 	-3.01327e-18 	0
0.00930931 	0.410138 	-3.01449e-18 	0
0.00990991 	0.426329 	-3.01931e-18 	0
0.0105105 	0.44252 	-3.02414e-18 	0
0.0111111 	0.458036 	-3.02717e-18 	0
0.0117117 	0.470582 	-3.0223e-18 	0
0.0123123 	0.483129 	-3.01743e-18 	0
0.0129129 	0.495675 	-3.01256e-18 	0
0.0135135 	0.506065 	-2.98718e-18 	0
0.0141141 	0.51609 	-2.95832e-18 	0
0.0147147 	0.526115 	-2.92947e-18 	0
0.0153153 	0.535211 	-2.88548e-18 	0
0.0159159 	0.543465 	-2.82782e-18 	0
0.0165165 	0.551719 	-2.77015e-18 	0
0.0171171 	0.559723 	-2.71924e-18 	0
0.0177177 	0.566693 	-2.69619e-18 	0
0.0183183 	0.573664 	-2.67315e-18 	0
0.0189189 	0.580634 	-2.65011e-18 	0
0.0195195 	0.586772 	-2.64444e-18 	0
0.0201201 	0.59278 	-2.64149e-18 	0
0.0207207 	0.598787 	-2.63853e-18 	0
0.0213213 	0.604398 	-2.6453e-18 	0
0.0219219 	0.609663 	-2.66053e-18 	0
0.0225225 	0.614929 	-2.67575e-18 	0
0.0231231 	0.620074 	-2.69191e-18 	0
0.0237237 	0.624752 	-2.71171e-18 	0
0.0243243 	0.62943 	-2.73151e-18 	0
0.0249249 	0.634107 	-2.75131e-18 	0
0.0255255 	0.63837 	-2.77018e-18 	0
0.0261261 	0.642573 	-2.78892e-18 	0
0.0267267 	0.646776 	-2.80765e-18 	0
0.0273273 	0.650766 	-2.8501e-18 	0
0.0279279 	0.654578 	-2.91233e-18 	0
0.0285285 	0.65839 	-2.97456e-18 	0
0.0291291 	0.662133 	-3.0328e-18 	0
0.0297297 	0.665619 	-3.07648e-18 	0
0.0303303 	0.669105 	-3.12016e-18 	0
0.0309309 	0.672591 	-3.16385e-18 	0
0.0315315 	0.675833 	-3.16242e-18 	0
0.0321321 	0.679042 	-3.15513e-18 	0
0.0327327 	0.682252 	-3.14784e-18 	0
0.0333333 	0.68533 	-3.13486e-18 	0
0.0339339 	0.688303 	-3.11732e-18 	0
0.0345345 	0.691276 	-3.09978e-18 	0
0.0351351 	0.694203 	-3.08278e-18 	0
0.0357357 	0.696971 	-3.06765e-18 	0
0.0363363 	0.699739 	-3.05251e-18 	0
0.0369369 	0.702507 	-3.03737e-18 	0
0.0375375 	0.705115 	-3.02359e-18 	0
0.0381381 	0.707705 	-3.00997e-18 	0
0.0387387 	0.710294 	-2.99635e-18 	0
0.0393393 	0.712794 	-2.98343e-18 	0
0.0399399 	0.715225 	-2.97107e-18 	0
0.0405405 	0.717657 	-2.9587e-18 	0
0.0411411 	0.720056 	-2.94669e-18 	0
0.0417417 	0.722347 	-2.93583e-18 	0
0.0423423 	0.724639 	-2.92497e-18 	0
0.0429429 	0.726931 	-2.91411e-18 	0
0.0435435 	0.72911 	-2.90438e-18 	0
0.0441441 	0.731278 	-2.89476e-18 	0
0.0447447 	0.733445 	-2.88515e-18 	0
0.0453453 	0.735548 	-2.87612e-18 	0
0.0459459 	0.737604 	-2.86752e-18 	0
0.0465465 	0.739659 	-2.85893e-18 	0
0.0471471 	0.74169 	-2.85054e-18 	0
0.0477477 	0.743645 	-2.84278e-18 	0
0.0483483 	0.745599 	-2.83503e-18 	0
0.0489489 	0.747554 	-2.82727e-18 	0
0.0495495 	0.749425 	-2.82015e-18 	0
0.0501502 	0.751288 	-2.81308e-18 	0
0.0507508 	0.753151 	-2.80602e-18 	0
0.0513514 	0.754965 	-2.79929e-18 	0
0.051952 	0.756746 	-2.79279e-18 	0
0.0525526 	0.758526 	-2.7863e-18 	0
0.0531532 	0.760286 	-2.77992e-18 	0
0.0537538 	0.76199 	-2.7739e-18 	0
0.0543544 	0.763694 	-2.76788e-18 	0
0.054955 	0.765397 	-2.76186e-18 	0
0.0555556 	0.767037 	-2.7562e-18 	0
0.0561562 	0.768671 	-2.75057e-18 	0
0.0567568 	0.770305 	-2.74493e-18 	0
0.0573574 	0.771901 	-2.73949e-18 	0
0.057958 	0.773471 	-2.73418e-18 	0
0.0585586 	0.775041 	-2.72887e-18 	0
0.0591592 	0.776595 	-2.72364e-18 	0
0.0597598 	0.778106 	-2.7186e-18 	0
0.0603604 	0.779616 	-2.71357e-18 	0
0.060961 	0.781127 	-2.70854e-18 	0
0.0615616 	0.782586 	-2.70372e-18 	0
0.0621622 	0.784042 	-2.69891e-18 	0
0.0627628 	0.785497 	-2.69411e-18 	0
0.0633634 	0.786922 	-2.68942e-18 	0
0.063964 	0.788326 	-2.68482e-18 	0
0.0645646 	0.789731 	-2.68021e-18 	0
0.0651652 	0.791122 	-2.67565e-18 	0
0.0657658 	0.79248 	-2.67121e-18 	0
0.0663664 	0.793837 	-2.66678e-18 	0
0.066967 	0.795194 	-2.66234e-18 	0
0.0675676 	0.796509 	-2.65805e-18 	0
0.0681682 	0.797822 	-2.65376e-18 	0
0.0687688 	0.799135 	-2.64947e-18 	0
0.0693694 	0.800422 	-2.64527e-18 	0
0.06997 	0.801693 	-2.64111e-18 	0
0.0705706 	0.802965 	-2.63696e-18 	0
0.0711712 	0.804225 	-2.63284e-18 	0
0.0717718 	0.805458 	-2.6288e-18 	0
0.0723724 	0.806691 	-2.62477e-18 	0
0.072973 	0.807924 	-2.62073e-18 	0
0.0735736 	0.809121 	-2.6168e-18 	0
0.0741742 	0.810317 	-2.61288e-18 	0
0.0747748 	0.811513 	-2.60896e-18 	0
0.0753754 	0.812688 	-2.6051e-18 	0
0.075976 	0.81385 	-2.60128e-18 	0
0.0765766 	0.815012 	-2.59746e-18 	0
0.0771772 	0.816164 	-2.59367e-18 	0
0.0777778 	0.817294 	-2.58995e-18 	0
0.0783784 	0.818423 	-2.58623e-18 	0
0.078979 	0.819552 	-2.58251e-18 	0
0.0795796 	0.820653 	-2.57888e-18 	0
0.0801802 	0.821752 	-2.57525e-18 	0
0.0807808 	0.822851 	-2.57162e-18 	0
0.0813814 	0.823932 	-2.56805e-18 	0
0.081982 	0.825002 	-2.56452e-18 	0
0.0825826 	0.826072 	-2.56098e-18 	0
0.0831832 	0.827134 	-2.55747e-18 	0
0.0837838 	0.828177 	-2.55402e-18 	0
0.0843844 	0.82922 	-2.55058e-18 	0
0.084985 	0.830263 	-2.54714e-18 	0
0.0855856 	0.831281 	-2.54377e-18 	0
0.0861862 	0.832298 	-2.54041e-18 	0
0.0867868 	0.833315 	-2.53705e-18 	0
0.0873874 	0.834316 	-2.53375e-18 	0
0.087988 	0.835309 	-2.53048e-18 	0
0.0885886 	0.836301 	-2.52721e-18 	0
0.0891892 	0.837286 	-2.52397e-18 	0
0.0897898 	0.838255 	-2.52078e-18 	0
0.0903904 	0.839224 	-2.51759e-18 	0
0.090991 	0.840193 	-2.51441e-18 	0
0.0915916 	0.841141 	-2.51131e-18 	0
0.0921922 	0.842088 	-2.50821e-18 	0
0.0927928 	0.843035 	-2.50511e-18 	0
0.0933934 	0.843968 	-2.50207e-18 	0
0.093994 	0.844894 	-2.49905e-18 	0
0.0945946 	0.84582 	-2.49604e-18 	0
0.0951952 	0.846739 	-2.49305e-18 	0
0.0957958 	0.847645 	-2.49012e-18 	0
0.0963964 	0.84855 	-2.48719e-18 	0
0.096997 	0.849455 	-2.48425e-18 	0
0.0975976 	0.850342 	-2.4814e-18 	0
0.0981982 	0.851229 	-2.47855e-18 	0
0.0987988 	0.852115 	-2.4757e-18 	0
0.0993994 	0.852989 	-2.47291e-18 	0
0.1 	0.853857 	-2.47014e-18 	0
0.100601 	0.854725 	-2.46738e-18 	0
0.101201 	0.855587 	-2.46464e-18 	0
0.101802 	0.856437 	-2.46196e-18 	0
0.102402 	0.857287 	-2.45927e-18 	0
0.103003 	0.858137 	-2.45659e-18 	0
0.103604 	0.858971 	-2.45398e-18 	0
0.104204 	0.859804 	-2.45138e-18 	0
0.104805 	0.860637 	-2.44878e-18 	0
0.105405 	0.86146 	-2.44623e-18 	0
0.106006 	0.862277 	-2.4437e-18 	0
0.106607 	0.863095 	-2.44117e-18 	0
0.107207 	0.863907 	-2.43867e-18 	0
0.107808 	0.864708 	-2.43622e-18 	0
0.108408 	0.86551 	-2.43377e-18 	0
0.109009 	0.866312 	-2.43132e-18 	0
0.10961 	0.867099 	-2.42895e-18 	0
0.11021 	0.867885 	-2.42658e-18 	0
0.110811 	0.868672 	-2.42421e-18 	0
0.111411 	0.869449 	-2.42188e-18 	0
0.112012 	0.870221 	-2.41958e-18 	0
0.112613 	0.870994 	-2.41728e-18 	0
0.113213 	0.871761 	-2.41501e-18 	0
0.113814 	0.87252 	-2.41278e-18 	0
0.114414 	0.873279 	-2.41055e-18 	0
0.115015 	0.874038 	-2.40833e-18 	0
0.115616 	0.874783 	-2.40616e-18 	0
0.116216 	0.875529 	-2.404e-18 	0
0.116817 	0.876275 	-2.40184e-18 	0
0.117417 	0.877011 	-2.39973e-18 	0
0.118018 	0.877744 	-2.39764e-18 	0
0.118619 	0.878477 	-2.39555e-18 	0
0.119219 	0.879205 	-2.39348e-18 	0
0.11982 	0.879925 	-2.39145e-18 	0
0.12042 	0.880646 	-2.38942e-18 	0
0.121021 	0.881366 	-2.38739e-18 	0
0.121622 	0.882075 	-2.38543e-18 	0
0.122222 	0.882783 	-2.38346e-18 	0
0.122823 	0.883492 	-2.3815e-18 	0
0.123423 	0.884193 	-2.37958e-18 	0
0.124024 	0.88489 	-2.37767e-18 	0
0.124625 	0.885587 	-2.37577e-18 	0
0.125225 	0.88628 	-2.37389e-18 	0
0.125826 	0.886967 	-2.37204e-18 	0
0.126426 	0.887653 	-2.37019e-18 	0
0.127027 	0.888339 	-2.36835e-18 	0
0.127628 	0.889015 	-2.36656e-18 	0
0.128228 	0.88969 	-2.36476e-18 	0
0.128829 	0.890366 	-2.36297e-18 	0
0.129429 	0.891034 	-2.36122e-18 	0
0.13003 	0.891699 	-2.35948e-18 	0
0.130631 	0.892365 	-2.35775e-18 	0
0.131231 	0.893026 	-2.35603e-18 	0
0.131832 	0.893682 	-2.35434e-18 	0
0.132432 	0.894338 	-2.35265e-18 	0
0.133033 	0.894993 	-2.35097e-18 	0
0.133634 	0.895638 	-2.34933e-18 	0
0.134234 	0.896284 	-2.34769e-18 	0
0.134835 	0.896929 	-2.34605e-18 	0
0.135435 	0.897569 	-2.34445e-18 	0
0.136036 	0.898205 	-2.34285e-18 	0
0.136637 	0.898842 	-2.34126e-18 	0
0.137237 	0.899475 	-2.33969e-18 	0
0.137838 	0.900102 	-2.33814e-18 	0
0.138438 	0.900729 	-2.33659e-18 	0
0.139039 	0.901356 	-2.33504e-18 	0
0.13964 	0.901975 	-2.33354e-18 	0
0.14024 	0.902594 	-2.33203e-18 	0
0.140841 	0.903213 	-2.33053e-18 	0
0.141441 	0.903826 	-2.32905e-18 	0
0.142042 	0.904436 	-2.32758e-18 	0
0.142643 	0.905046 	-2.32611e-18 	0
0.143243 	0.905653 	-2.32466e-18 	0
0.143844 	0.906255 	-2.32323e-18 	0
0.144444 	0.906857 	-2.3218e-18 	0
0.145045 	0.907459 	-2.32038e-18 	0
0.145646 	0.908053 	-2.31899e-18 	0
0.146246 	0.908647 	-2.31759e-18 	0
0.146847 	0.909241 	-2.3162e-18 	0
0.147447 	0.909829 	-2.31484e-18 	0
0.148048 	0.910415 	-2.31348e-18 	0
0.148649 	0.911002 	-2.31212e-18 	0
0.149249 	0.911585 	-2.31077e-18 	0
0.14985 	0.912164 	-2.30944e-18 	0
0.15045 	0.912743 	-2.30811e-18 	0
0.151051 	0.913322 	-2.30679e-18 	0
0.151652 	0.913893 	-2.3055e-18 	0
0.152252 	0.914465 	-2.3042e-18 	0
0.152853 	0.915036 	-2.30291e-18 	0
0.153453 	0.915602 	-2.30163e-18 	0
0.154054 	0.916167 	-2.30037e-18 	0
0.154655 	0.916731 	-2.2991e-18 	0
0.155255 	0.917293 	-2.29784e-18 	0
0.155856 	0.917851 	-2.2966e-18 	0
0.156456 	0.918408 	-2.29536e-18 	0
0.157057 	0.918965 	-2.29412e-18 	0
0.157658 	0.919516 	-2.29291e-18 	0
0.158258 	0.920067 	-2.2917e-18 	0
0.158859 	0.920619 	-2.29049e-18 	0
0.159459 	0.921165 	-2.28929e-18 	0
0.16006 	0.921709 	-2.2881e-18 	0
0.160661 	0.922253 	-2.28691e-18 	0
0.161261 	0.922795 	-2.28573e-18 	0
0.161862 	0.923333 	-2.28457e-18 	0
0.162462 	0.923871 	-2.2834e-18 	0
0.163063 	0.924409 	-2.28224e-18 	0
0.163664 	0.924941 	-2.2811e-18 	0
0.164264 	0.925473 	-2.27996e-18 	0
0.164865 	0.926005 	-2.27882e-18 	0
0.165465 	0.926533 	-2.27769e-18 	0
0.166066 	0.927058 	-2.27657e-18 	0
0.166667 	0.927584 	-2.27545e-18 	0
0.167267 	0.928107 	-2.27434e-18 	0
0.167868 	0.928628 	-2.27324e-18 	0
0.168468 	0.929148 	-2.27214e-18 	0
0.169069 	0.929667 	-2.27104e-18 	0
0.16967 	0.930182 	-2.26995e-18 	0
0.17027 	0.930696 	-2.26887e-18 	0
0.170871 	0.93121 	-2.26779e-18 	0
0.171471 	0.931721 	-2.26673e-18 	0
0.172072 	0.93223 	-2.26566e-18 	0
0.172673 	0.932739 	-2.2646e-18 	0
0.173273 	0.933245 	-2.26354e-18 	0
0.173874 	0.933748 	-2.2625e-18 	0
0.174474 	0.934252 	-2.26145e-18 	0
0.175075 	0.934754 	-2.26041e-18 	0
0.175676 	0.935252 	-2.25938e-18 	0
0.176276 	0.935751 	-2.25835e-18 	0
0.176877 	0.936249 	-2.25732e-18 	0
0.177477 	0.936743 	-2.2563e-18 	0
0.178078 	0.937236 	-2.25529e-18 	0
0.178679 	0.937729 	-2.25427e-18 	0
0.179279 	0.93822 	-2.25326e-18 	0
0.17988 	0.938708 	-2.25226e-18 	0
0.18048 	0.939196 	-2.25126e-18 	0
0.181081 	0.939683 	-2.25026e-18 	0
0.181682 	0.940166 	-2.24927e-18 	0
0.182282 	0.94065 	-2.24828e-18 	0
0.182883 	0.941133 	-2.24729e-18 	0
0.183483 	0.941612 	-2.24631e-18 	0
0.184084 	0.94209 	-2.24534e-18 	0
0.184685 	0.942569 	-2.24436e-18 	0
0.185285 	0.943045 	-2.24339e-18 	0
0.185886 	0.943519 	-2.24242e-18 	0
0.186486 	0.943992 	-2.24145e-18 	0
0.187087 	0.944465 	-2.24048e-18 	0
0.187688 	0.944934 	-2.23952e-18 	0
0.188288 	0.945403 	-2.23856e-18 	0
0.188889 	0.945872 	-2.2376e-18 	0
0.189489 	0.946338 	-2.23664e-18 	0
0.19009 	0.946802 	-2.23568e-18 	0
0.190691 	0.947267 	-2.23471e-18 	0
0.191291 	0.947729 	-2.23376e-18 	0
0.191892 	0.94819 	-2.2328e-18 	0
0.192492 	0.94865 	-2.23184e-18 	0
0.193093 	0.94911 	-2.23088e-18 	0
0.193694 	0.949566 	-2.22992e-18 	0
0.194294 	0.950022 	-2.22896e-18 	0
0.194895 	0.950478 	-2.228e-18 	0
0.195495 	0.950931 	-2.22703e-18 	0
0.196096 	0.951382 	-2.22606e-18 	0
0.196697 	0.951834 	-2.22509e-18 	0
0.197297 	0.952284 	-2.22411e-18 	0
0.197898 	0.952732 	-2.22313e-18 	0
0.198498 	0.95318 	-2.22215e-18 	0
0.199099 	0.953627 	-2.22116e-18 	0
0.1997 	0.954071 	-2.22016e-18 	0
0.2003 	0.954515 	-2.21916e-18 	0
0.200901 	0.954959 	-2.21816e-18 	0
0.201502 	0.955399 	-2.21713e-18 	0
0.202102 	0.955839 	-2.21609e-18 	0
0.202703 	0.956278 	-2.21506e-18 	0
0.203303 	0.956716 	-2.21401e-18 	0
0.203904 	0.957153 	-2.21294e-18 	0
0.204505 	0.957589 	-2.21187e-18 	0
0.205105 	0.958025 	-2.21079e-18 	0
0.205706 	0.958457 	-2.20967e-18 	0
0.206306 	0.95889 	-2.20855e-18 	0
0.206907 	0.959322 	-2.20743e-18 	0
0.207508 	0.959751 	-2.20626e-18 	0
0.208108 	0.96018 	-2.20508e-18 	0
0.208709 	0.960608 	-2.2039e-18 	0
0.209309 	0.961035 	-2.20268e-18 	0
0.20991 	0.96146 	-2.20142e-18 	0
0.210511 	0.961885 	-2.20017e-18 	0
0.211111 	0.96231 	-2.19889e-18 	0
0.211712 	0.962732 	-2.19753e-18 	0
0.212312 	0.963153 	-2.19617e-18 	0
0.212913 	0.963575 	-2.19482e-18 	0
0.213514 	0.963994 	-2.19336e-18 	0
0.214114 	0.964412 	-2.19188e-18 	0
0.214715 	0.96483 	-2.1904e-18 	0
0.215315 	0.965247 	-2.18885e-18 	0
0.215916 	0.965661 	-2.18723e-18 	0
0.216517 	0.966076 	-2.18561e-18 	0
0.217117 	0.96649 	-2.18396e-18 	0
0.217718 	0.966902 	-2.18216e-18 	0
0.218318 	0.967314 	-2.18036e-18 	0
0.218919 	0.967725 	-2.17856e-18 	0
0.21952 	0.968134 	-2.17658e-18 	0
0.22012 	0.968543 	-2.17457e-18 	0
0.220721 	0.968951 	-2.17256e-18 	0
0.221321 	0.969358 	-2.17048e-18 	0
0.221922 	0.969763 	-2.16833e-18 	0
0.222523 	0.970168 	-2.16619e-18 	0
0.223123 	0.970572 	-2.164e-18 	0
0.223724 	0.970975 	-2.16168e-18 	0
0.224324 	0.971377 	-2.15936e-18 	0
0.224925 	0.971779 	-2.15704e-18 	0
0.225526 	0.972178 	-2.15453e-18 	0
0.226126 	0.972577 	-2.152e-18 	0
0.226727 	0.972976 	-2.14947e-18 	0
0.227327 	0.973374 	-2.1468e-18 	0
0.227928 	0.97377 	-2.14402e-18 	0
0.228529 	0.974166 	-2.14124e-18 	0
0.229129 	0.974562 	-2.1384e-18 	0
0.22973 	0.974955 	-2.13532e-18 	0
0.23033 	0.975348 	-2.13225e-18 	0
0.230931 	0.975741 	-2.12917e-18 	0
0.231532 	0.976131 	-2.12579e-18 	0
0.232132 	0.976522 	-2.12237e-18 	0
0.232733 	0.976912 	-2.11894e-18 	0
0.233333 	0.977301 	-2.11529e-18 	0
0.233934 	0.977688 	-2.11147e-18 	0
0.234535 	0.978076 	-2.10764e-18 	0
0.235135 	0.978463 	-2.1037e-18 	0
0.235736 	0.978847 	-2.0994e-18 	0
0.236336 	0.979232 	-2.0951e-18 	0
0.236937 	0.979617 	-2.09079e-18 	0
0.237538 	0.979999 	-2.086e-18 	0
0.238138 	0.980381 	-2.08116e-18 	0
0.238739 	0.980764 	-2.07631e-18 	0
0.239339 	0.981144 	-2.07117e-18 	0
0.23994 	0.981524 	-2.0658e-18 	0
0.240541 	0.981903 	-2.06044e-18 	0
0.241141 	0.982281 	-2.05493e-18 	0
0.241742 	0.982658 	-2.04896e-18 	0
0.242342 	0.983035 	-2.043e-18 	0
0.242943 	0.983411 	-2.03704e-18 	0
0.243544 	0.983786 	-2.03045e-18 	0
0.244144 	0.98416 	-2.02379e-18 	0
0.244745 	0.984534 	-2.01714e-18 	0
0.245345 	0.984907 	-2.01003e-18 	0
0.245946 	0.985279 	-2.00259e-18 	0
0.246547 	0.98565 	-1.99515e-18 	0
0.247147 	0.986021 	-1.98749e-18 	0
0.247748 	0.986391 	-1.97916e-18 	0
0.248348 	0.98676 	-1.97083e-18 	0
0.248949 	0.98713 	-1.9625e-18 	0
0.24955 	0.987497 	-1.95335e-18 	0
0.25015 	0.987863 	-1.94413e-18 	0
0.250751 	0.98823 	-1.93491e-18 	0
0.251351 	0.988595 	-1.92509e-18 	0
0.251952 	0.988959 	-1.91486e-18 	0
0.252553 	0.989324 	-1.90463e-18 	0
0.253153 	0.989687 	-1.89411e-18 	0
0.253754 	0.99005 	-1.88274e-18 	0
0.254354 	0.990412 	-1.87137e-18 	0
0.254955 	0.990774 	-1.86e-18 	0
0.255556 	0.991134 	-1.84746e-18 	0
0.256156 	0.991494 	-1.83482e-18 	0
0.256757 	0.991853 	-1.82218e-18 	0
0.257357 	0.992212 	-1.80869e-18 	0
0.257958 	0.992569 	-1.79462e-18 	0
0.258559 	0.992926 	-1.78054e-18 	0
0.259159 	0.993283 	-1.76607e-18 	0
0.25976 	0.993639 	-1.75049e-18 	0
0.26036 	0.993994 	-1.73491e-18 	0
0.260961 	0.99435 	-1.71932e-18 	0
0.261562 	0.994703 	-1.70212e-18 	0
0.262162 	0.995056 	-1.68481e-18 	0
0.262763 	0.995409 	-1.6675e-18 	0
0.263363 	0.99576 	-1.64898e-18 	0
0.263964 	0.996111 	-1.62966e-18 	0
0.264565 	0.996462 	-1.61035e-18 	0
0.265165 	0.996813 	-1.5904e-18 	0
0.265766 	0.997162 	-1.56875e-18 	0
0.266366 	0.99751 	-1.54711e-18 	0
0.266967 	0.997859 	-1.52546e-18 	0
0.267568 	0.998206 	-1.50129e-18 	0
0.268168 	0.998553 	-1.47698e-18 	0
0.268769 	0.998899 	-1.45267e-18 	0
0.269369 	0.999245 	-1.42645e-18 	0
0.26997 	0.999589 	-1.39903e-18 	0
0.270571 	0.999934 	-1.37161e-18 	0
0.271171 	1.00028 	-1.3431e-18 	0
0.271772 	1.00062 	-1.31187e-18 	0
0.272372 	1.00096 	-1.28064e-18 	0
0.272973 	1.0013 	-1.24941e-18 	0
0.273574 	1.00165 	-1.25249e-18 	0
0.274174 	1.00199 	-1.25719e-18 	0
0.274775 	1.00233 	-1.26189e-18 	0
0.275375 	1.00267 	-1.2886e-18 	0
0.275976 	1.00301 	-1.32853e-18 	0
0.276577 	1.00334 	-1.36846e-18 	0
0.277177 	1.00368 	-1.40479e-18 	0
0.277778 	1.00402 	-1.43252e-18 	0
0.278378 	1.00436 	-1.46025e-18 	0
0.278979 	1.0047 	-1.48798e-18 	0
0.27958 	1.00503 	-1.48289e-18 	0
0.28018 	1.00537 	-1.47661e-18 	0
0.280781 	1.0057 	-1.47032e-18 	0
0.281381 	1.00603 	-1.46248e-18 	0
0.281982 	1.00637 	-1.45374e-18 	0
0.282583 	1.0067 	-1.445e-18 	0
0.283183 	1.00703 	-1.44506e-18 	0
0.283784 	1.00736 	-1.46514e-18 	0
0.284384 	1.00769 	-1.48523e-18 	0
0.284985 	1.00802 	-1.50532e-18 	0
0.285586 	1.00835 	-1.5354e-18 	0
0.286186 	1.00868 	-1.56575e-18 	0
0.286787 	1.00901 	-1.59609e-18 	0
0.287387 	1.00934 	-1.63087e-18 	0
0.287988 	1.00967 	-1.66809e-18 	0
0.288589 	1.01 	-1.7053e-18 	0
0.289189 	1.01032 	-1.73159e-18 	0
0.28979 	1.01065 	-1.73412e-18 	0
0.29039 	1.01098 	-1.73664e-18 	0
0.290991 	1.01131 	-1.73916e-18 	0
0.291592 	1.01163 	-1.70668e-18 	0
0.292192 	1.01195 	-1.67366e-18 	0
0.292793 	1.01228 	-1.64064e-18 	0
0.293393 	1.0126 	-1.61048e-18 	0
0.293994 	1.01292 	-1.58183e-18 	0
0.294595 	1.01324 	-1.55317e-18 	0
0.295195 	1.01356 	-1.52573e-18 	0
0.295796 	1.01389 	-1.50082e-18 	0
0.296396 	1.01421 	-1.47591e-18 	0
0.296997 	1.01453 	-1.451e-18 	0
0.297598 	1.01485 	-1.42942e-18 	0
0.298198 	1.01517 	-1.40785e-18 	0
0.298799 	1.01548 	-1.38628e-18 	0
0.299399 	1.0158 	-1.3667e-18 	0
0.3 	1.01612 	-1.34813e-18 	0
0.300601 	1.01644 	-1.32955e-18 	0
0.301201 	1.01676 	-1.31185e-18 	0
0.301802 	1.01707 	-1.2959e-18 	0
0.302402 	1.01739 	-1.27994e-18 	0
0.303003 	1.0177 	-1.26399e-18 	0
0.303604 	1.01802 	-1.25042e-18 	0
0.304204 	1.01833 	-1.23685e-18 	0
0.304805 	1.01865 	-1.22328e-18 	0
0.305405 	1.01896 	-1.21112e-18 	0
0.306006 	1.01927 	-1.19965e-18 	0
0.306607 	1.01959 	-1.18817e-18 	0
0.307207 	1.0199 	-1.17736e-18 	0
0.307808 	1.02021 	-1.16781e-18 	0
0.308408 	1.02052 	-1.15826e-18 	0
0.309009 	1.02083 	-1.14873e-18 	0
0.30961 	1.02114 	-1.14087e-18 	0
0.31021 	1.02145 	-1.13301e-18 	0
0.310811 	1.02176 	-1.12516e-18 	0
0.311411 	1.02207 	-1.11837e-18 	0
0.312012 	1.02238 	-1.11209e-18 	0
0.312613 	1.02269 	-1.1058e-18 	0
0.313213 	1.023 	-1.10001e-18 	0
0.313814 	1.02331 	-1.0951e-18 	0
0.314414 	1.02361 	-1.09019e-18 	0
0.315015 	1.02392 	-1.08532e-18 	0
0.315616 	1.02422 	-1.08172e-18 	0
0.316216 	1.02452 	-1.07812e-18 	0
0.316817 	1.02483 	-1.07452e-18 	0
0.317417 	1.02513 	-1.07172e-18 	0
0.318018 	1.02544 	-1.06927e-18 	0
0.318619 	1.02575 	-1.06682e-18 	0
0.319219 	1.02605 	-1.06474e-18 	0
0.31982 	1.02635 	-1.06331e-18 	0
0.32042 	1.02665 	-1.06187e-18 	0
0.321021 	1.02695 	-1.06046e-18 	0
0.321622 	1.02725 	-1.05991e-18 	0
0.322222 	1.02756 	-1.05936e-18 	0
0.322823 	1.02786 	-1.05881e-18 	0
0.323423 	1.02816 	-1.05888e-18 	0
0.324024 	1.02846 	-1.0592e-18 	0
0.324625 	1.02875 	-1.05952e-18 	0
0.325225 	1.02905 	-1.06012e-18 	0
0.325826 	1.02935 	-1.0612e-18 	0
0.326426 	1.02965 	-1.06228e-18 	0
0.327027 	1.02995 	-1.06339e-18 	0
0.327628 	1.03025 	-1.06512e-18 	0
0.328228 	1.03055 	-1.06685e-18 	0
0.328829 	1.03085 	-1.06858e-18 	0
0.329429 	1.03114 	-1.0707e-18 	0
0.33003 	1.03143 	-1.07298e-18 	0
0.330631 	1.03173 	-1.07526e-18 	0
0.331231 	1.03202 	-1.07775e-18 	0
0.331832 	1.03232 	-1.0806e-18 	0
0.332432 	1.03261 	-1.08344e-18 	0
0.333033 	1.03291 	-1.08631e-18 	0
0.333634 	1.0332 	-1.08965e-18 	0
0.334234 	1.03349 	-1.09298e-18 	0
0.334835 	1.03379 	-1.09631e-18 	0
0.335435 	1.03408 	-1.09979e-18 	0
0.336036 	1.03437 	-1.10333e-18 	0
0.336637 	1.03466 	-1.10687e-18 	0
0.337237 	1.03496 	-1.11143e-18 	0
0.337838 	1.03525 	-1.11754e-18 	0
0.338438 	1.03554 	-1.12366e-18 	0
0.339039 	1.03583 	-1.13107e-18 	0
0.33964 	1.03612 	-1.15715e-18 	0
0.34024 	1.03641 	-1.18323e-18 	0
0.340841 	1.03669 	-1.2093e-18 	0
0.341441 	1.03698 	-1.25825e-18 	0
0.342042 	1.03727 	-1.31545e-18 	0
0.342643 	1.03756 	-1.37266e-18 	0
0.343243 	1.03785 	-1.42855e-18 	0
0.343844 	1.03814 	-1.48253e-18 	0
0.344444 	1.03842 	-1.53651e-18 	0
0.345045 	1.03871 	-1.58793e-18 	0
0.345646 	1.039 	-1.60786e-18 	0
0.346246 	1.03928 	-1.62778e-18 	0
0.346847 	1.03957 	-1.6477e-18 	0
0.347447 	1.03985 	-1.65583e-18 	0
0.348048 	1.04013 	-1.65992e-18 	0
0.348649 	1.04041 	-1.66401e-18 	0
0.349249 	1.0407 	-1.66865e-18 	0
0.34985 	1.04098 	-1.67407e-18 	0
0.35045 	1.04127 	-1.67949e-18 	0
0.351051 	1.04155 	-1.68491e-18 	0
0.351652 	1.04184 	-1.69031e-18 	0
0.352252 	1.04212 	-1.69571e-18 	0
0.352853 	1.0424 	-1.70111e-18 	0
0.353453 	1.04268 	-1.70655e-18 	0
0.354054 	1.04296 	-1.71201e-18 	0
0.354655 	1.04324 	-1.71747e-18 	0
0.355255 	1.04352 	-1.72295e-18 	0
0.355856 	1.0438 	-1.72845e-18 	0
0.356456 	1.04408 	-1.73394e-18 	0
0.357057 	1.04436 	-1.73944e-18 	0
0.357658 	1.04464 	-1.74496e-18 	0
0.358258 	1.04492 	-1.75048e-18 	0
0.358859 	1.04519 	-1.756e-18 	0
0.359459 	1.04547 	-1.76152e-18 	0
0.36006 	1.04575 	-1.76704e-18 	0
0.360661 	1.04603 	-1.77256e-18 	0
0.361261 	1.04631 	-1.77808e-18 	0
0.361862 	1.04659 	-1.78358e-18 	0
0.362462 	1.04686 	-1.78909e-18 	0
0.363063 	1.04714 	-1.7946e-18 	0
0.363664 	1.04741 	-1.80009e-18 	0
0.364264 	1.04769 	-1.80558e-18 	0
0.364865 	1.04796 	-1.81106e-18 	0
0.365465 	1.04823 	-1.81654e-18 	0
0.366066 	1.04851 	-1.822e-18 	0
0.366667 	1.04879 	-1.82747e-18 	0
0.367267 	1.04906 	-1.83293e-18 	0
0.367868 	1.04933 	-1.83838e-18 	0
0.368468 	1.04961 	-1.84383e-18 	0
0.369069 	1.04988 	-1.84929e-18 	0
0.36967 	1.05015 	-1.85472e-18 	0
0.37027 	1.05042 	-1.86016e-18 	0
0.370871 	1.05069 	-1.8656e-18 	0
0.371471 	1.05096 	-1.87105e-18 	0
0.372072 	1.05123 	-1.8765e-18 	0
0.372673 	1.0515 	-1.88195e-18 	0
0.373273 	1.05177 	-1.88741e-18 	0
0.373874 	1.05204 	-1.89289e-18 	0
0.374474 	1.05231 	-1.89837e-18 	0
0.375075 	1.05258 	-1.90386e-18 	0
0.375676 	1.05285 	-1.90941e-18 	0
0.376276 	1.05312 	-1.91495e-18 	0
0.376877 	1.05339 	-1.92049e-18 	0
0.377477 	1.05366 	-1.92611e-18 	0
0.378078 	1.05393 	-1.93175e-18 	0
0.378679 	1.0542 	-1.93738e-18 	0
0.379279 	1.05446 	-1.94308e-18 	0
0.37988 	1.05473 	-1.94886e-18 	0
0.38048 	1.055 	-1.95463e-18 	0
0.381081 	1.05527 	-1.96041e-18 	0
0.381682 	1.05553 	-1.96623e-18 	0
0.382282 	1.05579 	-1.97206e-18 	0
0.382883 	1.05606 	-1.97788e-18 	0
0.383483 	1.05633 	-1.98377e-18 	0
0.384084 	1.05659 	-1.98967e-18 	0
0.384685 	1.05686 	-1.99557e-18 	0
0.385285 	1.05712 	-2.00151e-18 	0
0.385886 	1.05739 	-2.00748e-18 	0
0.386486 	1.05765 	-2.01346e-18 	0
0.387087 	1.05791 	-2.01944e-18 	0
0.387688 	1.05817 	-2.02548e-18 	0
0.388288 	1.05844 	-2.03151e-18 	0
0.388889 	1.0587 	-2.03754e-18 	0
0.389489 	1.05896 	-2.04359e-18 	0
0.39009 	1.05922 	-2.04963e-18 	0
0.390691 	1.05949 	-2.05568e-18 	0
0.391291 	1.05975 	-2.06163e-18 	0
0.391892 	1.06001 	-2.06749e-18 	0
0.392492 	1.06027 	-2.07336e-18 	0
0.393093 	1.06053 	-2.07916e-18 	0
0.393694 	1.06079 	-2.08467e-18 	0
0.394294 	1.06105 	-2.09019e-18 	0
0.394895 	1.0613 	-2.0957e-18 	0
0.395495 	1.06157 	-2.10079e-18 	0
0.396096 	1.06183 	-2.10579e-18 	0
0.396697 	1.06209 	-2.11079e-18 	0
0.397297 	1.06235 	-2.11358e-18 	0
0.397898 	1.0626 	-2.1141e-18 	0
0.398498 	1.06286 	-2.11462e-18 	0
0.399099 	1.06311 	-2.11365e-18 	0
0.3997 	1.06337 	-2.10509e-18 	0
0.4003 	1.06363 	-2.09653e-18 	0
0.400901 	1.06389 	-2.08797e-18 	0
0.401502 	1.06414 	-2.07321e-18 	0
0.402102 	1.0644 	-2.05722e-18 	0
0.402703 	1.06465 	-2.04123e-18 	0
0.403303 	1.06491 	-2.03062e-18 	0
0.403904 	1.06516 	-2.02529e-18 	0
0.404505 	1.06542 	-2.01996e-18 	0
0.405105 	1.06567 	-2.02069e-18 	0
0.405706 	1.06593 	-2.05002e-18 	0
0.406306 	1.06619 	-2.07935e-18 	0
0.406907 	1.06644 	-2.10868e-18 	0
0.407508 	1.06669 	-2.13868e-18 	0
0.408108 	1.06695 	-2.16879e-18 	0
0.408709 	1.0672 	-2.1989e-18 	0
0.409309 	1.06745 	-2.20996e-18 	0
0.40991 	1.0677 	-2.20306e-18 	0
0.410511 	1.06795 	-2.19616e-18 	0
0.411111 	1.06821 	-2.18621e-18 	0
0.411712 	1.06846 	-2.1628e-18 	0
0.412312 	1.06871 	-2.13939e-18 	0
0.412913 	1.06896 	-2.11597e-18 	0
0.413514 	1.06921 	-2.09411e-18 	0
0.414114 	1.06946 	-2.07251e-18 	0
0.414715 	1.06971 	-2.05091e-18 	0
0.415315 	1.06996 	-2.03101e-18 	0
0.415916 	1.07021 	-2.01264e-18 	0
0.416517 	1.07046 	-1.99427e-18 	0
0.417117 	1.07071 	-1.9763e-18 	0
0.417718 	1.07096 	-1.96001e-18 	0
0.418318 	1.07121 	-1.94372e-18 	0
0.418919 	1.07146 	-1.92743e-18 	0
0.41952 	1.0717 	-1.91243e-18 	0
0.42012 	1.07195 	-1.89764e-18 	0
0.420721 	1.0722 	-1.88284e-18 	0
0.421321 	1.07244 	-1.86865e-18 	0
0.421922 	1.07269 	-1.85499e-18 	0
0.422523 	1.07294 	-1.84133e-18 	0
0.423123 	1.07319 	-1.82785e-18 	0
0.423724 	1.07343 	-1.81508e-18 	0
0.424324 	1.07368 	-1.80231e-18 	0
0.424925 	1.07392 	-1.78954e-18 	0
0.425526 	1.07417 	-1.77739e-18 	0
0.426126 	1.07441 	-1.76533e-18 	0
0.426727 	1.07466 	-1.75328e-18 	0
0.427327 	1.0749 	-1.74156e-18 	0
0.427928 	1.07515 	-1.73014e-18 	0
0.428529 	1.07539 	-1.71872e-18 	0
0.429129 	1.07563 	-1.70742e-18 	0
0.42973 	1.07588 	-1.69659e-18 	0
0.43033 	1.07612 	-1.68575e-18 	0
0.430931 	1.07636 	-1.67492e-18 	0
0.431532 	1.07661 	-1.66452e-18 	0
0.432132 	1.07685 	-1.65419e-18 	0
0.432733 	1.07709 	-1.64385e-18 	0
0.433333 	1.07733 	-1.63378e-18 	0
0.433934 	1.07757 	-1.62392e-18 	0
0.434535 	1.07781 	-1.61406e-18 	0
0.435135 	1.07805 	-1.60431e-18 	0
0.435736 	1.07829 	-1.59491e-18 	0
0.436336 	1.07853 	-1.58551e-18 	0
0.436937 	1.07877 	-1.57611e-18 	0
0.437538 	1.07902 	-1.5671e-18 	0
0.438138 	1.07926 	-1.55814e-18 	0
0.438739 	1.0795 	-1.54919e-18 	0
0.439339 	1.07974 	-1.54047e-18 	0
0.43994 	1.07998 	-1.53193e-18 	0
0.440541 	1.08022 	-1.5234e-18 	0
0.441141 	1.08046 	-1.51496e-18 	0
0.441742 	1.08069 	-1.50682e-18 	0
0.442342 	1.08093 	-1.49869e-18 	0
0.442943 	1.08117 	-1.49055e-18 	0
0.443544 	1.0814 	-1.48281e-18 	0
0.444144 	1.08164 	-1.47511e-18 	0
0.444745 	1.08188 	-1.4674e-18 	0
0.445345 	1.08211 	-1.45994e-18 	0
0.445946 	1.08235 	-1.45265e-18 	0
0.446547 	1.08258 	-1.44535e-18 	0
0.447147 	1.08282 	-1.43816e-18 	0
0.447748 	1.08306 	-1.43126e-18 	0
0.448348 	1.08329 	-1.42436e-18 	0
0.448949 	1.08353 	-1.41746e-18 	0
0.44955 	1.08376 	-1.4109e-18 	0
0.45015 	1.084 	-1.40437e-18 	0
0.450751 	1.08423 	-1.39784e-18 	0
0.451351 	1.08447 	-1.39151e-18 	0
0.451952 	1.0847 	-1.38533e-18 	0
0.452553 	1.08493 	-1.37915e-18 	0
0.453153 	1.08516 	-1.37305e-18 	0
0.453754 	1.08539 	-1.36719e-18 	0
0.454354 	1.08563 	-1.36134e-18 	0
0.454955 	1.08586 	-1.35548e-18 	0
0.455556 	1.08609 	-1.3499e-18 	0
0.456156 	1.08633 	-1.34434e-18 	0
0.456757 	1.08656 	-1.33878e-18 	0
0.457357 	1.08679 	-1.33339e-18 	0
0.457958 	1.08702 	-1.32811e-18 	0
0.458559 	1.08725 	-1.32283e-18 	0
0.459159 	1.08748 	-1.31762e-18 	0
0.45976 	1.08771 	-1.31259e-18 	0
0.46036 	1.08794 	-1.30757e-18 	0
0.460961 	1.08817 	-1.30255e-18 	0
0.461562 	1.0884 	-1.29774e-18 	0
0.462162 	1.08863 	-1.29295e-18 	0
0.462763 	1.08886 	-1.28816e-18 	0
0.463363 	1.08909 	-1.28353e-18 	0
0.463964 	1.08932 	-1.27901e-18 	0
0.464565 	1.08954 	-1.27448e-18 	0
0.465165 	1.08977 	-1.27002e-18 	0
0.465766 	1.09 	-1.26574e-18 	0
0.466366 	1.09022 	-1.26146e-18 	0
0.466967 	1.09045 	-1.25719e-18 	0
0.467568 	1.09068 	-1.25312e-18 	0
0.468168 	1.0909 	-1.24906e-18 	0
0.468769 	1.09113 	-1.245e-18 	0
0.469369 	1.09136 	-1.24107e-18 	0
0.46997 	1.09158 	-1.23721e-18 	0
0.470571 	1.09181 	-1.23336e-18 	0
0.471171 	1.09203 	-1.22955e-18 	0
0.471772 	1.09226 	-1.22588e-18 	0
0.472372 	1.09248 	-1.22221e-18 	0
0.472973 	1.09271 	-1.21854e-18 	0
0.473574 	1.09293 	-1.21502e-18 	0
0.474174 	1.09315 	-1.21152e-18 	0
0.474775 	1.09338 	-1.20801e-18 	0
0.475375 	1.0936 	-1.20461e-18 	0
0.475976 	1.09382 	-1.20125e-18 	0
0.476577 	1.09404 	-1.1979e-18 	0
0.477177 	1.09427 	-1.19459e-18 	0
0.477778 	1.09449 	-1.19138e-18 	0
0.478378 	1.09471 	-1.18817e-18 	0
0.478979 	1.09493 	-1.18496e-18 	0
0.47958 	1.09515 	-1.18188e-18 	0
0.48018 	1.09538 	-1.1788e-18 	0
0.480781 	1.0956 	-1.17571e-18 	0
0.481381 	1.09582 	-1.17271e-18 	0
0.481982 	1.09604 	-1.16974e-18 	0
0.482583 	1.09626 	-1.16677e-18 	0
0.483183 	1.09648 	-1.16384e-18 	0
0.483784 	1.0967 	-1.16098e-18 	0
0.484384 	1.09692 	-1.15811e-18 	0
0.484985 	1.09713 	-1.15525e-18 	0
0.485586 	1.09735 	-1.15249e-18 	0
0.486186 	1.09757 	-1.14972e-18 	0
0.486787 	1.09779 	-1.14696e-18 	0
0.487387 	1.09801 	-1.14425e-18 	0
0.487988 	1.09823 	-1.14157e-18 	0
0.488589 	1.09845 	-1.13889e-18 	0
0.489189 	1.09867 	-1.13625e-18 	0
0.48979 	1.09888 	-1.13371e-18 	0
0.49039 	1.0991 	-1.13116e-18 	0
0.490991 	1.09932 	-1.12862e-18 	0
0.491592 	1.09953 	-1.1262e-18 	0
0.492192 	1.09975 	-1.12378e-18 	0
0.492793 	1.09997 	-1.12136e-18 	0
0.493393 	1.10018 	-1.11899e-18 	0
0.493994 	1.1004 	-1.11664e-18 	0
0.494595 	1.10061 	-1.11429e-18 	0
0.495195 	1.10083 	-1.11196e-18 	0
0.495796 	1.10104 	-1.10967e-18 	0
0.496396 	1.10126 	-1.10739e-18 	0
0.496997 	1.10147 	-1.1051e-18 	0
0.497598 	1.10168 	-1.10287e-18 	0
0.498198 	1.1019 	-1.10064e-18 	0
0.498799 	1.10211 	-1.09841e-18 	0
0.499399 	1.10232 	-1.09625e-18 	0
0.5 	1.10253 	-1.09412e-18 	0
