# y_plus_values_1, u_plus_values_1
1.558750, 1.557385
4.676254, 4.672159
7.793748, 6.240438
10.911247, 7.503143
14.028746, 8.765849
17.146245, 9.689169
20.263744, 10.279775
23.381243, 10.870406
26.498794, 11.420025
29.616293, 11.776363
32.733792, 12.132701
35.851292, 12.489040
38.968791, 12.755240
42.086290, 13.004896
45.203789, 13.254576
48.321288, 13.473745
51.438787, 13.664232
54.556234, 13.854719
57.673733, 14.038319
60.791232, 14.191672
63.908731, 14.345024
67.026231, 14.498402
70.143730, 14.630129
73.261229, 14.758220
76.378728, 14.886311
79.496227, 15.004818
82.613726, 15.114631
85.731225, 15.224468
88.848724, 15.331632
91.966223, 15.427718
95.083722, 15.523805
98.201222, 15.619891
101.318721, 15.706706
104.436220, 15.792100
107.553719, 15.877470
110.671218, 15.958240
113.788717, 16.035013
116.906216, 16.111810
120.023715, 16.187162
123.141214, 16.256927
126.258713, 16.326692
129.376213, 16.396457
132.493712, 16.461117
135.611211, 16.525030
138.728710, 16.588943
141.846209, 16.650183
144.963708, 16.709159
148.081207, 16.768136
151.198706, 16.826221
154.316205, 16.880983
157.433704, 16.935745
160.551204, 16.990507
163.668703, 17.042018
166.786202, 17.093095
169.903701, 17.144197
173.021200, 17.193517
176.138699, 17.241415
179.256198, 17.289314
182.373697, 17.336587
185.491196, 17.381668
188.608695, 17.426749
191.726194, 17.471830
194.843694, 17.514696
197.961193, 17.557272
201.078692, 17.599849
204.196191, 17.641173
207.313690, 17.681510
210.431189, 17.721871
213.548688, 17.761751
216.666187, 17.800089
219.783686, 17.838451
222.901185, 17.876790
226.018685, 17.913490
229.136184, 17.950022
232.253683, 17.986554
235.371182, 18.022147
238.488681, 18.057042
241.606180, 18.091912
244.723679, 18.126446
247.841178, 18.159823
250.958677, 18.193224
254.076176, 18.226602
257.193676, 18.258727
260.311694, 18.290756
263.429193, 18.322760
266.546692, 18.354043
269.664191, 18.384795
272.781690, 18.415572
275.899189, 18.446011
279.016688, 18.475608
282.134187, 18.505204
285.251686, 18.534801
288.369186, 18.563386
291.486685, 18.591899
294.604184, 18.620412
297.721683, 18.648346
300.839182, 18.675872
303.956681, 18.703373
307.074180, 18.730658
310.191679, 18.757244
313.309178, 18.783831
316.426677, 18.810417
319.544177, 18.836209
322.661676, 18.861928
325.779175, 18.887671
328.896674, 18.912909
332.014173, 18.937834
335.131672, 18.962758
338.249171, 18.987466
341.366670, 19.011620
344.484169, 19.035799
347.601668, 19.059953
350.719168, 19.083432
353.836667, 19.106888
356.954166, 19.130344
360.071665, 19.153390
363.189164, 19.176171
366.306663, 19.198953
369.424162, 19.221566
372.541661, 19.243721
375.659160, 19.265876
378.776659, 19.288055
381.894158, 19.309633
385.011658, 19.331210
388.129157, 19.352787
391.246656, 19.374003
394.364155, 19.395003
397.481654, 19.416002
400.599153, 19.436857
403.716652, 19.457326
406.834151, 19.477820
409.951650, 19.498290
413.069149, 19.518277
416.186649, 19.538265
419.304148, 19.558229
422.421647, 19.577904
425.539146, 19.597410
428.656645, 19.616892
431.774144, 19.636254
434.891643, 19.655303
438.009142, 19.674352
441.126641, 19.693400
444.244140, 19.712040
447.361640, 19.730655
450.479139, 19.749270
453.596638, 19.767620
456.714137, 19.785826
459.831636, 19.804032
462.949135, 19.822118
466.066634, 19.839938
469.184133, 19.857735
472.301632, 19.875555
475.419131, 19.892990
478.536630, 19.910450
481.654130, 19.927885
484.771629, 19.945103
487.889128, 19.962177
491.006627, 19.979251
494.124126, 19.996229
497.241625, 20.012966
500.359124, 20.029703
503.476623, 20.046464
506.594122, 20.062863
509.711621, 20.079287
512.829121, 20.095711
515.946620, 20.111918
519.064119, 20.128029
522.183694, 20.144115
525.298079, 20.160130
528.417654, 20.175927
531.532039, 20.191749
534.651614, 20.207547
537.771190, 20.223056
540.885574, 20.238588
544.005150, 20.254097
547.119534, 20.269413
550.239110, 20.284657
553.358685, 20.299901
556.473070, 20.315048
559.592645, 20.330003
562.707030, 20.344982
565.826605, 20.359961
568.946181, 20.374675
572.060565, 20.389389
575.180141, 20.404127
578.294525, 20.418672
581.414101, 20.433145
584.533676, 20.447594
587.648061, 20.461995
590.767636, 20.476228
593.882021, 20.490460
597.001596, 20.504692
600.121172, 20.518684
603.235556, 20.532699
606.355132, 20.546715
609.469516, 20.560562
612.589092, 20.574337
615.708667, 20.588136
618.823052, 20.601838
621.942627, 20.615396
625.057012, 20.628978
628.176587, 20.642536
631.296163, 20.655926
634.410547, 20.669291
637.530123, 20.682657
640.644507, 20.695878
643.764083, 20.709050
646.883658, 20.722199
649.998043, 20.735300
653.117618, 20.748280
656.232003, 20.761260
659.351578, 20.774240
662.471153, 20.787027
665.585538, 20.799815
668.705114, 20.812626
671.819498, 20.825269
674.939074, 20.837888
678.058649, 20.850507
681.173034, 20.863054
684.292609, 20.875480
687.406994, 20.887930
690.526569, 20.900356
693.646144, 20.912614
696.760529, 20.924896
699.880105, 20.937153
702.994489, 20.949315
706.114065, 20.961428
709.233640, 20.973541
712.348025, 20.985582
715.467600, 20.997526
718.581985, 21.009471
721.701560, 21.021415
724.821135, 21.033216
727.935520, 21.044992
731.055095, 21.056792
734.169480, 21.068471
737.289056, 21.080127
740.408631, 21.091758
743.523016, 21.103366
746.642591, 21.114853
749.756976, 21.126364
752.876551, 21.137851
755.996126, 21.149218
759.110511, 21.160584
762.230086, 21.171951
765.344471, 21.183197
768.464047, 21.194443
771.583622, 21.205665
774.698007, 21.216839
777.817582, 21.227941
780.931967, 21.239019
784.051542, 21.250120
787.171117, 21.261078
790.285502, 21.272035
793.405077, 21.282992
796.519462, 21.293877
799.639038, 21.304714
802.758613, 21.315551
805.872998, 21.326339
808.992573, 21.337056
812.106958, 21.347772
815.226533, 21.358488
818.346108, 21.369084
821.460493, 21.379680
824.580068, 21.390301
827.694453, 21.400800
830.814028, 21.411300
833.933604, 21.421775
837.047989, 21.432203
840.167564, 21.442582
843.281949, 21.452961
846.401524, 21.463317
849.521099, 21.473575
852.635484, 21.483858
855.755059, 21.494117
858.869444, 21.504304
861.989019, 21.514442
865.108595, 21.524605
868.222980, 21.534719
871.342555, 21.544785
874.456940, 21.554827
877.576515, 21.564894
880.696090, 21.574839
883.810475, 21.584785
886.930050, 21.594731
890.044435, 21.604605
893.164010, 21.614454
896.283586, 21.624303
899.397970, 21.634105
902.517546, 21.643882
905.631931, 21.653635
908.751506, 21.663388
911.871081, 21.673045
914.985466, 21.682726
918.105041, 21.692383
921.219426, 21.701967
924.339001, 21.711552
927.458577, 21.721112
930.572961, 21.730649
933.692537, 21.740137
936.806922, 21.749625
939.926497, 21.759113
943.046072, 21.768505
946.160457, 21.777897
949.280032, 21.787289
952.394417, 21.796609
955.513992, 21.805928
958.633568, 21.815248
961.747952, 21.824520
964.867528, 21.833743
967.981912, 21.842966
971.101488, 21.852190
974.221063, 21.861341
977.335448, 21.870492
980.455023, 21.879643
983.569408, 21.888722
986.688983, 21.897776
989.808559, 21.906855
992.922943, 21.915886
996.042519, 21.924868
999.156903, 21.933875
1002.276479, 21.942833
1005.396054, 21.951768
1008.510439, 21.960678
1011.630014, 21.969588
1014.744399, 21.978450
1017.863974, 21.987288
1020.983550, 21.996126
1024.097934, 22.004916
1027.217510, 22.013706
1030.331894, 22.022472
1033.451470, 22.031238
1036.571045, 22.039931
1039.685430, 22.048601
1042.805005, 22.057294
1045.924581, 22.065940
1049.038965, 22.074561
1052.158541, 22.083206
1055.272925, 22.091803
1058.392501, 22.100353
1061.512076, 22.108926
1064.626461, 22.117475
1067.746036, 22.125976
1070.860421, 22.134452
1073.979996, 22.142953
1077.099572, 22.151406
1080.213956, 22.159810
1083.333532, 22.168239
1086.447916, 22.176644
1089.567492, 22.185000
1092.687067, 22.193381
1095.801452, 22.201737
1098.921027, 22.210045
1102.035412, 22.218329
1105.154987, 22.226637
1108.274563, 22.234898
1111.388947, 22.243134
1114.508523, 22.251369
1117.622907, 22.259581
1120.742483, 22.267769
1123.862058, 22.275957
1126.976443, 22.284145
1130.096018, 22.292260
1133.210403, 22.300376
1136.329978, 22.308492
1139.449553, 22.316583
1142.563938, 22.324626
1145.683514, 22.332694
1148.797898, 22.340737
1151.917474, 22.348756
1155.037049, 22.356751
1158.151434, 22.364771
1161.271009, 22.372718
1164.385394, 22.380665
1167.504969, 22.388636
1170.624544, 22.396535
1173.738929, 22.404433
1176.858505, 22.412356
1179.972889, 22.420231
1183.092465, 22.428058
1186.212040, 22.435908
1189.326425, 22.443759
1192.446000, 22.451537
1195.560385, 22.459340
1198.679960, 22.467142
1201.799535, 22.474897
1204.913920, 22.482627
1208.033495, 22.490381
1211.147880, 22.498112
1214.267456, 22.505794
1217.387031, 22.513500
1220.501416, 22.521182
1223.620991, 22.528840
1226.735376, 22.536474
1229.854951, 22.544132
1232.974526, 22.551718
1236.088911, 22.559328
1239.208486, 22.566937
1242.322871, 22.574499
1245.442447, 22.582061
1248.562022, 22.589598
1251.676407, 22.597136
1254.795982, 22.604650
1257.910367, 22.612163
1261.029942, 22.619653
1264.149517, 22.627118
1267.263902, 22.634583
1270.383477, 22.642025
1273.497862, 22.649466
1276.617438, 22.656883
1279.737013, 22.664300
1282.851398, 22.671717
1285.970973, 22.679086
1289.085358, 22.686455
1292.204933, 22.693824
1295.324508, 22.701169
1298.438893, 22.708490
1301.558468, 22.715835
1304.672853, 22.723132
1307.792428, 22.730405
1310.912004, 22.737702
1314.026389, 22.744974
1317.145964, 22.752223
1320.260349, 22.759471
1323.379924, 22.766696
1326.499499, 22.773921
1329.613884, 22.781121
1332.733459, 22.788321
1335.847844, 22.795498
1338.967419, 22.802674
1342.086995, 22.809827
1345.201380, 22.816979
1348.320955, 22.824107
1351.435340, 22.831235
1354.554915, 22.838363
1357.674490, 22.845444
1360.788875, 22.852524
1363.908450, 22.859628
1367.022835, 22.866684
1370.142410, 22.873716
1373.261986, 22.880772
1376.376370, 22.887803
1379.495946, 22.894811
1382.610331, 22.901843
1385.729906, 22.908851
1388.849481, 22.915835
1391.963866, 22.922794
1395.083441, 22.929778
1398.197826, 22.936714
1401.317401, 22.943649
1404.436977, 22.950585
1407.551361, 22.957520
1410.670937, 22.964432
1413.785322, 22.971319
1416.904897, 22.978231
1420.024472, 22.985094
1423.138857, 22.991957
1426.258432, 22.998821
1429.372817, 23.005660
1432.492392, 23.012499
1435.611968, 23.019338
1438.726352, 23.026153
1441.845928, 23.032969
1444.960312, 23.039760
1448.079888, 23.046551
1451.199463, 23.053318
1454.313848, 23.060085
1457.433423, 23.066852
1460.547808, 23.073595
1463.667383, 23.080337
1466.786959, 23.087056
1469.901343, 23.093775
1473.020919, 23.100470
1476.135303, 23.107189
1479.254879, 23.113883
1482.374454, 23.120554
1485.488839, 23.127225
1488.608414, 23.133895
1491.722799, 23.140542
1494.842374, 23.147164
1497.961950, 23.153811
1501.076334, 23.160433
1504.195910, 23.167056
1507.310294, 23.173654
1510.429870, 23.180253
1513.549445, 23.186827
1516.663830, 23.193401
1519.783405, 23.199976
1522.897790, 23.206526
1526.017365, 23.213076
1529.136941, 23.219627
1532.251325, 23.226177
1535.370901, 23.232703
1538.485285, 23.239205
1541.604861, 23.245731
1544.724436, 23.252209
1547.838821, 23.258687
1550.958396, 23.265189
1554.072781, 23.271643
1557.192356, 23.278097
1560.311932, 23.284575
1563.426316, 23.291005
1566.545892, 23.297435
1569.660276, 23.303865
1572.779852, 23.310295
1575.899427, 23.316700
1579.013812, 23.323106
1582.133387, 23.329512
1585.247772, 23.335894
1588.367347, 23.342251
1591.486923, 23.348633
1594.601307, 23.354990
1597.720883, 23.361348
1600.835267, 23.367681
1603.954843, 23.374039
1607.074418, 23.380349
1610.188803, 23.386682
1613.308378, 23.392991
1616.422763, 23.399301
1619.542338, 23.405586
1622.661914, 23.411872
1625.776298, 23.418157
1628.895874, 23.424442
1632.010258, 23.430704
1635.129834, 23.436965
1638.249409, 23.443226
1641.363794, 23.449463
1644.483369, 23.455700
1647.597754, 23.461914
1650.717329, 23.468151
1653.836905, 23.474364
1656.951289, 23.480577
1660.070865, 23.486766
1663.185249, 23.492955
1666.304825, 23.499144
1669.424400, 23.505309
1672.538785, 23.511474
1675.658360, 23.517639
1678.772745, 23.523804
1681.892320, 23.529945
1685.011895, 23.536086
1688.126280, 23.542202
1691.245856, 23.548319
1694.360240, 23.554436
1697.479816, 23.560553
1700.599391, 23.566669
1703.713776, 23.572762
1706.833351, 23.578855
1709.947736, 23.584923
1713.067311, 23.590992
1716.186886, 23.597061
1719.301271, 23.603129
1722.420847, 23.609174
1725.535231, 23.615218
1728.654807, 23.621263
1731.774382, 23.627283
1734.888767, 23.633304
1738.008342, 23.639324
1741.122727, 23.645345
1744.242302, 23.651341
1747.361877, 23.657337
1750.476262, 23.663334
1753.595838, 23.669306
1756.710222, 23.675302
1759.829798, 23.681275
1762.949373, 23.687223
1766.063758, 23.693171
1769.183333, 23.699143
1772.297718, 23.705068
1775.417293, 23.711016
1778.536868, 23.716940
1781.651253, 23.722864
1784.770828, 23.728788
1787.885213, 23.734688
1791.004789, 23.740588
1794.124364, 23.746488
1797.238749, 23.752388
1800.358324, 23.758288
1803.472709, 23.764140
1806.592284, 23.770016
1809.711859, 23.775892
1812.826244, 23.781744
1815.945819, 23.787596
1819.060204, 23.793448
1822.179780, 23.799300
1825.299355, 23.805103
1828.413740, 23.810931
1831.533315, 23.816759
1834.647700, 23.822563
1837.767275, 23.828366
1840.886850, 23.834170
1844.001235, 23.839974
1847.120810, 23.845753
1850.235195, 23.851557
1853.354770, 23.857337
1856.474346, 23.863092
1859.588731, 23.868848
1862.708306, 23.874628
1865.822691, 23.880359
1868.942266, 23.886115
1872.061841, 23.891846
1875.176226, 23.897577
1878.295801, 23.903309
1881.410186, 23.909016
1884.529761, 23.914748
1887.649337, 23.920455
1890.763722, 23.926163
1893.883297, 23.931870
1896.997682, 23.937553
1900.117257, 23.943237
1903.236832, 23.948920
1906.351217, 23.954603
1909.470792, 23.960262
1912.585177, 23.965922
1915.704752, 23.971581
1918.824328, 23.977216
1921.938713, 23.982851
1925.058288, 23.988510
1928.172673, 23.994121
1931.292248, 23.999757
1934.411823, 24.005392
1937.526208, 24.011003
1940.645783, 24.016614
1943.760168, 24.022201
1946.879743, 24.027812
1949.999319, 24.033399
1953.113703, 24.038986
1956.233279, 24.044549
1959.347664, 24.050136
1962.467239, 24.055699
1965.586814, 24.061262
1968.701199, 24.066824
1971.820774, 24.072387
1974.935159, 24.077950
1978.054734, 24.083489
1981.174310, 24.089028
1984.288694, 24.094567
1987.408270, 24.100105
1990.522655, 24.105403
1993.642230, 24.110942
1996.761805, 24.116481
1999.876190, 24.122020
2002.995765, 24.127559
2006.110150, 24.132857
2009.229725, 24.138396
2012.349301, 24.143934
2015.463685, 24.149473
2018.583261, 24.155012
2021.697645, 24.160310
2024.817221, 24.165849
2027.936796, 24.171147
2031.051181, 24.176686
2034.170756, 24.181984
2037.285141, 24.187522
2040.404716, 24.192820
2043.524292, 24.198359
2046.638676, 24.203898
2049.758252, 24.209196
2052.872636, 24.214735
2055.992212, 24.220033
2059.111787, 24.225572
2062.226172, 24.230870
2065.345747, 24.236168
2068.460132, 24.241466
2071.579707, 24.247004
2074.699283, 24.252302
2077.813667, 24.257600
2080.933243, 24.262898
2084.052818, 24.268437
2087.167203, 24.273735
2090.286778, 24.279033
2093.401163, 24.284331
2096.520738, 24.289629
2099.640314, 24.295168
2102.754698, 24.300466
2105.874274, 24.305764
2108.988658, 24.311062
2112.108234, 24.316360
2115.227809, 24.321658
2118.342194, 24.326715
2121.461769, 24.332013
2124.576154, 24.337311
2127.695729, 24.342609
2130.815305, 24.347907
2133.929689, 24.353205
2137.049265, 24.358503
2140.163649, 24.363801
2143.283225, 24.369099
2146.402800, 24.374156
2149.517185, 24.379454
2152.636760, 24.384752
2155.751145, 24.389810
2158.870720, 24.395108
2161.990295, 24.400406
2165.104680, 24.405463
2168.224256, 24.410761
2171.338640, 24.415818
2174.458216, 24.421116
2177.577791, 24.426414
2180.692176, 24.431471
2183.811751, 24.436769
2186.926136, 24.441826
2190.045711, 24.447124
2193.165286, 24.452181
2196.279671, 24.457239
2199.399247, 24.462537
2202.513631, 24.467594
2205.633207, 24.472651
2208.752782, 24.477949
2211.867167, 24.483006
2214.986742, 24.488063
2218.101127, 24.493361
2221.220702, 24.498418
2224.340277, 24.503476
2227.454662, 24.508774
2230.574238, 24.513831
2233.688622, 24.518888
2236.808198, 24.523945
2239.927773, 24.529002
2243.042158, 24.534060
2246.161733, 24.539358
2249.276118, 24.544174
2252.395693, 24.549231
2255.515268, 24.554288
2258.629653, 24.559345
2261.749228, 24.564403
2264.863613, 24.569460
2267.983189, 24.574517
2271.102764, 24.579574
2274.217149, 24.584631
2277.336724, 24.589689
2280.451109, 24.594746
2283.570684, 24.599562
2286.690259, 24.604619
2289.804644, 24.609676
2292.924219, 24.614734
2296.038604, 24.619550
2299.158180, 24.624607
2302.277755, 24.629423
2305.392140, 24.634481
2308.511715, 24.639297
2311.626100, 24.644354
2314.745675, 24.649411
2317.865250, 24.654228
2320.979635, 24.659285
2324.099210, 24.664101
2327.213595, 24.669158
2330.333170, 24.673975
2333.452746, 24.679032
2336.567131, 24.683848
2339.686706, 24.688906
2342.801091, 24.693722
2345.920666, 24.698538
2349.040241, 24.703355
2352.154626, 24.708171
2355.274201, 24.713228
2358.388586, 24.718045
2361.508161, 24.722861
2364.627737, 24.727918
2367.742122, 24.732734
2370.861697, 24.737551
2373.976082, 24.742367
2377.095657, 24.747184
2380.215232, 24.752000
2383.329617, 24.756816
2386.449192, 24.761633
2389.563577, 24.766690
2392.683152, 24.771506
2395.802728, 24.776322
2398.917113, 24.780898
2402.036688, 24.785714
2405.151073, 24.790531
2408.270648, 24.795347
2411.390223, 24.800163
2414.504608, 24.804739
2417.624183, 24.809555
2420.738568, 24.814372
2423.858143, 24.819188
2426.977719, 24.824004
2430.092103, 24.828821
2433.211679, 24.833396
2436.326064, 24.838213
2439.445639, 24.843029
2442.565214, 24.847605
2445.679599, 24.852421
2448.799174, 24.856997
2451.913559, 24.861813
2455.033134, 24.866388
2458.152710, 24.871205
2461.267094, 24.875780
2464.386670, 24.880597
2467.501055, 24.885172
2470.620630, 24.889989
2473.740205, 24.894564
2476.854590, 24.899381
2479.974165, 24.903956
2483.088550, 24.908532
2486.208125, 24.913107
2489.327701, 24.917923
2492.442085, 24.922499
2495.561661, 24.927315
2498.676045, 24.931891
2501.795621, 24.936466
2504.915196, 24.941042
2508.029581, 24.945618
2511.149156, 24.950193
2514.263541, 24.954769
2517.383116, 24.959585
2520.502692, 24.963920
2523.617076, 24.968495
2526.736652, 24.973071
2529.851036, 24.977646
2532.970612, 24.982463
2536.090187, 24.987038
2539.204572, 24.991614
2542.324147, 24.995949
2545.438532, 25.000524
2548.558107, 25.005100
2551.677683, 25.009675
2554.792067, 25.014251
2557.911643, 25.018585
2561.026027, 25.023161
2564.145603, 25.027737
2567.265178, 25.032071
2570.379563, 25.036647
2573.499138, 25.041222
2576.613523, 25.045557
2579.733098, 25.050133
2582.852674, 25.054708
2585.967058, 25.059043
2589.086634, 25.063618
2592.201018, 25.067953
2595.320594, 25.072529
