/*--------------------------------*- C++ -*----------------------------------*\
| =========                 |                                                 |
| \\      /  F ield         | OpenFOAM: The Open Source CFD Toolbox           |
|  \\    /   O peration     | Version:  2312                                  |
|   \\  /    A nd           | Website:  www.openfoam.com                      |
|    \\/     M anipulation  |                                                 |
\*---------------------------------------------------------------------------*/
FoamFile
{
    version     2.0;
    format      ascii;
    arch        "LSB;label=32;scalar=64";
    class       volVectorField;
    location    "56.045";
    object      U;
}
// * * * * * * * * * * * * * * * * * * * * * * * * * * * * * * * * * * * * * //

dimensions      [0 1 -1 0 0 0 0];

internalField   nonuniform List<vector> 
4000
(
(0.0123858 8.13442e-19 0)
(0.037141 2.48017e-18 0)
(0.0618794 2.25683e-18 0)
(0.0865981 2.11379e-18 0)
(0.111285 2.09287e-18 0)
(0.135912 2.09446e-18 0)
(0.160415 2.1011e-18 0)
(0.18469 2.11298e-18 0)
(0.208583 2.12369e-18 0)
(0.231904 2.12555e-18 0)
(0.25445 2.11199e-18 0)
(0.27604 2.09498e-18 0)
(0.296537 2.09355e-18 0)
(0.315865 2.08402e-18 0)
(0.334005 2.07677e-18 0)
(0.35098 2.07203e-18 0)
(0.366847 2.0657e-18 0)
(0.381676 2.06461e-18 0)
(0.395548 2.0642e-18 0)
(0.408556 2.06444e-18 0)
(0.420797 2.06502e-18 0)
(0.432348 2.06523e-18 0)
(0.443264 2.06499e-18 0)
(0.453594 2.06205e-18 0)
(0.463383 2.05671e-18 0)
(0.472672 2.05143e-18 0)
(0.4815 2.04621e-18 0)
(0.489902 2.04107e-18 0)
(0.497909 2.03603e-18 0)
(0.505551 2.03111e-18 0)
(0.512855 2.02631e-18 0)
(0.519844 2.02165e-18 0)
(0.526542 2.01711e-18 0)
(0.532968 2.01272e-18 0)
(0.539141 2.00846e-18 0)
(0.545078 2.00433e-18 0)
(0.550794 2.00033e-18 0)
(0.556304 1.99645e-18 0)
(0.561619 1.99269e-18 0)
(0.566753 1.98904e-18 0)
(0.571716 1.98549e-18 0)
(0.576519 1.98203e-18 0)
(0.58117 1.97867e-18 0)
(0.585678 1.97538e-18 0)
(0.590051 1.97218e-18 0)
(0.594296 1.96904e-18 0)
(0.59842 1.96597e-18 0)
(0.60243 1.96296e-18 0)
(0.606331 1.96001e-18 0)
(0.610129 1.9571e-18 0)
(0.613829 1.95424e-18 0)
(0.617435 1.95142e-18 0)
(0.620951 1.94865e-18 0)
(0.624383 1.94591e-18 0)
(0.627734 1.9432e-18 0)
(0.631007 1.94052e-18 0)
(0.634206 1.93787e-18 0)
(0.637335 1.93524e-18 0)
(0.640395 1.93262e-18 0)
(0.643391 1.93003e-18 0)
(0.646324 1.9275e-18 0)
(0.6492 1.925e-18 0)
(0.652019 1.92249e-18 0)
(0.654783 1.91999e-18 0)
(0.657496 1.91752e-18 0)
(0.660159 1.91506e-18 0)
(0.662773 1.91262e-18 0)
(0.66534 1.91021e-18 0)
(0.667862 1.90781e-18 0)
(0.670341 1.90543e-18 0)
(0.672777 1.90307e-18 0)
(0.675173 1.90074e-18 0)
(0.677529 1.89843e-18 0)
(0.679848 1.89614e-18 0)
(0.682129 1.89387e-18 0)
(0.684375 1.89164e-18 0)
(0.686585 1.88943e-18 0)
(0.688763 1.88725e-18 0)
(0.690907 1.88511e-18 0)
(0.69302 1.88299e-18 0)
(0.695103 1.88092e-18 0)
(0.697155 1.87888e-18 0)
(0.699178 1.87689e-18 0)
(0.701174 1.87493e-18 0)
(0.703141 1.87303e-18 0)
(0.705082 1.87117e-18 0)
(0.706997 1.86937e-18 0)
(0.708887 1.86762e-18 0)
(0.710752 1.86593e-18 0)
(0.712594 1.86429e-18 0)
(0.714411 1.86273e-18 0)
(0.716206 1.86123e-18 0)
(0.717979 1.85979e-18 0)
(0.71973 1.85843e-18 0)
(0.72146 1.85714e-18 0)
(0.723169 1.85593e-18 0)
(0.724859 1.85479e-18 0)
(0.726528 1.85374e-18 0)
(0.728178 1.85276e-18 0)
(0.72981 1.85185e-18 0)
(0.731423 1.85103e-18 0)
(0.733018 1.85028e-18 0)
(0.734596 1.84961e-18 0)
(0.736156 1.849e-18 0)
(0.7377 1.84846e-18 0)
(0.739227 1.84798e-18 0)
(0.740738 1.84755e-18 0)
(0.742233 1.84715e-18 0)
(0.743713 1.84679e-18 0)
(0.745178 1.84644e-18 0)
(0.746628 1.8461e-18 0)
(0.748064 1.84573e-18 0)
(0.749485 1.84533e-18 0)
(0.750893 1.84486e-18 0)
(0.752286 1.8443e-18 0)
(0.753667 1.84361e-18 0)
(0.755034 1.84284e-18 0)
(0.756389 1.84199e-18 0)
(0.757731 1.84102e-18 0)
(0.759061 1.8399e-18 0)
(0.76038 1.8386e-18 0)
(0.761687 1.83709e-18 0)
(0.762982 1.83537e-18 0)
(0.764267 1.83342e-18 0)
(0.765541 1.83123e-18 0)
(0.766804 1.8288e-18 0)
(0.768056 1.82613e-18 0)
(0.769299 1.82322e-18 0)
(0.770531 1.82009e-18 0)
(0.771753 1.81675e-18 0)
(0.772965 1.81322e-18 0)
(0.774168 1.80954e-18 0)
(0.775361 1.80572e-18 0)
(0.776545 1.8018e-18 0)
(0.777719 1.7978e-18 0)
(0.778885 1.79385e-18 0)
(0.780042 1.79008e-18 0)
(0.781189 1.78684e-18 0)
(0.782329 1.78402e-18 0)
(0.783459 1.78693e-18 0)
(0.784582 1.78627e-18 0)
(0.785696 1.78532e-18 0)
(0.786802 1.78718e-18 0)
(0.7879 1.78288e-18 0)
(0.78899 1.77772e-18 0)
(0.790072 1.77158e-18 0)
(0.791147 1.76483e-18 0)
(0.792214 1.75761e-18 0)
(0.793274 1.75003e-18 0)
(0.794326 1.74213e-18 0)
(0.795371 1.73396e-18 0)
(0.796409 1.72556e-18 0)
(0.79744 1.71698e-18 0)
(0.798464 1.70822e-18 0)
(0.799481 1.69932e-18 0)
(0.800491 1.69036e-18 0)
(0.801495 1.6814e-18 0)
(0.802492 1.6725e-18 0)
(0.803483 1.66377e-18 0)
(0.804467 1.65524e-18 0)
(0.805445 1.64705e-18 0)
(0.806416 1.63936e-18 0)
(0.807382 1.63232e-18 0)
(0.808341 1.62612e-18 0)
(0.809294 1.62101e-18 0)
(0.810242 1.61728e-18 0)
(0.811183 1.61526e-18 0)
(0.812119 1.61526e-18 0)
(0.813049 1.61751e-18 0)
(0.813973 1.62314e-18 0)
(0.814892 1.62368e-18 0)
(0.815805 1.59879e-18 0)
(0.816713 1.57411e-18 0)
(0.817615 1.57503e-18 0)
(0.818512 1.58114e-18 0)
(0.819403 1.58399e-18 0)
(0.82029 1.58474e-18 0)
(0.821171 1.58365e-18 0)
(0.822047 1.58104e-18 0)
(0.822918 1.57722e-18 0)
(0.823784 1.57247e-18 0)
(0.824645 1.56701e-18 0)
(0.825502 1.56103e-18 0)
(0.826353 1.55471e-18 0)
(0.8272 1.54814e-18 0)
(0.828041 1.5414e-18 0)
(0.828879 1.53456e-18 0)
(0.829711 1.52764e-18 0)
(0.830539 1.52061e-18 0)
(0.831362 1.51346e-18 0)
(0.832181 1.50617e-18 0)
(0.832995 1.49865e-18 0)
(0.833805 1.49084e-18 0)
(0.834611 1.48262e-18 0)
(0.835412 1.47387e-18 0)
(0.836209 1.46447e-18 0)
(0.837001 1.45427e-18 0)
(0.83779 1.44308e-18 0)
(0.838574 1.43078e-18 0)
(0.839354 1.41715e-18 0)
(0.84013 1.40198e-18 0)
(0.840902 1.38543e-18 0)
(0.841669 1.36209e-18 0)
(0.842433 1.35238e-18 0)
(0.843193 1.34294e-18 0)
(0.843949 1.32062e-18 0)
(0.844701 1.30561e-18 0)
(0.845449 1.29255e-18 0)
(0.846193 1.28157e-18 0)
(0.846933 1.27246e-18 0)
(0.84767 1.26499e-18 0)
(0.848403 1.25898e-18 0)
(0.849132 1.25424e-18 0)
(0.849857 1.25065e-18 0)
(0.850579 1.24808e-18 0)
(0.851297 1.24635e-18 0)
(0.852011 1.24536e-18 0)
(0.852722 1.24501e-18 0)
(0.853429 1.2452e-18 0)
(0.854132 1.24586e-18 0)
(0.854832 1.24691e-18 0)
(0.855529 1.24827e-18 0)
(0.856222 1.24992e-18 0)
(0.856911 1.2518e-18 0)
(0.857597 1.25386e-18 0)
(0.85828 1.25607e-18 0)
(0.858959 1.25839e-18 0)
(0.859635 1.2608e-18 0)
(0.860307 1.26331e-18 0)
(0.860976 1.26589e-18 0)
(0.861641 1.26854e-18 0)
(0.862303 1.27124e-18 0)
(0.862962 1.27397e-18 0)
(0.863617 1.27674e-18 0)
(0.864269 1.27953e-18 0)
(0.864918 1.28234e-18 0)
(0.865563 1.28517e-18 0)
(0.866205 1.28802e-18 0)
(0.866843 1.29087e-18 0)
(0.867479 1.29374e-18 0)
(0.86811 1.29662e-18 0)
(0.868739 1.29951e-18 0)
(0.869364 1.30241e-18 0)
(0.869986 1.30531e-18 0)
(0.870604 1.30822e-18 0)
(0.871219 1.31114e-18 0)
(0.87183 1.31406e-18 0)
(0.872438 1.31698e-18 0)
(0.873043 1.3199e-18 0)
(0.873644 1.32281e-18 0)
(0.874242 1.32573e-18 0)
(0.874836 1.32864e-18 0)
(0.875426 1.33154e-18 0)
(0.876013 1.33443e-18 0)
(0.876596 1.33731e-18 0)
(0.877176 1.34018e-18 0)
(0.877751 1.34304e-18 0)
(0.878323 1.34588e-18 0)
(0.878892 1.34871e-18 0)
(0.879456 1.35151e-18 0)
(0.880016 1.3543e-18 0)
(0.880573 1.35707e-18 0)
(0.881125 1.35982e-18 0)
(0.881673 1.36255e-18 0)
(0.882217 1.36525e-18 0)
(0.882757 1.36793e-18 0)
(0.883293 1.37058e-18 0)
(0.883824 1.37321e-18 0)
(0.884351 1.37581e-18 0)
(0.884874 1.37837e-18 0)
(0.885393 1.38089e-18 0)
(0.885909 1.38336e-18 0)
(0.88642 1.38579e-18 0)
(0.886929 1.38835e-18 0)
(0.887435 1.39103e-18 0)
(0.887938 1.39359e-18 0)
(0.888439 1.39602e-18 0)
(0.888938 1.39846e-18 0)
(0.889435 1.4009e-18 0)
(0.889928 1.40333e-18 0)
(0.89042 1.40576e-18 0)
(0.890909 1.40818e-18 0)
(0.891396 1.41059e-18 0)
(0.891881 1.413e-18 0)
(0.892364 1.4154e-18 0)
(0.892844 1.41779e-18 0)
(0.893322 1.42018e-18 0)
(0.893797 1.42256e-18 0)
(0.894271 1.42494e-18 0)
(0.894742 1.42731e-18 0)
(0.895211 1.42968e-18 0)
(0.895678 1.43204e-18 0)
(0.896143 1.4344e-18 0)
(0.896605 1.43675e-18 0)
(0.897065 1.4391e-18 0)
(0.897524 1.44145e-18 0)
(0.89798 1.44379e-18 0)
(0.898434 1.44614e-18 0)
(0.898885 1.44847e-18 0)
(0.899335 1.45081e-18 0)
(0.899783 1.45314e-18 0)
(0.900228 1.45547e-18 0)
(0.900672 1.4578e-18 0)
(0.901114 1.46013e-18 0)
(0.901553 1.46245e-18 0)
(0.90199 1.46477e-18 0)
(0.902426 1.46709e-18 0)
(0.902859 1.46941e-18 0)
(0.903291 1.47172e-18 0)
(0.90372 1.47404e-18 0)
(0.904148 1.47635e-18 0)
(0.904573 1.47866e-18 0)
(0.904997 1.48096e-18 0)
(0.905419 1.48327e-18 0)
(0.905838 1.48557e-18 0)
(0.906256 1.48787e-18 0)
(0.906672 1.49016e-18 0)
(0.907086 1.49246e-18 0)
(0.907498 1.49475e-18 0)
(0.907909 1.49704e-18 0)
(0.908317 1.49933e-18 0)
(0.908724 1.50161e-18 0)
(0.909128 1.5039e-18 0)
(0.909531 1.50618e-18 0)
(0.909932 1.50845e-18 0)
(0.910332 1.51073e-18 0)
(0.910729 1.513e-18 0)
(0.911125 1.51527e-18 0)
(0.911519 1.51754e-18 0)
(0.911911 1.5198e-18 0)
(0.912301 1.52206e-18 0)
(0.912689 1.52432e-18 0)
(0.913076 1.52658e-18 0)
(0.913461 1.52883e-18 0)
(0.913845 1.53108e-18 0)
(0.914226 1.53333e-18 0)
(0.914606 1.53557e-18 0)
(0.914984 1.53781e-18 0)
(0.915361 1.54005e-18 0)
(0.915736 1.54229e-18 0)
(0.916109 1.54452e-18 0)
(0.91648 1.54675e-18 0)
(0.91685 1.54898e-18 0)
(0.917218 1.5512e-18 0)
(0.917585 1.55342e-18 0)
(0.917949 1.55564e-18 0)
(0.918313 1.55786e-18 0)
(0.918674 1.56007e-18 0)
(0.919034 1.56228e-18 0)
(0.919392 1.56448e-18 0)
(0.919749 1.56668e-18 0)
(0.920104 1.56888e-18 0)
(0.920458 1.57108e-18 0)
(0.92081 1.57327e-18 0)
(0.92116 1.57546e-18 0)
(0.921509 1.57765e-18 0)
(0.921857 1.57984e-18 0)
(0.922202 1.58202e-18 0)
(0.922547 1.5842e-18 0)
(0.922889 1.58637e-18 0)
(0.92323 1.58854e-18 0)
(0.92357 1.59071e-18 0)
(0.923908 1.59288e-18 0)
(0.924245 1.59504e-18 0)
(0.92458 1.5972e-18 0)
(0.924914 1.59936e-18 0)
(0.925246 1.60151e-18 0)
(0.925577 1.60366e-18 0)
(0.925906 1.60581e-18 0)
(0.926234 1.60795e-18 0)
(0.92656 1.6101e-18 0)
(0.926885 1.61223e-18 0)
(0.927208 1.61437e-18 0)
(0.92753 1.6165e-18 0)
(0.927851 1.61863e-18 0)
(0.92817 1.62076e-18 0)
(0.928488 1.62288e-18 0)
(0.928804 1.625e-18 0)
(0.929119 1.62712e-18 0)
(0.929433 1.62924e-18 0)
(0.929745 1.63135e-18 0)
(0.930056 1.63346e-18 0)
(0.930365 1.63556e-18 0)
(0.930673 1.63766e-18 0)
(0.93098 1.63976e-18 0)
(0.931285 1.64186e-18 0)
(0.931589 1.64395e-18 0)
(0.931892 1.64604e-18 0)
(0.932193 1.64813e-18 0)
(0.932493 1.65021e-18 0)
(0.932792 1.6523e-18 0)
(0.933089 1.65437e-18 0)
(0.933385 1.65645e-18 0)
(0.93368 1.65852e-18 0)
(0.933974 1.66059e-18 0)
(0.934266 1.66266e-18 0)
(0.934557 1.66472e-18 0)
(0.934846 1.66678e-18 0)
(0.935135 1.66884e-18 0)
(0.935422 1.67089e-18 0)
(0.935707 1.67294e-18 0)
(0.935992 1.67499e-18 0)
(0.936275 1.67703e-18 0)
(0.936557 1.67908e-18 0)
(0.936838 1.68111e-18 0)
(0.937117 1.68315e-18 0)
(0.937396 1.68518e-18 0)
(0.937673 1.68721e-18 0)
(0.937949 1.68924e-18 0)
(0.938223 1.69126e-18 0)
(0.938497 1.69328e-18 0)
(0.938769 1.6953e-18 0)
(0.93904 1.69731e-18 0)
(0.93931 1.69932e-18 0)
(0.939579 1.70133e-18 0)
(0.939846 1.70334e-18 0)
(0.940112 1.70534e-18 0)
(0.940378 1.70734e-18 0)
(0.940642 1.70933e-18 0)
(0.940904 1.71132e-18 0)
(0.941166 1.71331e-18 0)
(0.941427 1.7153e-18 0)
(0.941686 1.71728e-18 0)
(0.941944 1.71926e-18 0)
(0.942201 1.72124e-18 0)
(0.942457 1.72321e-18 0)
(0.942712 1.72518e-18 0)
(0.942966 1.72715e-18 0)
(0.943219 1.72912e-18 0)
(0.94347 1.73108e-18 0)
(0.943721 1.73303e-18 0)
(0.94397 1.73499e-18 0)
(0.944218 1.73694e-18 0)
(0.944465 1.73889e-18 0)
(0.944711 1.74084e-18 0)
(0.944956 1.74278e-18 0)
(0.9452 1.74472e-18 0)
(0.945443 1.74666e-18 0)
(0.945685 1.74859e-18 0)
(0.945925 1.75052e-18 0)
(0.946165 1.75245e-18 0)
(0.946404 1.75437e-18 0)
(0.946641 1.75629e-18 0)
(0.946878 1.75821e-18 0)
(0.947113 1.76013e-18 0)
(0.947348 1.76204e-18 0)
(0.947581 1.76395e-18 0)
(0.947813 1.76585e-18 0)
(0.948045 1.76776e-18 0)
(0.948275 1.76966e-18 0)
(0.948505 1.77155e-18 0)
(0.948733 1.77345e-18 0)
(0.94896 1.77534e-18 0)
(0.949187 1.77723e-18 0)
(0.949412 1.77911e-18 0)
(0.949636 1.78099e-18 0)
(0.94986 1.78287e-18 0)
(0.950082 1.78475e-18 0)
(0.950304 1.78662e-18 0)
(0.950524 1.78849e-18 0)
(0.950744 1.79036e-18 0)
(0.950962 1.79222e-18 0)
(0.95118 1.79409e-18 0)
(0.951396 1.79595e-18 0)
(0.951612 1.7978e-18 0)
(0.951827 1.79965e-18 0)
(0.952041 1.8015e-18 0)
(0.952254 1.80335e-18 0)
(0.952465 1.8052e-18 0)
(0.952676 1.80704e-18 0)
(0.952887 1.80888e-18 0)
(0.953096 1.81071e-18 0)
(0.953304 1.81255e-18 0)
(0.953511 1.81438e-18 0)
(0.953718 1.8162e-18 0)
(0.953923 1.81803e-18 0)
(0.954128 1.81985e-18 0)
(0.954332 1.82167e-18 0)
(0.954535 1.82349e-18 0)
(0.954737 1.8253e-18 0)
(0.954938 1.82711e-18 0)
(0.955138 1.82892e-18 0)
(0.955337 1.83073e-18 0)
(0.955536 1.83253e-18 0)
(0.955733 1.83433e-18 0)
(0.95593 1.83613e-18 0)
(0.956126 1.83793e-18 0)
(0.956321 1.83972e-18 0)
(0.956515 1.84151e-18 0)
(0.956708 1.8433e-18 0)
(0.956901 1.84508e-18 0)
(0.957092 1.84687e-18 0)
(0.957283 1.84865e-18 0)
(0.957473 1.85043e-18 0)
(0.957662 1.8522e-18 0)
(0.957851 1.85398e-18 0)
(0.958038 1.85575e-18 0)
(0.958225 1.85752e-18 0)
(0.958411 1.85928e-18 0)
(0.958596 1.86105e-18 0)
(0.95878 1.86281e-18 0)
(0.958963 1.86457e-18 0)
(0.959146 1.86632e-18 0)
(0.959328 1.86808e-18 0)
(0.959509 1.86983e-18 0)
(0.959689 1.87158e-18 0)
(0.959868 1.87333e-18 0)
(0.960047 1.87508e-18 0)
(0.960225 1.87682e-18 0)
(0.960402 1.87856e-18 0)
(0.960578 1.8803e-18 0)
(0.960754 1.88204e-18 0)
(0.960929 1.88377e-18 0)
(0.961103 1.88551e-18 0)
(0.961276 1.88724e-18 0)
(0.961449 1.88897e-18 0)
(0.96162 1.8907e-18 0)
(0.961791 1.89242e-18 0)
(0.961962 1.89414e-18 0)
(0.962131 1.89587e-18 0)
(0.9623 1.89759e-18 0)
(0.962468 1.8993e-18 0)
(0.962635 1.90102e-18 0)
(0.962802 1.90273e-18 0)
(0.962968 1.90445e-18 0)
(0.963133 1.90616e-18 0)
(0.963297 1.90787e-18 0)
(0.963461 1.90957e-18 0)
(0.963624 1.91128e-18 0)
(0.963786 1.91298e-18 0)
(0.963948 1.91468e-18 0)
(0.964109 1.91638e-18 0)
(0.964269 1.91808e-18 0)
(0.964428 1.91978e-18 0)
(0.964587 1.92147e-18 0)
(0.964745 1.92317e-18 0)
(0.964903 1.92486e-18 0)
(0.965059 1.92655e-18 0)
(0.965215 1.92824e-18 0)
(0.965371 1.92993e-18 0)
(0.965525 1.93162e-18 0)
(0.965679 1.9333e-18 0)
(0.965833 1.93499e-18 0)
(0.965985 1.93667e-18 0)
(0.966137 1.93835e-18 0)
(0.966289 1.94003e-18 0)
(0.966439 1.94171e-18 0)
(0.966589 1.94339e-18 0)
(0.966739 1.94506e-18 0)
(0.966888 1.94674e-18 0)
(0.967036 1.94841e-18 0)
(0.967183 1.95008e-18 0)
(0.96733 1.95176e-18 0)
(0.967476 1.95343e-18 0)
(0.967621 1.9551e-18 0)
(0.967766 1.95676e-18 0)
(0.967911 1.95843e-18 0)
(0.968054 1.9601e-18 0)
(0.968197 1.96177e-18 0)
(0.96834 1.96343e-18 0)
(0.968481 1.96509e-18 0)
(0.968622 1.96676e-18 0)
(0.968763 1.96842e-18 0)
(0.968903 1.97008e-18 0)
(0.969042 1.97174e-18 0)
(0.969181 1.9734e-18 0)
(0.969319 1.97506e-18 0)
(0.969456 1.97672e-18 0)
(0.969593 1.97838e-18 0)
(0.96973 1.98004e-18 0)
(0.969865 1.98169e-18 0)
(0.970001 1.98335e-18 0)
(0.970135 1.985e-18 0)
(0.970269 1.98666e-18 0)
(0.970402 1.98831e-18 0)
(0.970535 1.98997e-18 0)
(0.970667 1.99162e-18 0)
(0.970799 1.99328e-18 0)
(0.97093 1.99493e-18 0)
(0.971061 1.99658e-18 0)
(0.971191 1.99824e-18 0)
(0.97132 1.99989e-18 0)
(0.971449 2.00154e-18 0)
(0.971577 2.00319e-18 0)
(0.971705 2.00484e-18 0)
(0.971832 2.0065e-18 0)
(0.971958 2.00815e-18 0)
(0.972084 2.0098e-18 0)
(0.97221 2.01145e-18 0)
(0.972335 2.0131e-18 0)
(0.972459 2.01475e-18 0)
(0.972583 2.01641e-18 0)
(0.972707 2.01806e-18 0)
(0.972829 2.01971e-18 0)
(0.972952 2.02136e-18 0)
(0.973073 2.02302e-18 0)
(0.973195 2.02467e-18 0)
(0.973315 2.02632e-18 0)
(0.973435 2.02797e-18 0)
(0.973555 2.02963e-18 0)
(0.973674 2.03128e-18 0)
(0.973793 2.03294e-18 0)
(0.973911 2.03459e-18 0)
(0.974028 2.03625e-18 0)
(0.974145 2.0379e-18 0)
(0.974262 2.03956e-18 0)
(0.974378 2.04121e-18 0)
(0.974494 2.04287e-18 0)
(0.974609 2.04453e-18 0)
(0.974723 2.04619e-18 0)
(0.974837 2.04785e-18 0)
(0.974951 2.04951e-18 0)
(0.975064 2.05117e-18 0)
(0.975177 2.05283e-18 0)
(0.975289 2.05449e-18 0)
(0.9754 2.05616e-18 0)
(0.975511 2.05782e-18 0)
(0.975622 2.05949e-18 0)
(0.975732 2.06116e-18 0)
(0.975842 2.06282e-18 0)
(0.975951 2.06449e-18 0)
(0.97606 2.06616e-18 0)
(0.976168 2.06783e-18 0)
(0.976276 2.0695e-18 0)
(0.976383 2.07118e-18 0)
(0.97649 2.07285e-18 0)
(0.976597 2.07453e-18 0)
(0.976703 2.07621e-18 0)
(0.976808 2.07789e-18 0)
(0.976913 2.07957e-18 0)
(0.977018 2.08125e-18 0)
(0.977122 2.08293e-18 0)
(0.977226 2.08461e-18 0)
(0.977329 2.0863e-18 0)
(0.977432 2.08799e-18 0)
(0.977534 2.08968e-18 0)
(0.977636 2.09137e-18 0)
(0.977737 2.09306e-18 0)
(0.977839 2.09476e-18 0)
(0.977939 2.09645e-18 0)
(0.978039 2.09815e-18 0)
(0.978139 2.09985e-18 0)
(0.978238 2.10155e-18 0)
(0.978337 2.10326e-18 0)
(0.978436 2.10496e-18 0)
(0.978534 2.10667e-18 0)
(0.978631 2.10838e-18 0)
(0.978728 2.11009e-18 0)
(0.978825 2.11181e-18 0)
(0.978922 2.11352e-18 0)
(0.979018 2.11524e-18 0)
(0.979113 2.11696e-18 0)
(0.979208 2.11869e-18 0)
(0.979303 2.12041e-18 0)
(0.979397 2.12214e-18 0)
(0.979491 2.12387e-18 0)
(0.979585 2.1256e-18 0)
(0.979678 2.12734e-18 0)
(0.97977 2.12908e-18 0)
(0.979863 2.13082e-18 0)
(0.979954 2.13256e-18 0)
(0.980046 2.13431e-18 0)
(0.980137 2.13605e-18 0)
(0.980228 2.13781e-18 0)
(0.980318 2.13956e-18 0)
(0.980408 2.14132e-18 0)
(0.980498 2.14308e-18 0)
(0.980587 2.14484e-18 0)
(0.980675 2.1466e-18 0)
(0.980764 2.14837e-18 0)
(0.980852 2.15014e-18 0)
(0.980939 2.15192e-18 0)
(0.981027 2.1537e-18 0)
(0.981114 2.15548e-18 0)
(0.9812 2.15726e-18 0)
(0.981286 2.15905e-18 0)
(0.981372 2.16084e-18 0)
(0.981457 2.16263e-18 0)
(0.981542 2.16443e-18 0)
(0.981627 2.16623e-18 0)
(0.981711 2.16803e-18 0)
(0.981795 2.16984e-18 0)
(0.981879 2.17165e-18 0)
(0.981962 2.17346e-18 0)
(0.982045 2.17528e-18 0)
(0.982127 2.1771e-18 0)
(0.98221 2.17893e-18 0)
(0.982291 2.18075e-18 0)
(0.982373 2.18259e-18 0)
(0.982454 2.18442e-18 0)
(0.982535 2.18626e-18 0)
(0.982615 2.18811e-18 0)
(0.982695 2.18995e-18 0)
(0.982775 2.1918e-18 0)
(0.982854 2.19366e-18 0)
(0.982933 2.19552e-18 0)
(0.983012 2.19738e-18 0)
(0.98309 2.19925e-18 0)
(0.983168 2.20112e-18 0)
(0.983246 2.20299e-18 0)
(0.983323 2.20487e-18 0)
(0.9834 2.20676e-18 0)
(0.983477 2.20864e-18 0)
(0.983553 2.21053e-18 0)
(0.983629 2.21243e-18 0)
(0.983705 2.21433e-18 0)
(0.98378 2.21624e-18 0)
(0.983855 2.21814e-18 0)
(0.98393 2.22006e-18 0)
(0.984005 2.22198e-18 0)
(0.984079 2.2239e-18 0)
(0.984153 2.22582e-18 0)
(0.984226 2.22776e-18 0)
(0.984299 2.22969e-18 0)
(0.984372 2.23163e-18 0)
(0.984444 2.23358e-18 0)
(0.984517 2.23553e-18 0)
(0.984589 2.23748e-18 0)
(0.98466 2.23944e-18 0)
(0.984731 2.2414e-18 0)
(0.984802 2.24337e-18 0)
(0.984873 2.24534e-18 0)
(0.984944 2.24732e-18 0)
(0.985014 2.2493e-18 0)
(0.985083 2.25129e-18 0)
(0.985153 2.25328e-18 0)
(0.985222 2.25528e-18 0)
(0.985291 2.25728e-18 0)
(0.985359 2.25929e-18 0)
(0.985428 2.2613e-18 0)
(0.985496 2.26332e-18 0)
(0.985564 2.26534e-18 0)
(0.985631 2.26737e-18 0)
(0.985698 2.2694e-18 0)
(0.985765 2.27144e-18 0)
(0.985831 2.27348e-18 0)
(0.985898 2.27553e-18 0)
(0.985964 2.27758e-18 0)
(0.986029 2.27964e-18 0)
(0.986095 2.2817e-18 0)
(0.98616 2.28377e-18 0)
(0.986225 2.28585e-18 0)
(0.98629 2.28792e-18 0)
(0.986354 2.29001e-18 0)
(0.986418 2.2921e-18 0)
(0.986482 2.29419e-18 0)
(0.986545 2.29629e-18 0)
(0.986608 2.2984e-18 0)
(0.986671 2.30051e-18 0)
(0.986734 2.30262e-18 0)
(0.986796 2.30475e-18 0)
(0.986859 2.30687e-18 0)
(0.98692 2.309e-18 0)
(0.986982 2.31114e-18 0)
(0.987043 2.31328e-18 0)
(0.987105 2.31543e-18 0)
(0.987165 2.31759e-18 0)
(0.987226 2.31975e-18 0)
(0.987286 2.32191e-18 0)
(0.987346 2.32408e-18 0)
(0.987406 2.32626e-18 0)
(0.987466 2.32844e-18 0)
(0.987525 2.33063e-18 0)
(0.987584 2.33282e-18 0)
(0.987643 2.33501e-18 0)
(0.987701 2.33722e-18 0)
(0.98776 2.33943e-18 0)
(0.987818 2.34164e-18 0)
(0.987876 2.34386e-18 0)
(0.987933 2.34609e-18 0)
(0.98799 2.34832e-18 0)
(0.988047 2.35055e-18 0)
(0.988104 2.35279e-18 0)
(0.988161 2.35504e-18 0)
(0.988217 2.35729e-18 0)
(0.988273 2.35955e-18 0)
(0.988329 2.36182e-18 0)
(0.988385 2.36409e-18 0)
(0.98844 2.36636e-18 0)
(0.988495 2.36864e-18 0)
(0.98855 2.37093e-18 0)
(0.988605 2.37322e-18 0)
(0.988659 2.37551e-18 0)
(0.988714 2.37782e-18 0)
(0.988768 2.38012e-18 0)
(0.988821 2.38244e-18 0)
(0.988875 2.38476e-18 0)
(0.988928 2.38708e-18 0)
(0.988981 2.38941e-18 0)
(0.989034 2.39174e-18 0)
(0.989087 2.39408e-18 0)
(0.989139 2.39643e-18 0)
(0.989191 2.39878e-18 0)
(0.989243 2.40114e-18 0)
(0.989295 2.4035e-18 0)
(0.989346 2.40586e-18 0)
(0.989398 2.40824e-18 0)
(0.989449 2.41061e-18 0)
(0.9895 2.413e-18 0)
(0.98955 2.41538e-18 0)
(0.989601 2.41778e-18 0)
(0.989651 2.42018e-18 0)
(0.989701 2.42258e-18 0)
(0.989751 2.42499e-18 0)
(0.9898 2.4274e-18 0)
(0.98985 2.42982e-18 0)
(0.989899 2.43224e-18 0)
(0.989948 2.43467e-18 0)
(0.989996 2.43711e-18 0)
(0.990045 2.43955e-18 0)
(0.990093 2.44199e-18 0)
(0.990141 2.44444e-18 0)
(0.990189 2.44689e-18 0)
(0.990237 2.44935e-18 0)
(0.990284 2.45182e-18 0)
(0.990332 2.45429e-18 0)
(0.990379 2.45676e-18 0)
(0.990426 2.45924e-18 0)
(0.990472 2.46172e-18 0)
(0.990519 2.46421e-18 0)
(0.990565 2.46671e-18 0)
(0.990611 2.4692e-18 0)
(0.990657 2.47171e-18 0)
(0.990703 2.47422e-18 0)
(0.990748 2.47673e-18 0)
(0.990794 2.47924e-18 0)
(0.990839 2.48177e-18 0)
(0.990884 2.48429e-18 0)
(0.990929 2.48682e-18 0)
(0.990973 2.48936e-18 0)
(0.991018 2.4919e-18 0)
(0.991062 2.49445e-18 0)
(0.991106 2.49699e-18 0)
(0.99115 2.49954e-18 0)
(0.991193 2.5021e-18 0)
(0.991237 2.50465e-18 0)
(0.99128 2.50722e-18 0)
(0.991323 2.50978e-18 0)
(0.991366 2.51235e-18 0)
(0.991409 2.51492e-18 0)
(0.991451 2.51749e-18 0)
(0.991493 2.52007e-18 0)
(0.991536 2.52265e-18 0)
(0.991578 2.52523e-18 0)
(0.991619 2.52782e-18 0)
(0.991661 2.53041e-18 0)
(0.991703 2.533e-18 0)
(0.991744 2.5356e-18 0)
(0.991785 2.5382e-18 0)
(0.991826 2.54081e-18 0)
(0.991867 2.54341e-18 0)
(0.991907 2.54603e-18 0)
(0.991948 2.54864e-18 0)
(0.991988 2.55125e-18 0)
(0.992028 2.55387e-18 0)
(0.992068 2.5565e-18 0)
(0.992108 2.55912e-18 0)
(0.992147 2.56175e-18 0)
(0.992187 2.56439e-18 0)
(0.992226 2.56702e-18 0)
(0.992265 2.56966e-18 0)
(0.992304 2.57231e-18 0)
(0.992342 2.57495e-18 0)
(0.992381 2.57761e-18 0)
(0.992419 2.58026e-18 0)
(0.992458 2.58292e-18 0)
(0.992496 2.58558e-18 0)
(0.992534 2.58824e-18 0)
(0.992571 2.5909e-18 0)
(0.992609 2.59358e-18 0)
(0.992647 2.59625e-18 0)
(0.992684 2.59893e-18 0)
(0.992721 2.60161e-18 0)
(0.992758 2.6043e-18 0)
(0.992795 2.60699e-18 0)
(0.992831 2.60968e-18 0)
(0.992868 2.61238e-18 0)
(0.992904 2.61508e-18 0)
(0.99294 2.61778e-18 0)
(0.992977 2.6205e-18 0)
(0.993012 2.62321e-18 0)
(0.993048 2.62592e-18 0)
(0.993084 2.62864e-18 0)
(0.993119 2.63137e-18 0)
(0.993154 2.6341e-18 0)
(0.99319 2.63683e-18 0)
(0.993225 2.63956e-18 0)
(0.993259 2.6423e-18 0)
(0.993294 2.64505e-18 0)
(0.993329 2.64779e-18 0)
(0.993363 2.65054e-18 0)
(0.993397 2.6533e-18 0)
(0.993431 2.65606e-18 0)
(0.993465 2.65883e-18 0)
(0.993499 2.66159e-18 0)
(0.993533 2.66436e-18 0)
(0.993567 2.66714e-18 0)
(0.9936 2.66992e-18 0)
(0.993633 2.67271e-18 0)
(0.993666 2.67549e-18 0)
(0.993699 2.67828e-18 0)
(0.993732 2.68108e-18 0)
(0.993765 2.68387e-18 0)
(0.993797 2.68668e-18 0)
(0.99383 2.68948e-18 0)
(0.993862 2.69229e-18 0)
(0.993894 2.6951e-18 0)
(0.993926 2.69791e-18 0)
(0.993958 2.70073e-18 0)
(0.99399 2.70356e-18 0)
(0.994022 2.70639e-18 0)
(0.994053 2.70922e-18 0)
(0.994084 2.71205e-18 0)
(0.994116 2.71489e-18 0)
(0.994147 2.71773e-18 0)
(0.994178 2.72057e-18 0)
(0.994209 2.72342e-18 0)
(0.994239 2.72627e-18 0)
(0.99427 2.72912e-18 0)
(0.9943 2.73197e-18 0)
(0.994331 2.73483e-18 0)
(0.994361 2.73769e-18 0)
(0.994391 2.74054e-18 0)
(0.994421 2.7434e-18 0)
(0.994451 2.74626e-18 0)
(0.99448 2.74912e-18 0)
(0.99451 2.75197e-18 0)
(0.994539 2.75482e-18 0)
(0.994569 2.75767e-18 0)
(0.994598 2.76052e-18 0)
(0.994627 2.76336e-18 0)
(0.994656 2.76619e-18 0)
(0.994685 2.76902e-18 0)
(0.994713 2.77184e-18 0)
(0.994742 2.77464e-18 0)
(0.99477 2.77744e-18 0)
(0.994799 2.78023e-18 0)
(0.994827 2.783e-18 0)
(0.994855 2.78576e-18 0)
(0.994883 2.7885e-18 0)
(0.994911 2.79123e-18 0)
(0.994939 2.79393e-18 0)
(0.994966 2.79662e-18 0)
(0.994994 2.79928e-18 0)
(0.995021 2.80191e-18 0)
(0.995049 2.80453e-18 0)
(0.995076 2.80711e-18 0)
(0.995103 2.80966e-18 0)
(0.99513 2.81219e-18 0)
(0.995157 2.81468e-18 0)
(0.995183 2.81713e-18 0)
(0.99521 2.81955e-18 0)
(0.995236 2.82194e-18 0)
(0.995263 2.82428e-18 0)
(0.995289 2.82658e-18 0)
(0.995315 2.82885e-18 0)
(0.995341 2.83107e-18 0)
(0.995367 2.83325e-18 0)
(0.995393 2.83539e-18 0)
(0.995419 2.83748e-18 0)
(0.995445 2.83952e-18 0)
(0.99547 2.84153e-18 0)
(0.995495 2.84348e-18 0)
(0.995521 2.84539e-18 0)
(0.995546 2.84726e-18 0)
(0.995571 2.84908e-18 0)
(0.995596 2.85085e-18 0)
(0.995621 2.85258e-18 0)
(0.995646 2.85426e-18 0)
(0.99567 2.8559e-18 0)
(0.995695 2.8575e-18 0)
(0.99572 2.85905e-18 0)
(0.995744 2.86055e-18 0)
(0.995768 2.86201e-18 0)
(0.995792 2.86343e-18 0)
(0.995816 2.8648e-18 0)
(0.99584 2.86613e-18 0)
(0.995864 2.86743e-18 0)
(0.995888 2.86869e-18 0)
(0.995912 2.86991e-18 0)
(0.995935 2.87111e-18 0)
(0.995959 2.87229e-18 0)
(0.995982 2.87346e-18 0)
(0.996005 2.87464e-18 0)
(0.996029 2.87582e-18 0)
(0.996052 2.87704e-18 0)
(0.996075 2.87831e-18 0)
(0.996098 2.87964e-18 0)
(0.99612 2.88108e-18 0)
(0.996143 2.88262e-18 0)
(0.996166 2.8843e-18 0)
(0.996188 2.88612e-18 0)
(0.996211 2.88809e-18 0)
(0.996233 2.89019e-18 0)
(0.996255 2.89239e-18 0)
(0.996277 2.8946e-18 0)
(0.9963 2.89671e-18 0)
(0.996322 2.89851e-18 0)
(0.996343 2.89974e-18 0)
(0.996365 2.9e-18 0)
(0.996387 2.89876e-18 0)
(0.996408 2.8957e-18 0)
(0.99643 2.88568e-18 0)
(0.996451 2.87811e-18 0)
(0.996473 2.86913e-18 0)
(0.996494 2.85536e-18 0)
(0.996515 2.83938e-18 0)
(0.996536 2.82363e-18 0)
(0.996557 2.80963e-18 0)
(0.996578 2.80214e-18 0)
(0.996599 2.80784e-18 0)
(0.99662 2.772e-18 0)
(0.99664 2.73734e-18 0)
(0.996661 2.7499e-18 0)
(0.996681 2.75797e-18 0)
(0.996702 2.70899e-18 0)
(0.996722 2.66102e-18 0)
(0.996742 2.67151e-18 0)
(0.996762 2.69719e-18 0)
(0.996782 2.71141e-18 0)
(0.996802 2.72561e-18 0)
(0.996822 2.75356e-18 0)
(0.996842 2.78021e-18 0)
(0.996862 2.78683e-18 0)
(0.996882 2.79032e-18 0)
(0.996901 2.8045e-18 0)
(0.996921 2.80495e-18 0)
(0.99694 2.7768e-18 0)
(0.996959 2.75192e-18 0)
(0.996979 2.76023e-18 0)
(0.996998 2.76956e-18 0)
(0.997017 2.76564e-18 0)
(0.997036 2.76448e-18 0)
(0.997055 2.77922e-18 0)
(0.997074 2.79119e-18 0)
(0.997092 2.77007e-18 0)
(0.997111 2.74662e-18 0)
(0.99713 2.75373e-18 0)
(0.997148 2.77597e-18 0)
(0.997167 2.79617e-18 0)
(0.997185 2.81675e-18 0)
(0.997203 2.83994e-18 0)
(0.997222 2.84742e-18 0)
(0.99724 2.82653e-18 0)
(0.997258 2.79762e-18 0)
(0.997276 2.78294e-18 0)
(0.997294 2.77056e-18 0)
(0.997312 2.76853e-18 0)
(0.99733 2.76411e-18 0)
(0.997347 2.74096e-18 0)
(0.997365 2.70849e-18 0)
(0.997382 2.68841e-18 0)
(0.9974 2.67682e-18 0)
(0.997417 2.66254e-18 0)
(0.997435 2.64704e-18 0)
(0.997452 2.64668e-18 0)
(0.997469 2.64604e-18 0)
(0.997486 2.63256e-18 0)
(0.997504 2.63415e-18 0)
(0.997521 2.63223e-18 0)
(0.997537 2.63107e-18 0)
(0.997554 2.63746e-18 0)
(0.997571 2.64542e-18 0)
(0.997588 2.64942e-18 0)
(0.997605 2.64953e-18 0)
(0.997621 2.6462e-18 0)
(0.997638 2.62743e-18 0)
(0.997654 2.62135e-18 0)
(0.997671 2.61374e-18 0)
(0.997687 2.59116e-18 0)
(0.997703 2.57037e-18 0)
(0.997719 2.5231e-18 0)
(0.997735 2.4788e-18 0)
(0.997752 2.46635e-18 0)
(0.997768 2.4641e-18 0)
(0.997783 2.51144e-18 0)
(0.997799 2.55655e-18 0)
(0.997815 2.54757e-18 0)
(0.997831 2.52668e-18 0)
(0.997847 2.51955e-18 0)
(0.997862 2.51411e-18 0)
(0.997878 2.49933e-18 0)
(0.997893 2.49124e-18 0)
(0.997909 2.47279e-18 0)
(0.997924 2.4593e-18 0)
(0.997939 2.46567e-18 0)
(0.997955 2.48066e-18 0)
(0.99797 2.52354e-18 0)
(0.997985 2.56812e-18 0)
(0.998 2.58502e-18 0)
(0.998015 2.59226e-18 0)
(0.99803 2.57712e-18 0)
(0.998045 2.55971e-18 0)
(0.99806 2.55987e-18 0)
(0.998074 2.56677e-18 0)
(0.998089 2.58889e-18 0)
(0.998104 2.60779e-18 0)
(0.998118 2.60723e-18 0)
(0.998133 2.61034e-18 0)
(0.998147 2.60307e-18 0)
(0.998162 2.60118e-18 0)
(0.998176 2.61756e-18 0)
(0.99819 2.63314e-18 0)
(0.998204 2.63528e-18 0)
(0.998219 2.64058e-18 0)
(0.998233 2.66359e-18 0)
(0.998247 2.67521e-18 0)
(0.998261 2.63008e-18 0)
(0.998275 2.57973e-18 0)
(0.998288 2.57617e-18 0)
(0.998302 2.56814e-18 0)
(0.998316 2.53477e-18 0)
(0.99833 2.49643e-18 0)
(0.998343 2.47556e-18 0)
(0.998357 2.46384e-18 0)
(0.998371 2.46888e-18 0)
(0.998384 2.47843e-18 0)
(0.998397 2.48052e-18 0)
(0.998411 2.48005e-18 0)
(0.998424 2.46631e-18 0)
(0.998437 2.45936e-18 0)
(0.998451 2.47698e-18 0)
(0.998464 2.49722e-18 0)
(0.998477 2.46413e-18 0)
(0.99849 2.43124e-18 0)
(0.998503 2.45481e-18 0)
(0.998516 2.48661e-18 0)
(0.998529 2.51185e-18 0)
(0.998542 2.515e-18 0)
(0.998555 2.51402e-18 0)
(0.998567 2.52693e-18 0)
(0.99858 2.53519e-18 0)
(0.998593 2.50501e-18 0)
(0.998605 2.46994e-18 0)
(0.998618 2.46302e-18 0)
(0.99863 2.45529e-18 0)
(0.998643 2.4559e-18 0)
(0.998655 2.45377e-18 0)
(0.998668 2.44126e-18 0)
(0.99868 2.4265e-18 0)
(0.998692 2.42526e-18 0)
(0.998704 2.42797e-18 0)
(0.998716 2.42248e-18 0)
(0.998728 2.4156e-18 0)
(0.998741 2.43689e-18 0)
(0.998753 2.45254e-18 0)
(0.998765 2.43094e-18 0)
(0.998776 2.41559e-18 0)
(0.998788 2.44296e-18 0)
(0.9988 2.47094e-18 0)
(0.998812 2.45412e-18 0)
(0.998824 2.43073e-18 0)
(0.998835 2.42661e-18 0)
(0.998847 2.4286e-18 0)
(0.998858 2.42375e-18 0)
(0.99887 2.43833e-18 0)
(0.998881 2.44409e-18 0)
(0.998893 2.45188e-18 0)
(0.998904 2.4751e-18 0)
(0.998916 2.49866e-18 0)
(0.998927 2.4849e-18 0)
(0.998938 2.468e-18 0)
(0.998949 2.48182e-18 0)
(0.998961 2.48929e-18 0)
(0.998972 2.51268e-18 0)
(0.998983 2.53549e-18 0)
(0.998994 2.53533e-18 0)
(0.999005 2.52019e-18 0)
(0.999016 2.52171e-18 0)
(0.999027 2.52643e-18 0)
(0.999037 2.51569e-18 0)
(0.999048 2.50345e-18 0)
(0.999059 2.50669e-18 0)
(0.99907 2.50837e-18 0)
(0.99908 2.49063e-18 0)
(0.999091 2.48069e-18 0)
(0.999102 2.49929e-18 0)
(0.999112 2.51558e-18 0)
(0.999123 2.50103e-18 0)
(0.999133 2.48976e-18 0)
(0.999144 2.50128e-18 0)
(0.999154 2.51949e-18 0)
(0.999164 2.52637e-18 0)
(0.999175 2.52688e-18 0)
(0.999185 2.4799e-18 0)
(0.999195 2.43423e-18 0)
(0.999205 2.43925e-18 0)
(0.999216 2.44869e-18 0)
(0.999226 2.44664e-18 0)
(0.999236 2.44219e-18 0)
(0.999246 2.44442e-18 0)
(0.999256 2.43621e-18 0)
(0.999266 2.42648e-18 0)
(0.999276 2.41374e-18 0)
(0.999285 2.39681e-18 0)
(0.999295 2.37676e-18 0)
(0.999305 2.35434e-18 0)
(0.999315 2.33027e-18 0)
(0.999324 2.30506e-18 0)
(0.999334 2.28068e-18 0)
(0.999344 2.29275e-18 0)
(0.999353 2.3103e-18 0)
(0.999363 2.29956e-18 0)
(0.999372 2.29048e-18 0)
(0.999382 2.24841e-18 0)
(0.999391 2.21055e-18 0)
(0.999401 2.21405e-18 0)
(0.99941 2.22661e-18 0)
(0.999419 2.22783e-18 0)
(0.999429 2.23373e-18 0)
(0.999438 2.26029e-18 0)
(0.999447 2.28991e-18 0)
(0.999456 2.26801e-18 0)
(0.999466 2.24148e-18 0)
(0.999475 2.2595e-18 0)
(0.999484 2.2797e-18 0)
(0.999493 2.30893e-18 0)
(0.999502 2.33299e-18 0)
(0.999511 2.33735e-18 0)
(0.99952 2.3308e-18 0)
(0.999529 2.29487e-18 0)
(0.999537 2.25748e-18 0)
(0.999546 2.24723e-18 0)
(0.999555 2.23676e-18 0)
(0.999564 2.2325e-18 0)
(0.999572 2.23025e-18 0)
(0.999581 2.22515e-18 0)
(0.99959 2.23167e-18 0)
(0.999598 2.25783e-18 0)
(0.999607 2.28877e-18 0)
(0.999615 2.30979e-18 0)
(0.999624 2.3284e-18 0)
(0.999632 2.33698e-18 0)
(0.999641 2.34767e-18 0)
(0.999649 2.37371e-18 0)
(0.999658 2.39591e-18 0)
(0.999666 2.38356e-18 0)
(0.999674 2.36389e-18 0)
(0.999683 2.36602e-18 0)
(0.999691 2.37756e-18 0)
(0.999699 2.38776e-18 0)
(0.999707 2.39792e-18 0)
(0.999715 2.41207e-18 0)
(0.999723 2.429e-18 0)
(0.999732 2.44416e-18 0)
(0.99974 2.4599e-18 0)
(0.999748 2.4793e-18 0)
(0.999756 2.48823e-18 0)
(0.999764 2.50172e-18 0)
(0.999771 2.51361e-18 0)
(0.999779 2.51783e-18 0)
(0.999787 2.52366e-18 0)
(0.999795 2.5225e-18 0)
(0.999803 2.49165e-18 0)
(0.999811 2.46289e-18 0)
(0.999818 2.46546e-18 0)
(0.999826 2.46691e-18 0)
(0.999834 2.46826e-18 0)
(0.999841 2.47082e-18 0)
(0.999849 2.47622e-18 0)
(0.999857 2.48329e-18 0)
(0.999864 2.47198e-18 0)
(0.999872 2.46017e-18 0)
(0.999879 2.46459e-18 0)
(0.999887 2.4789e-18 0)
(0.999894 2.47904e-18 0)
(0.999901 2.47543e-18 0)
(0.999909 2.48154e-18 0)
(0.999916 2.47529e-18 0)
(0.999923 2.44893e-18 0)
(0.999931 2.42341e-18 0)
(0.999938 2.41764e-18 0)
(0.999945 2.41051e-18 0)
(0.999952 2.41809e-18 0)
(0.99996 2.42926e-18 0)
(0.999967 2.42949e-18 0)
(0.999974 2.4407e-18 0)
(0.999981 2.48174e-18 0)
(0.999988 2.52651e-18 0)
(0.999995 2.54924e-18 0)
(1 2.56538e-18 0)
(1.00001 2.55967e-18 0)
(1.00002 2.56029e-18 0)
(1.00002 2.56489e-18 0)
(1.00003 2.56122e-18 0)
(1.00004 2.54005e-18 0)
(1.00004 2.51664e-18 0)
(1.00005 2.50835e-18 0)
(1.00006 2.4904e-18 0)
(1.00006 2.48906e-18 0)
(1.00007 2.48483e-18 0)
(1.00008 2.49002e-18 0)
(1.00008 2.51321e-18 0)
(1.00009 2.5053e-18 0)
(1.0001 2.4962e-18 0)
(1.0001 2.51865e-18 0)
(1.00011 2.52794e-18 0)
(1.00012 2.50161e-18 0)
(1.00012 2.50346e-18 0)
(1.00013 2.53213e-18 0)
(1.00014 2.53639e-18 0)
(1.00014 2.4704e-18 0)
(1.00015 2.40416e-18 0)
(1.00016 2.40611e-18 0)
(1.00016 2.40743e-18 0)
(1.00017 2.34289e-18 0)
(1.00017 2.27832e-18 0)
(1.00018 2.27576e-18 0)
(1.00019 2.26692e-18 0)
(1.00019 2.20098e-18 0)
(1.0002 2.13622e-18 0)
(1.00021 2.12451e-18 0)
(1.00021 2.11141e-18 0)
(1.00022 2.0346e-18 0)
(1.00022 1.9544e-18 0)
(1.00023 1.93068e-18 0)
(1.00024 1.92384e-18 0)
(1.00024 1.93998e-18 0)
(1.00025 1.96062e-18 0)
(1.00025 1.96516e-18 0)
(1.00026 1.95124e-18 0)
(1.00027 1.9252e-18 0)
(1.00027 1.89816e-18 0)
(1.00028 1.882e-18 0)
(1.00028 1.88472e-18 0)
(1.00029 1.88862e-18 0)
(1.0003 1.89478e-18 0)
(1.0003 1.90765e-18 0)
(1.00031 1.90705e-18 0)
(1.00031 1.87202e-18 0)
(1.00032 1.83751e-18 0)
(1.00032 1.84017e-18 0)
(1.00033 1.84011e-18 0)
(1.00034 1.83357e-18 0)
(1.00034 1.84097e-18 0)
(1.00035 1.89255e-18 0)
(1.00035 1.94531e-18 0)
(1.00036 1.8925e-18 0)
(1.00036 1.83354e-18 0)
(1.00037 1.84877e-18 0)
(1.00037 1.86998e-18 0)
(1.00038 1.88214e-18 0)
(1.00039 1.89075e-18 0)
(1.00039 1.89457e-18 0)
(1.0004 1.88129e-18 0)
(1.0004 1.8617e-18 0)
(1.00041 1.84328e-18 0)
(1.00041 1.82886e-18 0)
(1.00042 1.81341e-18 0)
(1.00042 1.74712e-18 0)
(1.00043 1.70194e-18 0)
(1.00043 1.67628e-18 0)
(1.00044 1.66676e-18 0)
(1.00044 1.69918e-18 0)
(1.00045 1.71449e-18 0)
(1.00045 1.72063e-18 0)
(1.00046 1.71702e-18 0)
(1.00046 1.71069e-18 0)
(1.00047 1.69935e-18 0)
(1.00047 1.68329e-18 0)
(1.00048 1.67925e-18 0)
(1.00049 1.73935e-18 0)
(1.00049 1.80348e-18 0)
(1.0005 1.8094e-18 0)
(1.0005 1.79106e-18 0)
(1.00051 1.76759e-18 0)
(1.00051 1.74769e-18 0)
(1.00051 1.73539e-18 0)
(1.00052 1.7263e-18 0)
(1.00052 1.71913e-18 0)
(1.00053 1.71487e-18 0)
(1.00053 1.71062e-18 0)
(1.00054 1.71422e-18 0)
(1.00054 1.71867e-18 0)
(1.00055 1.72481e-18 0)
(1.00055 1.73282e-18 0)
(1.00056 1.7448e-18 0)
(1.00056 1.74695e-18 0)
(1.00057 1.73961e-18 0)
(1.00057 1.7368e-18 0)
(1.00058 1.75055e-18 0)
(1.00058 1.76542e-18 0)
(1.00059 1.73628e-18 0)
(1.00059 1.6987e-18 0)
(1.0006 1.69268e-18 0)
(1.0006 1.69605e-18 0)
(1.00061 1.69606e-18 0)
(1.00061 1.69102e-18 0)
(1.00061 1.68367e-18 0)
(1.00062 1.68711e-18 0)
(1.00062 1.69307e-18 0)
(1.00063 1.70032e-18 0)
(1.00063 1.70814e-18 0)
(1.00064 1.70123e-18 0)
(1.00064 1.63677e-18 0)
(1.00065 1.57413e-18 0)
(1.00065 1.56807e-18 0)
(1.00065 1.55063e-18 0)
(1.00066 1.45616e-18 0)
(1.00066 1.35562e-18 0)
(1.00067 1.32251e-18 0)
(1.00067 1.30278e-18 0)
(1.00068 1.28926e-18 0)
(1.00068 1.2812e-18 0)
(1.00068 1.27834e-18 0)
(1.00069 1.2687e-18 0)
(1.00069 1.25789e-18 0)
(1.0007 1.25126e-18 0)
(1.0007 1.25516e-18 0)
(1.00071 1.26278e-18 0)
(1.00071 1.27573e-18 0)
(1.00071 1.28354e-18 0)
(1.00072 1.28018e-18 0)
(1.00072 1.29259e-18 0)
(1.00073 1.29729e-18 0)
(1.00073 1.29432e-18 0)
(1.00073 1.2854e-18 0)
(1.00074 1.26483e-18 0)
(1.00074 1.24464e-18 0)
(1.00075 1.2264e-18 0)
(1.00075 1.20983e-18 0)
(1.00075 1.1863e-18 0)
(1.00076 1.16542e-18 0)
(1.00076 1.14013e-18 0)
(1.00077 1.13711e-18 0)
(1.00077 1.16335e-18 0)
(1.00077 1.19181e-18 0)
(1.00078 1.21686e-18 0)
(1.00078 1.23472e-18 0)
(1.00079 1.23615e-18 0)
(1.00079 1.27364e-18 0)
(1.00079 1.31342e-18 0)
(1.0008 1.28758e-18 0)
(1.0008 1.2538e-18 0)
(1.0008 1.22363e-18 0)
(1.00081 1.19828e-18 0)
(1.00081 1.17456e-18 0)
(1.00082 1.13371e-18 0)
(1.00082 1.12854e-18 0)
(1.00082 1.13881e-18 0)
(1.00083 1.1299e-18 0)
(1.00083 1.15511e-18 0)
(1.00083 1.15719e-18 0)
(1.00084 1.15742e-18 0)
(1.00084 1.22209e-18 0)
(1.00084 1.28505e-18 0)
(1.00085 1.31823e-18 0)
(1.00085 1.3437e-18 0)
(1.00086 1.34708e-18 0)
(1.00086 1.33755e-18 0)
(1.00086 1.33107e-18 0)
(1.00087 1.3289e-18 0)
(1.00087 1.31423e-18 0)
(1.00087 1.31093e-18 0)
(1.00088 1.29928e-18 0)
(1.00088 1.28231e-18 0)
(1.00088 1.27912e-18 0)
(1.00089 1.2445e-18 0)
(1.00089 1.25018e-18 0)
(1.00089 1.26128e-18 0)
(1.0009 1.24019e-18 0)
(1.0009 1.25023e-18 0)
(1.0009 1.30203e-18 0)
(1.00091 1.35346e-18 0)
(1.00091 1.36828e-18 0)
(1.00091 1.37149e-18 0)
(1.00092 1.37224e-18 0)
(1.00092 1.37461e-18 0)
(1.00092 1.37943e-18 0)
(1.00093 1.3966e-18 0)
(1.00093 1.36949e-18 0)
(1.00093 1.34371e-18 0)
(1.00094 1.36882e-18 0)
(1.00094 1.3764e-18 0)
(1.00094 1.35775e-18 0)
(1.00095 1.35201e-18 0)
(1.00095 1.37016e-18 0)
(1.00095 1.35025e-18 0)
(1.00096 1.34327e-18 0)
(1.00096 1.33049e-18 0)
(1.00096 1.30834e-18 0)
(1.00096 1.33055e-18 0)
(1.00097 1.35447e-18 0)
(1.00097 1.38108e-18 0)
(1.00097 1.40855e-18 0)
(1.00098 1.42439e-18 0)
(1.00098 1.45538e-18 0)
(1.00098 1.45573e-18 0)
(1.00099 1.44496e-18 0)
(1.00099 1.47362e-18 0)
(1.00099 1.50647e-18 0)
(1.00099 1.54098e-18 0)
(1.001 1.54143e-18 0)
(1.001 1.5311e-18 0)
(1.001 1.54686e-18 0)
(1.00101 1.55309e-18 0)
(1.00101 1.55018e-18 0)
(1.00101 1.55677e-18 0)
(1.00102 1.55927e-18 0)
(1.00102 1.55854e-18 0)
(1.00102 1.5576e-18 0)
(1.00102 1.55683e-18 0)
(1.00103 1.54395e-18 0)
(1.00103 1.50511e-18 0)
(1.00103 1.47608e-18 0)
(1.00104 1.53197e-18 0)
(1.00104 1.58777e-18 0)
(1.00104 1.58103e-18 0)
(1.00104 1.56856e-18 0)
(1.00105 1.56868e-18 0)
(1.00105 1.58219e-18 0)
(1.00105 1.58984e-18 0)
(1.00105 1.59166e-18 0)
(1.00106 1.59187e-18 0)
(1.00106 1.60254e-18 0)
(1.00106 1.68575e-18 0)
(1.00107 1.76822e-18 0)
(1.00107 1.77735e-18 0)
(1.00107 1.76323e-18 0)
(1.00107 1.75822e-18 0)
(1.00108 1.75066e-18 0)
(1.00108 1.72528e-18 0)
(1.00108 1.7158e-18 0)
(1.00108 1.73831e-18 0)
(1.00109 1.76373e-18 0)
(1.00109 1.76211e-18 0)
(1.00109 1.76091e-18 0)
(1.00109 1.77291e-18 0)
(1.0011 1.7916e-18 0)
(1.0011 1.81106e-18 0)
(1.0011 1.84006e-18 0)
(1.0011 1.85064e-18 0)
(1.00111 1.86101e-18 0)
(1.00111 1.89027e-18 0)
(1.00111 1.89951e-18 0)
(1.00111 1.86831e-18 0)
(1.00112 1.84496e-18 0)
(1.00112 1.86858e-18 0)
(1.00112 1.89073e-18 0)
(1.00112 1.88192e-18 0)
(1.00113 1.87136e-18 0)
(1.00113 1.88523e-18 0)
(1.00113 1.89612e-18 0)
(1.00113 1.8876e-18 0)
(1.00114 1.87334e-18 0)
(1.00114 1.91941e-18 0)
(1.00114 1.98601e-18 0)
(1.00114 2.01523e-18 0)
(1.00115 2.03739e-18 0)
(1.00115 2.06323e-18 0)
(1.00115 2.05533e-18 0)
(1.00115 2.05549e-18 0)
(1.00115 2.06271e-18 0)
(1.00116 2.09886e-18 0)
(1.00116 2.15258e-18 0)
(1.00116 2.2009e-18 0)
(1.00116 2.24572e-18 0)
(1.00117 2.23124e-18 0)
(1.00117 2.21334e-18 0)
(1.00117 2.19924e-18 0)
(1.00117 2.18798e-18 0)
(1.00118 2.18166e-18 0)
(1.00118 2.19189e-18 0)
(1.00118 2.20674e-18 0)
(1.00118 2.22078e-18 0)
(1.00118 2.23269e-18 0)
(1.00119 2.21901e-18 0)
(1.00119 2.23976e-18 0)
(1.00119 2.26548e-18 0)
(1.00119 2.2619e-18 0)
(1.00119 2.2641e-18 0)
(1.0012 2.28103e-18 0)
(1.0012 2.29277e-18 0)
(1.0012 2.28151e-18 0)
(1.0012 2.27328e-18 0)
(1.00121 2.25679e-18 0)
(1.00121 2.23491e-18 0)
(1.00121 2.21065e-18 0)
(1.00121 2.17399e-18 0)
(1.00121 2.15842e-18 0)
(1.00122 2.14531e-18 0)
(1.00122 2.11409e-18 0)
(1.00122 2.08221e-18 0)
(1.00122 2.06576e-18 0)
(1.00122 2.05905e-18 0)
(1.00123 2.06607e-18 0)
(1.00123 2.06556e-18 0)
(1.00123 2.00482e-18 0)
(1.00123 1.96852e-18 0)
(1.00123 1.9639e-18 0)
(1.00124 1.946e-18 0)
(1.00124 1.92668e-18 0)
(1.00124 1.90453e-18 0)
(1.00124 1.87921e-18 0)
(1.00124 1.8597e-18 0)
(1.00125 1.91542e-18 0)
(1.00125 1.97414e-18 0)
(1.00125 1.96128e-18 0)
(1.00125 1.93313e-18 0)
(1.00125 1.87661e-18 0)
(1.00125 1.82023e-18 0)
(1.00126 1.79204e-18 0)
(1.00126 1.78203e-18 0)
(1.00126 1.7709e-18 0)
(1.00126 1.75859e-18 0)
(1.00126 1.74737e-18 0)
(1.00127 1.73083e-18 0)
(1.00127 1.72083e-18 0)
(1.00127 1.71291e-18 0)
(1.00127 1.70303e-18 0)
(1.00127 1.70457e-18 0)
(1.00127 1.76513e-18 0)
(1.00128 1.83077e-18 0)
(1.00128 1.84893e-18 0)
(1.00128 1.85123e-18 0)
(1.00128 1.8786e-18 0)
(1.00128 1.91136e-18 0)
(1.00129 1.92806e-18 0)
(1.00129 1.94674e-18 0)
(1.00129 1.91566e-18 0)
(1.00129 1.87607e-18 0)
(1.00129 1.87085e-18 0)
(1.00129 1.87874e-18 0)
(1.0013 1.89822e-18 0)
(1.0013 1.91464e-18 0)
(1.0013 1.91332e-18 0)
(1.0013 1.90047e-18 0)
(1.0013 1.87927e-18 0)
(1.0013 1.86322e-18 0)
(1.00131 1.85146e-18 0)
(1.00131 1.84503e-18 0)
(1.00131 1.84989e-18 0)
(1.00131 1.79718e-18 0)
(1.00131 1.74522e-18 0)
(1.00131 1.7577e-18 0)
(1.00132 1.77925e-18 0)
(1.00132 1.80015e-18 0)
(1.00132 1.82101e-18 0)
(1.00132 1.8422e-18 0)
(1.00132 1.85253e-18 0)
(1.00132 1.86102e-18 0)
(1.00133 1.8768e-18 0)
(1.00133 1.92126e-18 0)
(1.00133 1.96133e-18 0)
(1.00133 1.8902e-18 0)
(1.00133 1.80647e-18 0)
(1.00133 1.79764e-18 0)
(1.00133 1.79057e-18 0)
(1.00134 1.7116e-18 0)
(1.00134 1.63044e-18 0)
(1.00134 1.62302e-18 0)
(1.00134 1.6293e-18 0)
(1.00134 1.63243e-18 0)
(1.00134 1.6408e-18 0)
(1.00134 1.67539e-18 0)
(1.00135 1.72717e-18 0)
(1.00135 1.78938e-18 0)
(1.00135 1.84342e-18 0)
(1.00135 1.86335e-18 0)
(1.00135 1.85584e-18 0)
(1.00135 1.77664e-18 0)
(1.00136 1.69313e-18 0)
(1.00136 1.67193e-18 0)
(1.00136 1.67133e-18 0)
(1.00136 1.74952e-18 0)
(1.00136 1.83025e-18 0)
(1.00136 1.83684e-18 0)
(1.00136 1.83281e-18 0)
(1.00136 1.83108e-18 0)
(1.00137 1.83315e-18 0)
(1.00137 1.83754e-18 0)
(1.00137 1.84975e-18 0)
(1.00137 1.85604e-18 0)
(1.00137 1.87479e-18 0)
(1.00137 1.96848e-18 0)
(1.00137 2.04201e-18 0)
(1.00138 1.97503e-18 0)
(1.00138 1.90595e-18 0)
(1.00138 1.92312e-18 0)
(1.00138 1.94702e-18 0)
(1.00138 1.9302e-18 0)
(1.00138 1.91004e-18 0)
(1.00138 1.92949e-18 0)
(1.00138 1.95892e-18 0)
(1.00139 1.98169e-18 0)
(1.00139 1.99782e-18 0)
(1.00139 2.01014e-18 0)
(1.00139 2.00746e-18 0)
(1.00139 1.93177e-18 0)
(1.00139 1.85229e-18 0)
(1.00139 1.83517e-18 0)
(1.0014 1.81426e-18 0)
(1.0014 1.77229e-18 0)
(1.0014 1.7299e-18 0)
(1.0014 1.70739e-18 0)
(1.0014 1.68787e-18 0)
(1.0014 1.67714e-18 0)
(1.0014 1.67273e-18 0)
(1.0014 1.67236e-18 0)
(1.0014 1.68436e-18 0)
(1.00141 1.69167e-18 0)
(1.00141 1.69819e-18 0)
(1.00141 1.68284e-18 0)
(1.00141 1.67083e-18 0)
(1.00141 1.67191e-18 0)
(1.00141 1.66811e-18 0)
(1.00141 1.66718e-18 0)
(1.00141 1.67007e-18 0)
(1.00142 1.72822e-18 0)
(1.00142 1.78438e-18 0)
(1.00142 1.78054e-18 0)
(1.00142 1.77247e-18 0)
(1.00142 1.74676e-18 0)
(1.00142 1.72317e-18 0)
(1.00142 1.71555e-18 0)
(1.00142 1.70408e-18 0)
(1.00142 1.77225e-18 0)
(1.00143 1.85065e-18 0)
(1.00143 1.86266e-18 0)
(1.00143 1.85956e-18 0)
(1.00143 1.85909e-18 0)
(1.00143 1.86986e-18 0)
(1.00143 1.9148e-18 0)
(1.00143 1.95401e-18 0)
(1.00143 1.90484e-18 0)
(1.00143 1.84931e-18 0)
(1.00144 1.90569e-18 0)
(1.00144 1.965e-18 0)
(1.00144 1.92859e-18 0)
(1.00144 1.88345e-18 0)
(1.00144 1.87297e-18 0)
(1.00144 1.87199e-18 0)
(1.00144 1.85794e-18 0)
(1.00144 1.83121e-18 0)
(1.00144 1.82812e-18 0)
(1.00144 1.84021e-18 0)
(1.00145 1.85361e-18 0)
(1.00145 1.83546e-18 0)
(1.00145 1.81836e-18 0)
(1.00145 1.84385e-18 0)
(1.00145 1.80692e-18 0)
(1.00145 1.74395e-18 0)
(1.00145 1.72572e-18 0)
(1.00145 1.71227e-18 0)
(1.00145 1.67152e-18 0)
(1.00145 1.6341e-18 0)
(1.00146 1.63325e-18 0)
(1.00146 1.6467e-18 0)
(1.00146 1.65778e-18 0)
(1.00146 1.66671e-18 0)
(1.00146 1.67573e-18 0)
(1.00146 1.68521e-18 0)
(1.00146 1.68484e-18 0)
(1.00146 1.67903e-18 0)
(1.00146 1.67055e-18 0)
(1.00146 1.66623e-18 0)
(1.00146 1.66279e-18 0)
(1.00147 1.6542e-18 0)
(1.00147 1.64426e-18 0)
(1.00147 1.64214e-18 0)
(1.00147 1.65557e-18 0)
(1.00147 1.66758e-18 0)
(1.00147 1.68841e-18 0)
(1.00147 1.66257e-18 0)
(1.00147 1.65209e-18 0)
(1.00147 1.65308e-18 0)
(1.00147 1.64187e-18 0)
(1.00147 1.66747e-18 0)
(1.00147 1.6931e-18 0)
(1.00148 1.74385e-18 0)
(1.00148 1.79642e-18 0)
(1.00148 1.82981e-18 0)
(1.00148 1.84169e-18 0)
(1.00148 1.78624e-18 0)
(1.00148 1.73588e-18 0)
(1.00148 1.72729e-18 0)
(1.00148 1.70304e-18 0)
(1.00148 1.68085e-18 0)
(1.00148 1.66033e-18 0)
(1.00148 1.6399e-18 0)
(1.00148 1.64013e-18 0)
(1.00149 1.63763e-18 0)
(1.00149 1.61054e-18 0)
(1.00149 1.65778e-18 0)
(1.00149 1.70907e-18 0)
(1.00149 1.69111e-18 0)
(1.00149 1.70243e-18 0)
(1.00149 1.6891e-18 0)
(1.00149 1.66661e-18 0)
(1.00149 1.60507e-18 0)
(1.00149 1.5258e-18 0)
(1.00149 1.52212e-18 0)
(1.00149 1.52782e-18 0)
(1.00149 1.53208e-18 0)
(1.0015 1.5356e-18 0)
(1.0015 1.5389e-18 0)
(1.0015 1.5322e-18 0)
(1.0015 1.53136e-18 0)
(1.0015 1.53289e-18 0)
(1.0015 1.53416e-18 0)
(1.0015 1.53775e-18 0)
(1.0015 1.50966e-18 0)
(1.0015 1.49609e-18 0)
(1.0015 1.50627e-18 0)
(1.0015 1.50911e-18 0)
(1.0015 1.52234e-18 0)
(1.0015 1.52191e-18 0)
(1.0015 1.51244e-18 0)
(1.00151 1.51602e-18 0)
(1.00151 1.52353e-18 0)
(1.00151 1.53101e-18 0)
(1.00151 1.52977e-18 0)
(1.00151 1.52809e-18 0)
(1.00151 1.54343e-18 0)
(1.00151 1.56979e-18 0)
(1.00151 1.61571e-18 0)
(1.00151 1.63732e-18 0)
(1.00151 1.6524e-18 0)
(1.00151 1.65253e-18 0)
(1.00151 1.6141e-18 0)
(1.00151 1.58362e-18 0)
(1.00151 1.56511e-18 0)
(1.00151 1.54997e-18 0)
(1.00151 1.52932e-18 0)
(1.00152 1.52054e-18 0)
(1.00152 1.51974e-18 0)
(1.00152 1.53034e-18 0)
(1.00152 1.55446e-18 0)
(1.00152 1.54629e-18 0)
(1.00152 1.46669e-18 0)
(1.00152 1.39809e-18 0)
(1.00152 1.38179e-18 0)
(1.00152 1.36196e-18 0)
(1.00152 1.30395e-18 0)
(1.00152 1.24508e-18 0)
(1.00152 1.22302e-18 0)
(1.00152 1.20287e-18 0)
(1.00152 1.18028e-18 0)
(1.00152 1.1578e-18 0)
(1.00152 1.13719e-18 0)
(1.00152 1.1221e-18 0)
(1.00152 1.0968e-18 0)
(1.00153 1.07344e-18 0)
(1.00153 1.11102e-18 0)
(1.00153 1.15145e-18 0)
(1.00153 1.12432e-18 0)
(1.00153 1.1178e-18 0)
(1.00153 1.13631e-18 0)
(1.00153 1.1525e-18 0)
(1.00153 1.13057e-18 0)
(1.00153 1.10851e-18 0)
(1.00153 1.12072e-18 0)
(1.00153 1.12993e-18 0)
(1.00153 1.14275e-18 0)
(1.00153 1.1622e-18 0)
(1.00153 1.18933e-18 0)
(1.00153 1.21097e-18 0)
(1.00153 1.23515e-18 0)
(1.00153 1.26105e-18 0)
(1.00153 1.28594e-18 0)
(1.00153 1.30162e-18 0)
(1.00153 1.24209e-18 0)
(1.00154 1.1854e-18 0)
(1.00154 1.20774e-18 0)
(1.00154 1.22616e-18 0)
(1.00154 1.17185e-18 0)
(1.00154 1.11862e-18 0)
(1.00154 1.13746e-18 0)
(1.00154 1.15405e-18 0)
(1.00154 1.1768e-18 0)
(1.00154 1.19214e-18 0)
(1.00154 1.18852e-18 0)
(1.00154 1.1878e-18 0)
(1.00154 1.17886e-18 0)
(1.00154 1.16079e-18 0)
(1.00154 1.14456e-18 0)
(1.00154 1.19105e-18 0)
(1.00154 1.22752e-18 0)
(1.00154 1.20258e-18 0)
(1.00154 1.1769e-18 0)
(1.00154 1.15965e-18 0)
(1.00154 1.14917e-18 0)
(1.00154 1.11085e-18 0)
(1.00154 1.07891e-18 0)
(1.00154 1.0872e-18 0)
(1.00155 1.10716e-18 0)
(1.00155 1.1231e-18 0)
(1.00155 1.13264e-18 0)
(1.00155 1.13598e-18 0)
(1.00155 1.12423e-18 0)
(1.00155 1.03826e-18 0)
(1.00155 9.5444e-19 0)
(1.00155 9.46801e-19 0)
(1.00155 9.42227e-19 0)
(1.00155 9.57874e-19 0)
(1.00155 9.78714e-19 0)
(1.00155 9.93155e-19 0)
(1.00155 1.01911e-18 0)
(1.00155 1.01957e-18 0)
(1.00155 1.01936e-18 0)
(1.00155 1.04553e-18 0)
(1.00155 1.07526e-18 0)
(1.00155 1.0934e-18 0)
(1.00155 1.11299e-18 0)
(1.00155 1.08647e-18 0)
(1.00155 1.05063e-18 0)
(1.00155 1.08404e-18 0)
(1.00155 1.10035e-18 0)
(1.00155 1.07874e-18 0)
(1.00155 1.06703e-18 0)
(1.00155 1.07776e-18 0)
(1.00155 1.08762e-18 0)
(1.00155 1.07408e-18 0)
(1.00155 1.03875e-18 0)
(1.00155 1.00321e-18 0)
(1.00155 9.73016e-19 0)
(1.00156 9.51656e-19 0)
(1.00156 9.45154e-19 0)
(1.00156 9.30758e-19 0)
(1.00156 9.08721e-19 0)
(1.00156 8.81192e-19 0)
(1.00156 8.40033e-19 0)
(1.00156 8.11887e-19 0)
(1.00156 8.0294e-19 0)
(1.00156 8.18244e-19 0)
(1.00156 8.43006e-19 0)
(1.00156 8.57805e-19 0)
(1.00156 8.4474e-19 0)
(1.00156 8.33557e-19 0)
(1.00156 8.63649e-19 0)
(1.00156 8.67756e-19 0)
(1.00156 8.61766e-19 0)
(1.00156 8.80134e-19 0)
(1.00156 9.03218e-19 0)
(1.00156 9.20714e-19 0)
(1.00156 9.33684e-19 0)
(1.00156 9.46727e-19 0)
(1.00156 9.47538e-19 0)
(1.00156 8.74262e-19 0)
(1.00156 7.9602e-19 0)
(1.00156 7.82309e-19 0)
(1.00156 7.65942e-19 0)
(1.00156 7.35424e-19 0)
(1.00156 7.06783e-19 0)
(1.00156 7.14144e-19 0)
(1.00156 7.23864e-19 0)
(1.00156 7.13765e-19 0)
(1.00156 7.01769e-19 0)
(1.00156 6.89787e-19 0)
(1.00156 6.89119e-19 0)
(1.00156 6.8686e-19 0)
(1.00156 6.82532e-19 0)
(1.00156 6.78536e-19 0)
(1.00156 6.65187e-19 0)
(1.00156 5.95005e-19 0)
(1.00156 5.25238e-19 0)
(1.00156 5.0835e-19 0)
(1.00156 4.8159e-19 0)
(1.00156 4.23789e-19 0)
(1.00156 3.65081e-19 0)
(1.00156 3.326e-19 0)
(1.00156 3.02746e-19 0)
(1.00156 3.03462e-19 0)
(1.00156 3.33317e-19 0)
(1.00156 3.27253e-19 0)
(1.00156 3.38607e-19 0)
(1.00156 3.64773e-19 0)
(1.00156 3.65526e-19 0)
(1.00156 3.66179e-19 0)
(1.00156 3.60744e-19 0)
(1.00157 3.04212e-19 0)
(1.00157 2.56411e-19 0)
(1.00157 2.73284e-19 0)
(1.00157 2.81332e-19 0)
(1.00157 2.61979e-19 0)
(1.00157 2.38133e-19 0)
(1.00157 2.35959e-19 0)
(1.00157 2.39135e-19 0)
(1.00157 1.75577e-19 0)
(1.00157 1.17062e-19 0)
(1.00157 1.31375e-19 0)
(1.00157 1.57428e-19 0)
(1.00157 1.86218e-19 0)
(1.00157 1.94286e-19 0)
(1.00157 2.05594e-19 0)
(1.00157 2.25559e-19 0)
(1.00157 2.73123e-19 0)
(1.00157 3.0543e-19 0)
(1.00157 2.99602e-19 0)
(1.00157 3.23317e-19 0)
(1.00157 3.64072e-19 0)
(1.00157 4.05702e-19 0)
(1.00157 4.27693e-19 0)
(1.00157 4.2739e-19 0)
(1.00157 4.37312e-19 0)
(1.00157 4.47151e-19 0)
(1.00157 4.49562e-19 0)
(1.00157 4.49027e-19 0)
(1.00157 4.31722e-19 0)
(1.00157 4.43515e-19 0)
(1.00157 4.68086e-19 0)
(1.00157 4.74103e-19 0)
(1.00157 4.77449e-19 0)
(1.00157 4.80261e-19 0)
(1.00157 4.82536e-19 0)
(1.00157 4.84414e-19 0)
(1.00157 4.86012e-19 0)
(1.00157 4.87434e-19 0)
(1.00157 4.88763e-19 0)
(1.00157 4.9006e-19 0)
(1.00157 4.91372e-19 0)
(1.00157 4.92729e-19 0)
(1.00157 4.94148e-19 0)
(1.00157 4.95635e-19 0)
(1.00157 4.97189e-19 0)
(1.00157 4.98802e-19 0)
(1.00157 5.00462e-19 0)
(1.00157 5.02152e-19 0)
(1.00157 5.03855e-19 0)
(1.00157 5.05552e-19 0)
(1.00157 5.07224e-19 0)
(1.00157 5.08855e-19 0)
(1.00157 5.10428e-19 0)
(1.00157 5.11928e-19 0)
(1.00157 5.13342e-19 0)
(1.00157 5.1466e-19 0)
(1.00157 5.15873e-19 0)
(1.00157 5.16974e-19 0)
(1.00157 5.17958e-19 0)
(1.00157 5.18823e-19 0)
(1.00156 5.19566e-19 0)
(1.00156 5.20188e-19 0)
(1.00156 5.2069e-19 0)
(1.00156 5.21073e-19 0)
(1.00156 5.21342e-19 0)
(1.00156 5.21499e-19 0)
(1.00156 5.21549e-19 0)
(1.00156 5.21495e-19 0)
(1.00156 5.21344e-19 0)
(1.00156 5.21099e-19 0)
(1.00156 5.20767e-19 0)
(1.00156 5.20351e-19 0)
(1.00156 5.19858e-19 0)
(1.00156 5.19291e-19 0)
(1.00156 5.18656e-19 0)
(1.00156 5.17958e-19 0)
(1.00156 5.17201e-19 0)
(1.00156 5.16389e-19 0)
(1.00156 5.15526e-19 0)
(1.00156 5.14617e-19 0)
(1.00156 5.13665e-19 0)
(1.00156 5.12674e-19 0)
(1.00156 5.11647e-19 0)
(1.00156 5.10587e-19 0)
(1.00156 5.09497e-19 0)
(1.00156 5.0838e-19 0)
(1.00156 5.07239e-19 0)
(1.00156 5.06076e-19 0)
(1.00156 5.04893e-19 0)
(1.00156 5.03693e-19 0)
(1.00156 5.02477e-19 0)
(1.00156 5.01248e-19 0)
(1.00156 5.00006e-19 0)
(1.00156 4.98755e-19 0)
(1.00156 4.97494e-19 0)
(1.00156 4.96226e-19 0)
(1.00156 4.94951e-19 0)
(1.00156 4.93671e-19 0)
(1.00156 4.92387e-19 0)
(1.00156 4.911e-19 0)
(1.00156 4.8981e-19 0)
(1.00156 4.88518e-19 0)
(1.00156 4.87226e-19 0)
(1.00156 4.85933e-19 0)
(1.00156 4.8464e-19 0)
(1.00156 4.83347e-19 0)
(1.00156 4.82056e-19 0)
(1.00156 4.80766e-19 0)
(1.00156 4.79477e-19 0)
(1.00156 4.7819e-19 0)
(1.00156 4.76906e-19 0)
(1.00156 4.75623e-19 0)
(1.00156 4.74343e-19 0)
(1.00156 4.73065e-19 0)
(1.00155 4.7179e-19 0)
(1.00155 4.70517e-19 0)
(1.00155 4.69247e-19 0)
(1.00155 4.67979e-19 0)
(1.00155 4.66714e-19 0)
(1.00155 4.65451e-19 0)
(1.00155 4.6419e-19 0)
(1.00155 4.62932e-19 0)
(1.00155 4.61675e-19 0)
(1.00155 4.60421e-19 0)
(1.00155 4.59169e-19 0)
(1.00155 4.57918e-19 0)
(1.00155 4.56669e-19 0)
(1.00155 4.55422e-19 0)
(1.00155 4.54176e-19 0)
(1.00155 4.52931e-19 0)
(1.00155 4.51687e-19 0)
(1.00155 4.50444e-19 0)
(1.00155 4.49202e-19 0)
(1.00155 4.47961e-19 0)
(1.00155 4.4672e-19 0)
(1.00155 4.4548e-19 0)
(1.00155 4.4424e-19 0)
(1.00155 4.43e-19 0)
(1.00155 4.4176e-19 0)
(1.00155 4.40521e-19 0)
(1.00155 4.39281e-19 0)
(1.00155 4.3804e-19 0)
(1.00155 4.368e-19 0)
(1.00155 4.35559e-19 0)
(1.00155 4.34317e-19 0)
(1.00154 4.33075e-19 0)
(1.00154 4.31832e-19 0)
(1.00154 4.30588e-19 0)
(1.00154 4.29344e-19 0)
(1.00154 4.28098e-19 0)
(1.00154 4.26852e-19 0)
(1.00154 4.25604e-19 0)
(1.00154 4.24356e-19 0)
(1.00154 4.23106e-19 0)
(1.00154 4.21855e-19 0)
(1.00154 4.20603e-19 0)
(1.00154 4.19349e-19 0)
(1.00154 4.18095e-19 0)
(1.00154 4.16839e-19 0)
(1.00154 4.15581e-19 0)
(1.00154 4.14323e-19 0)
(1.00154 4.13063e-19 0)
(1.00154 4.11802e-19 0)
(1.00154 4.10539e-19 0)
(1.00154 4.09275e-19 0)
(1.00154 4.0801e-19 0)
(1.00154 4.06743e-19 0)
(1.00154 4.05475e-19 0)
(1.00153 4.04206e-19 0)
(1.00153 4.02935e-19 0)
(1.00153 4.01663e-19 0)
(1.00153 4.0039e-19 0)
(1.00153 3.99116e-19 0)
(1.00153 3.9784e-19 0)
(1.00153 3.96563e-19 0)
(1.00153 3.95285e-19 0)
(1.00153 3.94006e-19 0)
(1.00153 3.92726e-19 0)
(1.00153 3.91445e-19 0)
(1.00153 3.90162e-19 0)
(1.00153 3.88879e-19 0)
(1.00153 3.87595e-19 0)
(1.00153 3.8631e-19 0)
(1.00153 3.85024e-19 0)
(1.00153 3.83737e-19 0)
(1.00153 3.8245e-19 0)
(1.00153 3.81161e-19 0)
(1.00153 3.79873e-19 0)
(1.00152 3.78583e-19 0)
(1.00152 3.77293e-19 0)
(1.00152 3.76003e-19 0)
(1.00152 3.74712e-19 0)
(1.00152 3.7342e-19 0)
(1.00152 3.72128e-19 0)
(1.00152 3.70836e-19 0)
(1.00152 3.69544e-19 0)
(1.00152 3.68252e-19 0)
(1.00152 3.66959e-19 0)
(1.00152 3.65666e-19 0)
(1.00152 3.64374e-19 0)
(1.00152 3.63081e-19 0)
(1.00152 3.61789e-19 0)
(1.00152 3.60496e-19 0)
(1.00152 3.59204e-19 0)
(1.00152 3.57912e-19 0)
(1.00152 3.56621e-19 0)
(1.00151 3.5533e-19 0)
(1.00151 3.54039e-19 0)
(1.00151 3.52749e-19 0)
(1.00151 3.51459e-19 0)
(1.00151 3.5017e-19 0)
(1.00151 3.48882e-19 0)
(1.00151 3.47594e-19 0)
(1.00151 3.46307e-19 0)
(1.00151 3.45021e-19 0)
(1.00151 3.43736e-19 0)
(1.00151 3.42452e-19 0)
(1.00151 3.41169e-19 0)
(1.00151 3.39887e-19 0)
(1.00151 3.38606e-19 0)
(1.00151 3.37326e-19 0)
(1.00151 3.36047e-19 0)
(1.0015 3.3477e-19 0)
(1.0015 3.33493e-19 0)
(1.0015 3.32219e-19 0)
(1.0015 3.30945e-19 0)
(1.0015 3.29673e-19 0)
(1.0015 3.28403e-19 0)
(1.0015 3.27134e-19 0)
(1.0015 3.25867e-19 0)
(1.0015 3.24601e-19 0)
(1.0015 3.23337e-19 0)
(1.0015 3.22075e-19 0)
(1.0015 3.20815e-19 0)
(1.0015 3.19556e-19 0)
(1.0015 3.18299e-19 0)
(1.00149 3.17044e-19 0)
(1.00149 3.15791e-19 0)
(1.00149 3.1454e-19 0)
(1.00149 3.13291e-19 0)
(1.00149 3.12044e-19 0)
(1.00149 3.10799e-19 0)
(1.00149 3.09556e-19 0)
(1.00149 3.08316e-19 0)
(1.00149 3.07077e-19 0)
(1.00149 3.05841e-19 0)
(1.00149 3.04607e-19 0)
(1.00149 3.03375e-19 0)
(1.00149 3.02145e-19 0)
(1.00148 3.00918e-19 0)
(1.00148 2.99693e-19 0)
(1.00148 2.98471e-19 0)
(1.00148 2.97251e-19 0)
(1.00148 2.96033e-19 0)
(1.00148 2.94818e-19 0)
(1.00148 2.93605e-19 0)
(1.00148 2.92395e-19 0)
(1.00148 2.91188e-19 0)
(1.00148 2.89983e-19 0)
(1.00148 2.8878e-19 0)
(1.00148 2.8758e-19 0)
(1.00147 2.86383e-19 0)
(1.00147 2.85188e-19 0)
(1.00147 2.83996e-19 0)
(1.00147 2.82807e-19 0)
(1.00147 2.8162e-19 0)
(1.00147 2.80436e-19 0)
(1.00147 2.79255e-19 0)
(1.00147 2.78077e-19 0)
(1.00147 2.76901e-19 0)
(1.00147 2.75728e-19 0)
(1.00147 2.74558e-19 0)
(1.00147 2.73391e-19 0)
(1.00146 2.72226e-19 0)
(1.00146 2.71064e-19 0)
(1.00146 2.69906e-19 0)
(1.00146 2.68749e-19 0)
(1.00146 2.67596e-19 0)
(1.00146 2.66446e-19 0)
(1.00146 2.65298e-19 0)
(1.00146 2.64154e-19 0)
(1.00146 2.63012e-19 0)
(1.00146 2.61873e-19 0)
(1.00146 2.60737e-19 0)
(1.00145 2.59604e-19 0)
(1.00145 2.58474e-19 0)
(1.00145 2.57347e-19 0)
(1.00145 2.56223e-19 0)
(1.00145 2.55102e-19 0)
(1.00145 2.53983e-19 0)
(1.00145 2.52868e-19 0)
(1.00145 2.51756e-19 0)
(1.00145 2.50646e-19 0)
(1.00145 2.4954e-19 0)
(1.00144 2.48437e-19 0)
(1.00144 2.47336e-19 0)
(1.00144 2.46239e-19 0)
(1.00144 2.45145e-19 0)
(1.00144 2.44053e-19 0)
(1.00144 2.42965e-19 0)
(1.00144 2.41879e-19 0)
(1.00144 2.40797e-19 0)
(1.00144 2.39717e-19 0)
(1.00144 2.38641e-19 0)
(1.00143 2.37567e-19 0)
(1.00143 2.36497e-19 0)
(1.00143 2.35429e-19 0)
(1.00143 2.34365e-19 0)
(1.00143 2.33303e-19 0)
(1.00143 2.32245e-19 0)
(1.00143 2.31189e-19 0)
(1.00143 2.30136e-19 0)
(1.00143 2.29087e-19 0)
(1.00142 2.2804e-19 0)
(1.00142 2.26997e-19 0)
(1.00142 2.25956e-19 0)
(1.00142 2.24918e-19 0)
(1.00142 2.23884e-19 0)
(1.00142 2.22852e-19 0)
(1.00142 2.21824e-19 0)
(1.00142 2.20798e-19 0)
(1.00142 2.19775e-19 0)
(1.00141 2.18756e-19 0)
(1.00141 2.17739e-19 0)
(1.00141 2.16725e-19 0)
(1.00141 2.15715e-19 0)
(1.00141 2.14707e-19 0)
(1.00141 2.13702e-19 0)
(1.00141 2.12701e-19 0)
(1.00141 2.11702e-19 0)
(1.0014 2.10706e-19 0)
(1.0014 2.09714e-19 0)
(1.0014 2.08724e-19 0)
(1.0014 2.07737e-19 0)
(1.0014 2.06754e-19 0)
(1.0014 2.05773e-19 0)
(1.0014 2.04795e-19 0)
(1.0014 2.0382e-19 0)
(1.0014 2.02848e-19 0)
(1.00139 2.0188e-19 0)
(1.00139 2.00914e-19 0)
(1.00139 1.99951e-19 0)
(1.00139 1.98991e-19 0)
(1.00139 1.98034e-19 0)
(1.00139 1.9708e-19 0)
(1.00139 1.96129e-19 0)
(1.00138 1.95181e-19 0)
(1.00138 1.94236e-19 0)
(1.00138 1.93294e-19 0)
(1.00138 1.92355e-19 0)
(1.00138 1.91419e-19 0)
(1.00138 1.90486e-19 0)
(1.00138 1.89556e-19 0)
(1.00138 1.88629e-19 0)
(1.00137 1.87705e-19 0)
(1.00137 1.86784e-19 0)
(1.00137 1.85866e-19 0)
(1.00137 1.84951e-19 0)
(1.00137 1.84039e-19 0)
(1.00137 1.8313e-19 0)
(1.00137 1.82223e-19 0)
(1.00136 1.8132e-19 0)
(1.00136 1.8042e-19 0)
(1.00136 1.79522e-19 0)
(1.00136 1.78628e-19 0)
(1.00136 1.77736e-19 0)
(1.00136 1.76848e-19 0)
(1.00136 1.75962e-19 0)
(1.00135 1.75079e-19 0)
(1.00135 1.742e-19 0)
(1.00135 1.73323e-19 0)
(1.00135 1.72449e-19 0)
(1.00135 1.71578e-19 0)
(1.00135 1.7071e-19 0)
(1.00135 1.69845e-19 0)
(1.00134 1.68983e-19 0)
(1.00134 1.68124e-19 0)
(1.00134 1.67267e-19 0)
(1.00134 1.66414e-19 0)
(1.00134 1.65563e-19 0)
(1.00134 1.64716e-19 0)
(1.00134 1.63871e-19 0)
(1.00133 1.63029e-19 0)
(1.00133 1.6219e-19 0)
(1.00133 1.61354e-19 0)
(1.00133 1.60521e-19 0)
(1.00133 1.59691e-19 0)
(1.00133 1.58863e-19 0)
(1.00133 1.58039e-19 0)
(1.00132 1.57217e-19 0)
(1.00132 1.56399e-19 0)
(1.00132 1.55583e-19 0)
(1.00132 1.54769e-19 0)
(1.00132 1.53959e-19 0)
(1.00132 1.53152e-19 0)
(1.00131 1.52348e-19 0)
(1.00131 1.51546e-19 0)
(1.00131 1.50748e-19 0)
(1.00131 1.49952e-19 0)
(1.00131 1.49159e-19 0)
(1.00131 1.48368e-19 0)
(1.0013 1.47581e-19 0)
(1.0013 1.46797e-19 0)
(1.0013 1.46015e-19 0)
(1.0013 1.45236e-19 0)
(1.0013 1.4446e-19 0)
(1.0013 1.43687e-19 0)
(1.00129 1.42916e-19 0)
(1.00129 1.42149e-19 0)
(1.00129 1.41384e-19 0)
(1.00129 1.40622e-19 0)
(1.00129 1.39863e-19 0)
(1.00129 1.39107e-19 0)
(1.00128 1.38354e-19 0)
(1.00128 1.37603e-19 0)
(1.00128 1.36856e-19 0)
(1.00128 1.36111e-19 0)
(1.00128 1.35369e-19 0)
(1.00127 1.3463e-19 0)
(1.00127 1.33893e-19 0)
(1.00127 1.3316e-19 0)
(1.00127 1.32429e-19 0)
(1.00127 1.31701e-19 0)
(1.00127 1.30976e-19 0)
(1.00126 1.30254e-19 0)
(1.00126 1.29535e-19 0)
(1.00126 1.28819e-19 0)
(1.00126 1.28105e-19 0)
(1.00126 1.27394e-19 0)
(1.00125 1.26686e-19 0)
(1.00125 1.25981e-19 0)
(1.00125 1.25279e-19 0)
(1.00125 1.24579e-19 0)
(1.00125 1.23882e-19 0)
(1.00125 1.23188e-19 0)
(1.00124 1.22497e-19 0)
(1.00124 1.21809e-19 0)
(1.00124 1.21123e-19 0)
(1.00124 1.20441e-19 0)
(1.00124 1.19761e-19 0)
(1.00123 1.19084e-19 0)
(1.00123 1.18409e-19 0)
(1.00123 1.17738e-19 0)
(1.00123 1.17069e-19 0)
(1.00123 1.16403e-19 0)
(1.00122 1.1574e-19 0)
(1.00122 1.15079e-19 0)
(1.00122 1.14422e-19 0)
(1.00122 1.13767e-19 0)
(1.00122 1.13115e-19 0)
(1.00121 1.12465e-19 0)
(1.00121 1.11819e-19 0)
(1.00121 1.11175e-19 0)
(1.00121 1.10534e-19 0)
(1.00121 1.09895e-19 0)
(1.0012 1.09259e-19 0)
(1.0012 1.08626e-19 0)
(1.0012 1.07996e-19 0)
(1.0012 1.07369e-19 0)
(1.00119 1.06744e-19 0)
(1.00119 1.06122e-19 0)
(1.00119 1.05502e-19 0)
(1.00119 1.04886e-19 0)
(1.00119 1.04271e-19 0)
(1.00118 1.0366e-19 0)
(1.00118 1.03051e-19 0)
(1.00118 1.02445e-19 0)
(1.00118 1.01842e-19 0)
(1.00118 1.01241e-19 0)
(1.00117 1.00643e-19 0)
(1.00117 1.00048e-19 0)
(1.00117 9.94554e-20 0)
(1.00117 9.88653e-20 0)
(1.00116 9.82779e-20 0)
(1.00116 9.76931e-20 0)
(1.00116 9.71109e-20 0)
(1.00116 9.65314e-20 0)
(1.00115 9.59544e-20 0)
(1.00115 9.53801e-20 0)
(1.00115 9.48083e-20 0)
(1.00115 9.42392e-20 0)
(1.00115 9.36726e-20 0)
(1.00114 9.31086e-20 0)
(1.00114 9.25472e-20 0)
(1.00114 9.19883e-20 0)
(1.00114 9.1432e-20 0)
(1.00113 9.08783e-20 0)
(1.00113 9.03271e-20 0)
(1.00113 8.97784e-20 0)
(1.00113 8.92323e-20 0)
(1.00112 8.86887e-20 0)
(1.00112 8.81476e-20 0)
(1.00112 8.76091e-20 0)
(1.00112 8.7073e-20 0)
(1.00111 8.65394e-20 0)
(1.00111 8.60083e-20 0)
(1.00111 8.54797e-20 0)
(1.00111 8.49536e-20 0)
(1.0011 8.44299e-20 0)
(1.0011 8.39087e-20 0)
(1.0011 8.339e-20 0)
(1.0011 8.28736e-20 0)
(1.00109 8.23597e-20 0)
(1.00109 8.18483e-20 0)
(1.00109 8.13392e-20 0)
(1.00109 8.08326e-20 0)
(1.00108 8.03284e-20 0)
(1.00108 7.98265e-20 0)
(1.00108 7.93271e-20 0)
(1.00108 7.883e-20 0)
(1.00107 7.83353e-20 0)
(1.00107 7.78429e-20 0)
(1.00107 7.73529e-20 0)
(1.00107 7.68653e-20 0)
(1.00106 7.638e-20 0)
(1.00106 7.5897e-20 0)
(1.00106 7.54163e-20 0)
(1.00105 7.4938e-20 0)
(1.00105 7.44621e-20 0)
(1.00105 7.39885e-20 0)
(1.00105 7.35172e-20 0)
(1.00104 7.30482e-20 0)
(1.00104 7.25816e-20 0)
(1.00104 7.21173e-20 0)
(1.00104 7.16555e-20 0)
(1.00103 7.11959e-20 0)
(1.00103 7.07386e-20 0)
(1.00103 7.02835e-20 0)
(1.00102 6.98307e-20 0)
(1.00102 6.93803e-20 0)
(1.00102 6.89322e-20 0)
(1.00102 6.84865e-20 0)
(1.00101 6.80429e-20 0)
(1.00101 6.76016e-20 0)
(1.00101 6.71627e-20 0)
(1.001 6.6726e-20 0)
(1.001 6.62917e-20 0)
(1.001 6.58597e-20 0)
(1.00099 6.54299e-20 0)
(1.00099 6.50024e-20 0)
(1.00099 6.45772e-20 0)
(1.00099 6.41542e-20 0)
(1.00098 6.37335e-20 0)
(1.00098 6.3315e-20 0)
(1.00098 6.28987e-20 0)
(1.00097 6.24847e-20 0)
(1.00097 6.20729e-20 0)
(1.00097 6.16633e-20 0)
(1.00096 6.12558e-20 0)
(1.00096 6.08506e-20 0)
(1.00096 6.04475e-20 0)
(1.00096 6.00466e-20 0)
(1.00095 5.96479e-20 0)
(1.00095 5.92513e-20 0)
(1.00095 5.88568e-20 0)
(1.00094 5.84645e-20 0)
(1.00094 5.80742e-20 0)
(1.00094 5.76861e-20 0)
(1.00093 5.73001e-20 0)
(1.00093 5.69161e-20 0)
(1.00093 5.65343e-20 0)
(1.00092 5.61545e-20 0)
(1.00092 5.57767e-20 0)
(1.00092 5.54011e-20 0)
(1.00091 5.50274e-20 0)
(1.00091 5.46558e-20 0)
(1.00091 5.42862e-20 0)
(1.0009 5.39185e-20 0)
(1.0009 5.35529e-20 0)
(1.0009 5.31893e-20 0)
(1.00089 5.28277e-20 0)
(1.00089 5.2468e-20 0)
(1.00089 5.21103e-20 0)
(1.00088 5.17545e-20 0)
(1.00088 5.14007e-20 0)
(1.00088 5.10487e-20 0)
(1.00087 5.06987e-20 0)
(1.00087 5.03507e-20 0)
(1.00087 5.00045e-20 0)
(1.00086 4.96602e-20 0)
(1.00086 4.93177e-20 0)
(1.00086 4.89772e-20 0)
(1.00085 4.86385e-20 0)
(1.00085 4.83016e-20 0)
(1.00084 4.79666e-20 0)
(1.00084 4.76334e-20 0)
(1.00084 4.7302e-20 0)
(1.00083 4.69724e-20 0)
(1.00083 4.66446e-20 0)
(1.00083 4.63186e-20 0)
(1.00082 4.59944e-20 0)
(1.00082 4.56719e-20 0)
(1.00082 4.53512e-20 0)
(1.00081 4.50322e-20 0)
(1.00081 4.4715e-20 0)
(1.0008 4.43995e-20 0)
(1.0008 4.40857e-20 0)
(1.0008 4.37736e-20 0)
(1.00079 4.34633e-20 0)
(1.00079 4.31546e-20 0)
(1.00079 4.28475e-20 0)
(1.00078 4.25422e-20 0)
(1.00078 4.22385e-20 0)
(1.00077 4.19364e-20 0)
(1.00077 4.1636e-20 0)
(1.00077 4.13372e-20 0)
(1.00076 4.104e-20 0)
(1.00076 4.07444e-20 0)
(1.00075 4.04504e-20 0)
(1.00075 4.0158e-20 0)
(1.00075 3.98672e-20 0)
(1.00074 3.95778e-20 0)
(1.00074 3.929e-20 0)
(1.00073 3.90037e-20 0)
(1.00073 3.87192e-20 0)
(1.00073 3.84364e-20 0)
(1.00072 3.81552e-20 0)
(1.00072 3.78754e-20 0)
(1.00071 3.75972e-20 0)
(1.00071 3.73205e-20 0)
(1.00071 3.70455e-20 0)
(1.0007 3.6772e-20 0)
(1.0007 3.64999e-20 0)
(1.00069 3.62293e-20 0)
(1.00069 3.59604e-20 0)
(1.00068 3.56932e-20 0)
(1.00068 3.54277e-20 0)
(1.00068 3.51636e-20 0)
(1.00067 3.49009e-20 0)
(1.00067 3.46397e-20 0)
(1.00066 3.438e-20 0)
(1.00066 3.41221e-20 0)
(1.00065 3.38657e-20 0)
(1.00065 3.3611e-20 0)
(1.00065 3.33576e-20 0)
(1.00064 3.31056e-20 0)
(1.00064 3.28549e-20 0)
(1.00063 3.26058e-20 0)
(1.00063 3.23583e-20 0)
(1.00062 3.21124e-20 0)
(1.00062 3.18677e-20 0)
(1.00061 3.16247e-20 0)
(1.00061 3.13832e-20 0)
(1.00061 3.11434e-20 0)
(1.0006 3.09048e-20 0)
(1.0006 3.06675e-20 0)
(1.00059 3.04318e-20 0)
(1.00059 3.01976e-20 0)
(1.00058 2.99649e-20 0)
(1.00058 2.97338e-20 0)
(1.00057 2.95041e-20 0)
(1.00057 2.9276e-20 0)
(1.00056 2.90493e-20 0)
(1.00056 2.8824e-20 0)
(1.00055 2.86002e-20 0)
(1.00055 2.83778e-20 0)
(1.00054 2.81569e-20 0)
(1.00054 2.79374e-20 0)
(1.00053 2.77193e-20 0)
(1.00053 2.75026e-20 0)
(1.00052 2.72873e-20 0)
(1.00052 2.70734e-20 0)
(1.00051 2.68608e-20 0)
(1.00051 2.66497e-20 0)
(1.00051 2.64399e-20 0)
(1.0005 2.62314e-20 0)
(1.0005 2.60243e-20 0)
(1.00049 2.58185e-20 0)
(1.00049 2.5614e-20 0)
(1.00048 2.54108e-20 0)
(1.00047 2.5209e-20 0)
(1.00047 2.50084e-20 0)
(1.00046 2.48091e-20 0)
(1.00046 2.46111e-20 0)
(1.00045 2.44143e-20 0)
(1.00045 2.42188e-20 0)
(1.00044 2.40246e-20 0)
(1.00044 2.38316e-20 0)
(1.00043 2.36398e-20 0)
(1.00043 2.34492e-20 0)
(1.00042 2.32599e-20 0)
(1.00042 2.30717e-20 0)
(1.00041 2.28848e-20 0)
(1.00041 2.2699e-20 0)
(1.0004 2.25144e-20 0)
(1.0004 2.23309e-20 0)
(1.00039 2.21486e-20 0)
(1.00039 2.19675e-20 0)
(1.00038 2.17875e-20 0)
(1.00037 2.16086e-20 0)
(1.00037 2.14309e-20 0)
(1.00036 2.12543e-20 0)
(1.00036 2.10787e-20 0)
(1.00035 2.09043e-20 0)
(1.00035 2.07309e-20 0)
(1.00034 2.05587e-20 0)
(1.00034 2.03875e-20 0)
(1.00033 2.02174e-20 0)
(1.00032 2.00483e-20 0)
(1.00032 1.98803e-20 0)
(1.00031 1.97133e-20 0)
(1.00031 1.95474e-20 0)
(1.0003 1.93824e-20 0)
(1.0003 1.92185e-20 0)
(1.00029 1.90556e-20 0)
(1.00028 1.88937e-20 0)
(1.00028 1.87327e-20 0)
(1.00027 1.85726e-20 0)
(1.00027 1.84137e-20 0)
(1.00026 1.82559e-20 0)
(1.00025 1.80993e-20 0)
(1.00025 1.79439e-20 0)
(1.00024 1.77892e-20 0)
(1.00024 1.76352e-20 0)
(1.00023 1.74819e-20 0)
(1.00022 1.73298e-20 0)
(1.00022 1.71789e-20 0)
(1.00021 1.70293e-20 0)
(1.00021 1.68804e-20 0)
(1.0002 1.67322e-20 0)
(1.00019 1.65847e-20 0)
(1.00019 1.64379e-20 0)
(1.00018 1.62923e-20 0)
(1.00017 1.61478e-20 0)
(1.00017 1.60044e-20 0)
(1.00016 1.58622e-20 0)
(1.00016 1.57212e-20 0)
(1.00015 1.55808e-20 0)
(1.00014 1.54412e-20 0)
(1.00014 1.53023e-20 0)
(1.00013 1.51641e-20 0)
(1.00012 1.50266e-20 0)
(1.00012 1.48902e-20 0)
(1.00011 1.47549e-20 0)
(1.0001 1.46208e-20 0)
(1.0001 1.44877e-20 0)
(1.00009 1.43558e-20 0)
(1.00008 1.42244e-20 0)
(1.00008 1.40937e-20 0)
(1.00007 1.39637e-20 0)
(1.00006 1.38343e-20 0)
(1.00006 1.3706e-20 0)
(1.00005 1.35788e-20 0)
(1.00004 1.34526e-20 0)
(1.00004 1.33274e-20 0)
(1.00003 1.32033e-20 0)
(1.00002 1.30802e-20 0)
(1.00002 1.29578e-20 0)
(1.00001 1.28358e-20 0)
(1 1.27145e-20 0)
(0.999995 1.25942e-20 0)
(0.999988 1.24749e-20 0)
(0.999981 1.23567e-20 0)
(0.999974 1.22394e-20 0)
(0.999967 1.21231e-20 0)
(0.99996 1.20073e-20 0)
(0.999952 1.18925e-20 0)
(0.999945 1.17788e-20 0)
(0.999938 1.16655e-20 0)
(0.999931 1.15531e-20 0)
(0.999923 1.14418e-20 0)
(0.999916 1.13313e-20 0)
(0.999909 1.12217e-20 0)
(0.999901 1.1113e-20 0)
(0.999894 1.10051e-20 0)
(0.999887 1.08982e-20 0)
(0.999879 1.07921e-20 0)
(0.999872 1.06869e-20 0)
(0.999864 1.05825e-20 0)
(0.999857 1.0479e-20 0)
(0.999849 1.03764e-20 0)
(0.999841 1.02747e-20 0)
(0.999834 1.01739e-20 0)
(0.999826 1.00739e-20 0)
(0.999818 9.97486e-21 0)
(0.999811 9.87667e-21 0)
(0.999803 9.77935e-21 0)
(0.999795 9.68288e-21 0)
(0.999787 9.58726e-21 0)
(0.999779 9.49247e-21 0)
(0.999771 9.3985e-21 0)
(0.999764 9.30535e-21 0)
(0.999756 9.213e-21 0)
(0.999748 9.12145e-21 0)
(0.99974 9.03069e-21 0)
(0.999732 8.94071e-21 0)
(0.999723 8.85151e-21 0)
(0.999715 8.76307e-21 0)
(0.999707 8.67538e-21 0)
(0.999699 8.58846e-21 0)
(0.999691 8.50228e-21 0)
(0.999683 8.41683e-21 0)
(0.999674 8.33213e-21 0)
(0.999666 8.24815e-21 0)
(0.999658 8.16489e-21 0)
(0.999649 8.08235e-21 0)
(0.999641 8.00052e-21 0)
(0.999632 7.9194e-21 0)
(0.999624 7.83898e-21 0)
(0.999615 7.75925e-21 0)
(0.999607 7.68021e-21 0)
(0.999598 7.60186e-21 0)
(0.99959 7.52419e-21 0)
(0.999581 7.44719e-21 0)
(0.999572 7.37086e-21 0)
(0.999564 7.29519e-21 0)
(0.999555 7.22018e-21 0)
(0.999546 7.14583e-21 0)
(0.999537 7.07213e-21 0)
(0.999529 6.99907e-21 0)
(0.99952 6.92665e-21 0)
(0.999511 6.85486e-21 0)
(0.999502 6.78371e-21 0)
(0.999493 6.71317e-21 0)
(0.999484 6.64326e-21 0)
(0.999475 6.57396e-21 0)
(0.999466 6.50528e-21 0)
(0.999456 6.4372e-21 0)
(0.999447 6.36972e-21 0)
(0.999438 6.30283e-21 0)
(0.999429 6.23654e-21 0)
(0.999419 6.17083e-21 0)
(0.99941 6.10571e-21 0)
(0.999401 6.04117e-21 0)
(0.999391 5.97719e-21 0)
(0.999382 5.91379e-21 0)
(0.999372 5.85095e-21 0)
(0.999363 5.78868e-21 0)
(0.999353 5.72696e-21 0)
(0.999344 5.66579e-21 0)
(0.999334 5.60516e-21 0)
(0.999324 5.54508e-21 0)
(0.999315 5.48554e-21 0)
(0.999305 5.42653e-21 0)
(0.999295 5.36806e-21 0)
(0.999285 5.31011e-21 0)
(0.999276 5.25268e-21 0)
(0.999266 5.19577e-21 0)
(0.999256 5.13937e-21 0)
(0.999246 5.08349e-21 0)
(0.999236 5.02811e-21 0)
(0.999226 4.97323e-21 0)
(0.999216 4.91885e-21 0)
(0.999205 4.86496e-21 0)
(0.999195 4.81157e-21 0)
(0.999185 4.75866e-21 0)
(0.999175 4.70623e-21 0)
(0.999164 4.65428e-21 0)
(0.999154 4.60281e-21 0)
(0.999144 4.55181e-21 0)
(0.999133 4.50127e-21 0)
(0.999123 4.4512e-21 0)
(0.999112 4.40159e-21 0)
(0.999102 4.35244e-21 0)
(0.999091 4.30374e-21 0)
(0.99908 4.25548e-21 0)
(0.99907 4.20768e-21 0)
(0.999059 4.16031e-21 0)
(0.999048 4.11339e-21 0)
(0.999037 4.0669e-21 0)
(0.999027 4.02084e-21 0)
(0.999016 3.97521e-21 0)
(0.999005 3.93001e-21 0)
(0.998994 3.88522e-21 0)
(0.998983 3.84086e-21 0)
(0.998972 3.79691e-21 0)
(0.998961 3.75337e-21 0)
(0.998949 3.71024e-21 0)
(0.998938 3.66752e-21 0)
(0.998927 3.62519e-21 0)
(0.998916 3.58327e-21 0)
(0.998904 3.54174e-21 0)
(0.998893 3.5006e-21 0)
(0.998881 3.45985e-21 0)
(0.99887 3.41949e-21 0)
(0.998858 3.37951e-21 0)
(0.998847 3.33991e-21 0)
(0.998835 3.30069e-21 0)
(0.998824 3.26184e-21 0)
(0.998812 3.22336e-21 0)
(0.9988 3.18525e-21 0)
(0.998788 3.1475e-21 0)
(0.998776 3.11012e-21 0)
(0.998765 3.07309e-21 0)
(0.998753 3.03642e-21 0)
(0.998741 3.00011e-21 0)
(0.998728 2.96414e-21 0)
(0.998716 2.92852e-21 0)
(0.998704 2.89324e-21 0)
(0.998692 2.85831e-21 0)
(0.99868 2.82371e-21 0)
(0.998668 2.78946e-21 0)
(0.998655 2.75553e-21 0)
(0.998643 2.72193e-21 0)
(0.99863 2.68867e-21 0)
(0.998618 2.65572e-21 0)
(0.998605 2.6231e-21 0)
(0.998593 2.5908e-21 0)
(0.99858 2.55882e-21 0)
(0.998567 2.52715e-21 0)
(0.998555 2.4958e-21 0)
(0.998542 2.46475e-21 0)
(0.998529 2.43401e-21 0)
(0.998516 2.40357e-21 0)
(0.998503 2.37344e-21 0)
(0.99849 2.3436e-21 0)
(0.998477 2.31407e-21 0)
(0.998464 2.28482e-21 0)
(0.998451 2.25587e-21 0)
(0.998437 2.22721e-21 0)
(0.998424 2.19883e-21 0)
(0.998411 2.17074e-21 0)
(0.998398 2.14293e-21 0)
(0.998384 2.1154e-21 0)
(0.998371 2.08815e-21 0)
(0.998357 2.06117e-21 0)
(0.998343 2.03447e-21 0)
(0.99833 2.00803e-21 0)
(0.998316 1.98187e-21 0)
(0.998302 1.95597e-21 0)
(0.998288 1.93033e-21 0)
(0.998275 1.90496e-21 0)
(0.998261 1.87984e-21 0)
(0.998247 1.85498e-21 0)
(0.998233 1.83038e-21 0)
(0.998219 1.80603e-21 0)
(0.998204 1.78193e-21 0)
(0.99819 1.75807e-21 0)
(0.998176 1.73447e-21 0)
(0.998162 1.7111e-21 0)
(0.998147 1.68798e-21 0)
(0.998133 1.6651e-21 0)
(0.998118 1.64246e-21 0)
(0.998104 1.62005e-21 0)
(0.998089 1.59788e-21 0)
(0.998074 1.57594e-21 0)
(0.99806 1.55423e-21 0)
(0.998045 1.53274e-21 0)
(0.99803 1.51148e-21 0)
(0.998015 1.49045e-21 0)
(0.998 1.46963e-21 0)
(0.997985 1.44904e-21 0)
(0.99797 1.42866e-21 0)
(0.997955 1.4085e-21 0)
(0.997939 1.38856e-21 0)
(0.997924 1.36883e-21 0)
(0.997909 1.3493e-21 0)
(0.997893 1.32999e-21 0)
(0.997878 1.31088e-21 0)
(0.997862 1.29198e-21 0)
(0.997847 1.27328e-21 0)
(0.997831 1.25478e-21 0)
(0.997815 1.23648e-21 0)
(0.997799 1.21837e-21 0)
(0.997783 1.20047e-21 0)
(0.997768 1.18276e-21 0)
(0.997752 1.16524e-21 0)
(0.997735 1.14791e-21 0)
(0.997719 1.13076e-21 0)
(0.997703 1.11381e-21 0)
(0.997687 1.09704e-21 0)
(0.997671 1.08046e-21 0)
(0.997654 1.06406e-21 0)
(0.997638 1.04784e-21 0)
(0.997621 1.03179e-21 0)
(0.997605 1.01593e-21 0)
(0.997588 1.00024e-21 0)
(0.997571 9.84723e-22 0)
(0.997554 9.6938e-22 0)
(0.997537 9.54208e-22 0)
(0.997521 9.39205e-22 0)
(0.997504 9.2437e-22 0)
(0.997486 9.09701e-22 0)
(0.997469 8.95196e-22 0)
(0.997452 8.80855e-22 0)
(0.997435 8.66675e-22 0)
(0.997417 8.52656e-22 0)
(0.9974 8.38795e-22 0)
(0.997382 8.25092e-22 0)
(0.997365 8.11544e-22 0)
(0.997347 7.9815e-22 0)
(0.99733 7.8491e-22 0)
(0.997312 7.7182e-22 0)
(0.997294 7.58881e-22 0)
(0.997276 7.4609e-22 0)
(0.997258 7.33447e-22 0)
(0.99724 7.20949e-22 0)
(0.997222 7.08596e-22 0)
(0.997203 6.96385e-22 0)
(0.997185 6.84317e-22 0)
(0.997167 6.72389e-22 0)
(0.997148 6.60599e-22 0)
(0.99713 6.48948e-22 0)
(0.997111 6.37433e-22 0)
(0.997092 6.26053e-22 0)
(0.997074 6.14807e-22 0)
(0.997055 6.03693e-22 0)
(0.997036 5.92711e-22 0)
(0.997017 5.81858e-22 0)
(0.996998 5.71134e-22 0)
(0.996979 5.60538e-22 0)
(0.996959 5.50068e-22 0)
(0.99694 5.39723e-22 0)
(0.996921 5.29502e-22 0)
(0.996901 5.19404e-22 0)
(0.996882 5.09427e-22 0)
(0.996862 4.9957e-22 0)
(0.996842 4.89832e-22 0)
(0.996822 4.80212e-22 0)
(0.996802 4.70709e-22 0)
(0.996782 4.61322e-22 0)
(0.996762 4.52049e-22 0)
(0.996742 4.42889e-22 0)
(0.996722 4.33842e-22 0)
(0.996702 4.24905e-22 0)
(0.996681 4.16079e-22 0)
(0.996661 4.07362e-22 0)
(0.99664 3.98752e-22 0)
(0.99662 3.90249e-22 0)
(0.996599 3.81852e-22 0)
(0.996578 3.7356e-22 0)
(0.996557 3.65371e-22 0)
(0.996536 3.57284e-22 0)
(0.996515 3.49299e-22 0)
(0.996494 3.41415e-22 0)
(0.996473 3.3363e-22 0)
(0.996451 3.25944e-22 0)
(0.99643 3.18355e-22 0)
(0.996408 3.10863e-22 0)
(0.996387 3.03466e-22 0)
(0.996365 2.96163e-22 0)
(0.996343 2.88954e-22 0)
(0.996322 2.81838e-22 0)
(0.9963 2.74814e-22 0)
(0.996277 2.6788e-22 0)
(0.996255 2.61036e-22 0)
(0.996233 2.54281e-22 0)
(0.996211 2.47614e-22 0)
(0.996188 2.41034e-22 0)
(0.996166 2.3454e-22 0)
(0.996143 2.28131e-22 0)
(0.99612 2.21807e-22 0)
(0.996098 2.15566e-22 0)
(0.996075 2.09408e-22 0)
(0.996052 2.03331e-22 0)
(0.996029 1.97336e-22 0)
(0.996005 1.9142e-22 0)
(0.995982 1.85584e-22 0)
(0.995959 1.79826e-22 0)
(0.995935 1.74145e-22 0)
(0.995912 1.68542e-22 0)
(0.995888 1.63014e-22 0)
(0.995864 1.57561e-22 0)
(0.99584 1.52183e-22 0)
(0.995816 1.46878e-22 0)
(0.995792 1.41646e-22 0)
(0.995768 1.36486e-22 0)
(0.995744 1.31397e-22 0)
(0.99572 1.26378e-22 0)
(0.995695 1.21429e-22 0)
(0.99567 1.1655e-22 0)
(0.995646 1.11738e-22 0)
(0.995621 1.06993e-22 0)
(0.995596 1.02316e-22 0)
(0.995571 9.7704e-23 0)
(0.995546 9.31575e-23 0)
(0.995521 8.86757e-23 0)
(0.995495 8.42576e-23 0)
(0.99547 7.99027e-23 0)
(0.995445 7.56102e-23 0)
(0.995419 7.13795e-23 0)
(0.995393 6.72098e-23 0)
(0.995367 6.31006e-23 0)
(0.995341 5.90511e-23 0)
(0.995315 5.50607e-23 0)
(0.995289 5.11287e-23 0)
(0.995263 4.72544e-23 0)
(0.995236 4.34373e-23 0)
(0.99521 3.96767e-23 0)
(0.995183 3.59719e-23 0)
(0.995157 3.23224e-23 0)
(0.99513 2.87274e-23 0)
(0.995103 2.51865e-23 0)
(0.995076 2.16989e-23 0)
(0.995049 1.82641e-23 0)
(0.995021 1.48814e-23 0)
(0.994994 1.15504e-23 0)
(0.994966 8.27035e-24 0)
(0.994939 5.04073e-24 0)
(0.994911 1.86093e-24 0)
(0.994883 -1.26959e-24 0)
(0.994855 -4.35141e-24 0)
(0.994827 -7.38509e-24 0)
(0.994799 -1.03712e-23 0)
(0.99477 -1.33103e-23 0)
(0.994742 -1.62028e-23 0)
(0.994713 -1.90494e-23 0)
(0.994685 -2.18507e-23 0)
(0.994656 -2.4607e-23 0)
(0.994627 -2.73189e-23 0)
(0.994598 -2.9987e-23 0)
(0.994569 -3.26118e-23 0)
(0.994539 -3.51938e-23 0)
(0.99451 -3.77334e-23 0)
(0.99448 -4.02313e-23 0)
(0.994451 -4.26878e-23 0)
(0.994421 -4.51035e-23 0)
(0.994391 -4.74788e-23 0)
(0.994361 -4.98143e-23 0)
(0.994331 -5.21104e-23 0)
(0.9943 -5.43676e-23 0)
(0.99427 -5.65864e-23 0)
(0.994239 -5.87671e-23 0)
(0.994209 -6.09104e-23 0)
(0.994178 -6.30165e-23 0)
(0.994147 -6.50861e-23 0)
(0.994116 -6.71194e-23 0)
(0.994084 -6.91171e-23 0)
(0.994053 -7.10794e-23 0)
(0.994022 -7.30069e-23 0)
(0.99399 -7.48999e-23 0)
(0.993958 -7.67589e-23 0)
(0.993926 -7.85842e-23 0)
(0.993894 -8.03765e-23 0)
(0.993862 -8.21359e-23 0)
(0.99383 -8.3863e-23 0)
(0.993797 -8.55581e-23 0)
(0.993765 -8.72216e-23 0)
(0.993732 -8.8854e-23 0)
(0.993699 -9.04556e-23 0)
(0.993666 -9.20267e-23 0)
(0.993633 -9.35679e-23 0)
(0.9936 -9.50795e-23 0)
(0.993567 -9.65618e-23 0)
(0.993533 -9.80151e-23 0)
(0.993499 -9.944e-23 0)
(0.993465 -1.00837e-22 0)
(0.993432 -1.02206e-22 0)
(0.993397 -1.03547e-22 0)
(0.993363 -1.04862e-22 0)
(0.993329 -1.06149e-22 0)
(0.993294 -1.07411e-22 0)
(0.993259 -1.08646e-22 0)
(0.993225 -1.09855e-22 0)
(0.99319 -1.11039e-22 0)
(0.993154 -1.12198e-22 0)
(0.993119 -1.13333e-22 0)
(0.993084 -1.14443e-22 0)
(0.993048 -1.15529e-22 0)
(0.993012 -1.16591e-22 0)
(0.992977 -1.1763e-22 0)
(0.99294 -1.18645e-22 0)
(0.992904 -1.19638e-22 0)
(0.992868 -1.20608e-22 0)
(0.992831 -1.21556e-22 0)
(0.992795 -1.22482e-22 0)
(0.992758 -1.23387e-22 0)
(0.992721 -1.2427e-22 0)
(0.992684 -1.25132e-22 0)
(0.992647 -1.25973e-22 0)
(0.992609 -1.26794e-22 0)
(0.992571 -1.27595e-22 0)
(0.992534 -1.28376e-22 0)
(0.992496 -1.29137e-22 0)
(0.992458 -1.29879e-22 0)
(0.992419 -1.30601e-22 0)
(0.992381 -1.31305e-22 0)
(0.992342 -1.3199e-22 0)
(0.992304 -1.32657e-22 0)
(0.992265 -1.33306e-22 0)
(0.992226 -1.33937e-22 0)
(0.992187 -1.34551e-22 0)
(0.992147 -1.35147e-22 0)
(0.992108 -1.35726e-22 0)
(0.992068 -1.36288e-22 0)
(0.992028 -1.36834e-22 0)
(0.991988 -1.37363e-22 0)
(0.991948 -1.37876e-22 0)
(0.991907 -1.38374e-22 0)
(0.991867 -1.38855e-22 0)
(0.991826 -1.39322e-22 0)
(0.991785 -1.39773e-22 0)
(0.991744 -1.40209e-22 0)
(0.991703 -1.4063e-22 0)
(0.991661 -1.41037e-22 0)
(0.991619 -1.41429e-22 0)
(0.991578 -1.41808e-22 0)
(0.991536 -1.42172e-22 0)
(0.991493 -1.42523e-22 0)
(0.991451 -1.4286e-22 0)
(0.991409 -1.43184e-22 0)
(0.991366 -1.43495e-22 0)
(0.991323 -1.43793e-22 0)
(0.99128 -1.44078e-22 0)
(0.991237 -1.44351e-22 0)
(0.991193 -1.44611e-22 0)
(0.99115 -1.4486e-22 0)
(0.991106 -1.45096e-22 0)
(0.991062 -1.45321e-22 0)
(0.991018 -1.45534e-22 0)
(0.990973 -1.45735e-22 0)
(0.990929 -1.45926e-22 0)
(0.990884 -1.46105e-22 0)
(0.990839 -1.46274e-22 0)
(0.990794 -1.46431e-22 0)
(0.990748 -1.46579e-22 0)
(0.990703 -1.46716e-22 0)
(0.990657 -1.46843e-22 0)
(0.990611 -1.46959e-22 0)
(0.990565 -1.47066e-22 0)
(0.990519 -1.47163e-22 0)
(0.990472 -1.47251e-22 0)
(0.990426 -1.47329e-22 0)
(0.990379 -1.47398e-22 0)
(0.990332 -1.47458e-22 0)
(0.990284 -1.47509e-22 0)
(0.990237 -1.47551e-22 0)
(0.990189 -1.47585e-22 0)
(0.990141 -1.4761e-22 0)
(0.990093 -1.47627e-22 0)
(0.990045 -1.47635e-22 0)
(0.989996 -1.47636e-22 0)
(0.989948 -1.47628e-22 0)
(0.989899 -1.47613e-22 0)
(0.98985 -1.4759e-22 0)
(0.9898 -1.4756e-22 0)
(0.989751 -1.47522e-22 0)
(0.989701 -1.47477e-22 0)
(0.989651 -1.47424e-22 0)
(0.989601 -1.47365e-22 0)
(0.98955 -1.47299e-22 0)
(0.9895 -1.47226e-22 0)
(0.989449 -1.47147e-22 0)
(0.989398 -1.4706e-22 0)
(0.989346 -1.46968e-22 0)
(0.989295 -1.46869e-22 0)
(0.989243 -1.46764e-22 0)
(0.989191 -1.46653e-22 0)
(0.989139 -1.46537e-22 0)
(0.989087 -1.46414e-22 0)
(0.989034 -1.46285e-22 0)
(0.988981 -1.46151e-22 0)
(0.988928 -1.46012e-22 0)
(0.988875 -1.45867e-22 0)
(0.988821 -1.45717e-22 0)
(0.988768 -1.45561e-22 0)
(0.988714 -1.45401e-22 0)
(0.988659 -1.45235e-22 0)
(0.988605 -1.45065e-22 0)
(0.98855 -1.4489e-22 0)
(0.988495 -1.4471e-22 0)
(0.98844 -1.44525e-22 0)
(0.988385 -1.44336e-22 0)
(0.988329 -1.44143e-22 0)
(0.988273 -1.43945e-22 0)
(0.988217 -1.43743e-22 0)
(0.988161 -1.43537e-22 0)
(0.988104 -1.43327e-22 0)
(0.988048 -1.43113e-22 0)
(0.98799 -1.42895e-22 0)
(0.987933 -1.42673e-22 0)
(0.987876 -1.42448e-22 0)
(0.987818 -1.42219e-22 0)
(0.98776 -1.41986e-22 0)
(0.987701 -1.4175e-22 0)
(0.987643 -1.4151e-22 0)
(0.987584 -1.41268e-22 0)
(0.987525 -1.41021e-22 0)
(0.987466 -1.40772e-22 0)
(0.987406 -1.4052e-22 0)
(0.987346 -1.40264e-22 0)
(0.987286 -1.40006e-22 0)
(0.987226 -1.39745e-22 0)
(0.987165 -1.39481e-22 0)
(0.987105 -1.39214e-22 0)
(0.987043 -1.38945e-22 0)
(0.986982 -1.38673e-22 0)
(0.986921 -1.38398e-22 0)
(0.986859 -1.38121e-22 0)
(0.986796 -1.37842e-22 0)
(0.986734 -1.3756e-22 0)
(0.986671 -1.37276e-22 0)
(0.986608 -1.3699e-22 0)
(0.986545 -1.36702e-22 0)
(0.986482 -1.36411e-22 0)
(0.986418 -1.36119e-22 0)
(0.986354 -1.35824e-22 0)
(0.98629 -1.35528e-22 0)
(0.986225 -1.35229e-22 0)
(0.98616 -1.34929e-22 0)
(0.986095 -1.34627e-22 0)
(0.986029 -1.34324e-22 0)
(0.985964 -1.34019e-22 0)
(0.985898 -1.33712e-22 0)
(0.985831 -1.33403e-22 0)
(0.985765 -1.33094e-22 0)
(0.985698 -1.32782e-22 0)
(0.985631 -1.3247e-22 0)
(0.985564 -1.32155e-22 0)
(0.985496 -1.3184e-22 0)
(0.985428 -1.31524e-22 0)
(0.98536 -1.31206e-22 0)
(0.985291 -1.30887e-22 0)
(0.985222 -1.30567e-22 0)
(0.985153 -1.30246e-22 0)
(0.985083 -1.29923e-22 0)
(0.985014 -1.296e-22 0)
(0.984944 -1.29276e-22 0)
(0.984873 -1.28951e-22 0)
(0.984802 -1.28625e-22 0)
(0.984731 -1.28298e-22 0)
(0.98466 -1.27971e-22 0)
(0.984589 -1.27643e-22 0)
(0.984517 -1.27314e-22 0)
(0.984444 -1.26984e-22 0)
(0.984372 -1.26654e-22 0)
(0.984299 -1.26323e-22 0)
(0.984226 -1.25991e-22 0)
(0.984153 -1.25659e-22 0)
(0.984079 -1.25327e-22 0)
(0.984005 -1.24994e-22 0)
(0.98393 -1.24661e-22 0)
(0.983856 -1.24327e-22 0)
(0.98378 -1.23993e-22 0)
(0.983705 -1.23658e-22 0)
(0.983629 -1.23324e-22 0)
(0.983553 -1.22989e-22 0)
(0.983477 -1.22653e-22 0)
(0.9834 -1.22318e-22 0)
(0.983323 -1.21982e-22 0)
(0.983246 -1.21646e-22 0)
(0.983168 -1.2131e-22 0)
(0.98309 -1.20974e-22 0)
(0.983012 -1.20638e-22 0)
(0.982933 -1.20302e-22 0)
(0.982854 -1.19966e-22 0)
(0.982775 -1.1963e-22 0)
(0.982695 -1.19293e-22 0)
(0.982615 -1.18957e-22 0)
(0.982535 -1.18621e-22 0)
(0.982454 -1.18285e-22 0)
(0.982373 -1.1795e-22 0)
(0.982291 -1.17614e-22 0)
(0.98221 -1.17278e-22 0)
(0.982127 -1.16943e-22 0)
(0.982045 -1.16608e-22 0)
(0.981962 -1.16273e-22 0)
(0.981879 -1.15938e-22 0)
(0.981795 -1.15604e-22 0)
(0.981711 -1.1527e-22 0)
(0.981627 -1.14936e-22 0)
(0.981542 -1.14603e-22 0)
(0.981457 -1.1427e-22 0)
(0.981372 -1.13937e-22 0)
(0.981286 -1.13604e-22 0)
(0.9812 -1.13273e-22 0)
(0.981114 -1.12941e-22 0)
(0.981027 -1.1261e-22 0)
(0.980939 -1.12279e-22 0)
(0.980852 -1.11949e-22 0)
(0.980764 -1.11619e-22 0)
(0.980675 -1.1129e-22 0)
(0.980587 -1.10961e-22 0)
(0.980498 -1.10633e-22 0)
(0.980408 -1.10305e-22 0)
(0.980318 -1.09978e-22 0)
(0.980228 -1.09652e-22 0)
(0.980137 -1.09326e-22 0)
(0.980046 -1.09001e-22 0)
(0.979954 -1.08676e-22 0)
(0.979863 -1.08352e-22 0)
(0.97977 -1.08028e-22 0)
(0.979678 -1.07705e-22 0)
(0.979585 -1.07383e-22 0)
(0.979491 -1.07061e-22 0)
(0.979397 -1.06741e-22 0)
(0.979303 -1.0642e-22 0)
(0.979208 -1.06101e-22 0)
(0.979113 -1.05782e-22 0)
(0.979018 -1.05464e-22 0)
(0.978922 -1.05147e-22 0)
(0.978825 -1.0483e-22 0)
(0.978728 -1.04514e-22 0)
(0.978631 -1.04199e-22 0)
(0.978534 -1.03884e-22 0)
(0.978436 -1.03571e-22 0)
(0.978337 -1.03258e-22 0)
(0.978238 -1.02946e-22 0)
(0.978139 -1.02635e-22 0)
(0.978039 -1.02324e-22 0)
(0.977939 -1.02014e-22 0)
(0.977839 -1.01706e-22 0)
(0.977737 -1.01398e-22 0)
(0.977636 -1.0109e-22 0)
(0.977534 -1.00784e-22 0)
(0.977432 -1.00478e-22 0)
(0.977329 -1.00174e-22 0)
(0.977226 -9.98698e-23 0)
(0.977122 -9.95668e-23 0)
(0.977018 -9.92647e-23 0)
(0.976913 -9.89634e-23 0)
(0.976808 -9.8663e-23 0)
(0.976703 -9.83634e-23 0)
(0.976597 -9.80648e-23 0)
(0.97649 -9.7767e-23 0)
(0.976383 -9.74701e-23 0)
(0.976276 -9.71741e-23 0)
(0.976168 -9.6879e-23 0)
(0.97606 -9.65848e-23 0)
(0.975951 -9.62915e-23 0)
(0.975842 -9.59991e-23 0)
(0.975732 -9.57076e-23 0)
(0.975622 -9.54171e-23 0)
(0.975511 -9.51274e-23 0)
(0.9754 -9.48387e-23 0)
(0.975289 -9.45508e-23 0)
(0.975177 -9.42639e-23 0)
(0.975064 -9.3978e-23 0)
(0.974951 -9.36929e-23 0)
(0.974837 -9.34088e-23 0)
(0.974723 -9.31256e-23 0)
(0.974609 -9.28433e-23 0)
(0.974494 -9.2562e-23 0)
(0.974378 -9.22816e-23 0)
(0.974262 -9.20022e-23 0)
(0.974145 -9.17237e-23 0)
(0.974028 -9.14461e-23 0)
(0.973911 -9.11695e-23 0)
(0.973793 -9.08938e-23 0)
(0.973674 -9.0619e-23 0)
(0.973555 -9.03452e-23 0)
(0.973435 -9.00723e-23 0)
(0.973315 -8.98004e-23 0)
(0.973195 -8.95294e-23 0)
(0.973073 -8.92594e-23 0)
(0.972952 -8.89903e-23 0)
(0.972829 -8.87221e-23 0)
(0.972707 -8.84549e-23 0)
(0.972583 -8.81887e-23 0)
(0.972459 -8.79233e-23 0)
(0.972335 -8.7659e-23 0)
(0.97221 -8.73955e-23 0)
(0.972084 -8.7133e-23 0)
(0.971958 -8.68715e-23 0)
(0.971832 -8.66109e-23 0)
(0.971705 -8.63512e-23 0)
(0.971577 -8.60925e-23 0)
(0.971449 -8.58347e-23 0)
(0.97132 -8.55778e-23 0)
(0.971191 -8.53219e-23 0)
(0.971061 -8.50669e-23 0)
(0.97093 -8.48128e-23 0)
(0.970799 -8.45597e-23 0)
(0.970667 -8.43075e-23 0)
(0.970535 -8.40562e-23 0)
(0.970402 -8.38059e-23 0)
(0.970269 -8.35565e-23 0)
(0.970135 -8.3308e-23 0)
(0.970001 -8.30604e-23 0)
(0.969865 -8.28138e-23 0)
(0.96973 -8.2568e-23 0)
(0.969593 -8.23232e-23 0)
(0.969456 -8.20793e-23 0)
(0.969319 -8.18363e-23 0)
(0.969181 -8.15942e-23 0)
(0.969042 -8.13531e-23 0)
(0.968903 -8.11128e-23 0)
(0.968763 -8.08734e-23 0)
(0.968622 -8.0635e-23 0)
(0.968481 -8.03974e-23 0)
(0.96834 -8.01607e-23 0)
(0.968197 -7.9925e-23 0)
(0.968054 -7.96901e-23 0)
(0.967911 -7.94561e-23 0)
(0.967766 -7.9223e-23 0)
(0.967621 -7.89908e-23 0)
(0.967476 -7.87594e-23 0)
(0.96733 -7.8529e-23 0)
(0.967183 -7.82994e-23 0)
(0.967036 -7.80706e-23 0)
(0.966888 -7.78428e-23 0)
(0.966739 -7.76158e-23 0)
(0.966589 -7.73897e-23 0)
(0.966439 -7.71644e-23 0)
(0.966289 -7.694e-23 0)
(0.966137 -7.67165e-23 0)
(0.965985 -7.64938e-23 0)
(0.965833 -7.62719e-23 0)
(0.965679 -7.60509e-23 0)
(0.965525 -7.58308e-23 0)
(0.965371 -7.56115e-23 0)
(0.965215 -7.5393e-23 0)
(0.965059 -7.51753e-23 0)
(0.964903 -7.49585e-23 0)
(0.964745 -7.47425e-23 0)
(0.964587 -7.45274e-23 0)
(0.964428 -7.4313e-23 0)
(0.964269 -7.40995e-23 0)
(0.964109 -7.38867e-23 0)
(0.963948 -7.36749e-23 0)
(0.963786 -7.34637e-23 0)
(0.963624 -7.32535e-23 0)
(0.963461 -7.30439e-23 0)
(0.963297 -7.28353e-23 0)
(0.963133 -7.26273e-23 0)
(0.962968 -7.24202e-23 0)
(0.962802 -7.22139e-23 0)
(0.962635 -7.20083e-23 0)
(0.962468 -7.18036e-23 0)
(0.9623 -7.15996e-23 0)
(0.962131 -7.13964e-23 0)
(0.961962 -7.11939e-23 0)
(0.961791 -7.09922e-23 0)
(0.96162 -7.07913e-23 0)
(0.961449 -7.05911e-23 0)
(0.961276 -7.03917e-23 0)
(0.961103 -7.0193e-23 0)
(0.960929 -6.99952e-23 0)
(0.960754 -6.9798e-23 0)
(0.960578 -6.96016e-23 0)
(0.960402 -6.94059e-23 0)
(0.960225 -6.92109e-23 0)
(0.960047 -6.90167e-23 0)
(0.959868 -6.88232e-23 0)
(0.959689 -6.86304e-23 0)
(0.959509 -6.84384e-23 0)
(0.959328 -6.8247e-23 0)
(0.959146 -6.80564e-23 0)
(0.958963 -6.78664e-23 0)
(0.95878 -6.76772e-23 0)
(0.958596 -6.74887e-23 0)
(0.958411 -6.73009e-23 0)
(0.958225 -6.71138e-23 0)
(0.958038 -6.69274e-23 0)
(0.957851 -6.67416e-23 0)
(0.957662 -6.65566e-23 0)
(0.957473 -6.63722e-23 0)
(0.957283 -6.61885e-23 0)
(0.957092 -6.60054e-23 0)
(0.956901 -6.58231e-23 0)
(0.956708 -6.56414e-23 0)
(0.956515 -6.54603e-23 0)
(0.956321 -6.52799e-23 0)
(0.956126 -6.51002e-23 0)
(0.95593 -6.49212e-23 0)
(0.955733 -6.47428e-23 0)
(0.955536 -6.4565e-23 0)
(0.955337 -6.43878e-23 0)
(0.955138 -6.42113e-23 0)
(0.954938 -6.40355e-23 0)
(0.954737 -6.38602e-23 0)
(0.954535 -6.36856e-23 0)
(0.954332 -6.35116e-23 0)
(0.954128 -6.33383e-23 0)
(0.953923 -6.31655e-23 0)
(0.953718 -6.29934e-23 0)
(0.953511 -6.28219e-23 0)
(0.953304 -6.2651e-23 0)
(0.953096 -6.24806e-23 0)
(0.952887 -6.23109e-23 0)
(0.952676 -6.21418e-23 0)
(0.952465 -6.19733e-23 0)
(0.952254 -6.18054e-23 0)
(0.952041 -6.1638e-23 0)
(0.951827 -6.14712e-23 0)
(0.951612 -6.13051e-23 0)
(0.951396 -6.11394e-23 0)
(0.95118 -6.09744e-23 0)
(0.950962 -6.08099e-23 0)
(0.950744 -6.0646e-23 0)
(0.950524 -6.04827e-23 0)
(0.950304 -6.03199e-23 0)
(0.950082 -6.01577e-23 0)
(0.94986 -5.9996e-23 0)
(0.949636 -5.98349e-23 0)
(0.949412 -5.96743e-23 0)
(0.949187 -5.95143e-23 0)
(0.94896 -5.93548e-23 0)
(0.948733 -5.91958e-23 0)
(0.948505 -5.90374e-23 0)
(0.948275 -5.88795e-23 0)
(0.948045 -5.87222e-23 0)
(0.947813 -5.85653e-23 0)
(0.947581 -5.8409e-23 0)
(0.947348 -5.82532e-23 0)
(0.947113 -5.8098e-23 0)
(0.946878 -5.79432e-23 0)
(0.946641 -5.77889e-23 0)
(0.946404 -5.76352e-23 0)
(0.946165 -5.74819e-23 0)
(0.945925 -5.73292e-23 0)
(0.945685 -5.71769e-23 0)
(0.945443 -5.70251e-23 0)
(0.9452 -5.68739e-23 0)
(0.944956 -5.67231e-23 0)
(0.944711 -5.65728e-23 0)
(0.944465 -5.6423e-23 0)
(0.944218 -5.62737e-23 0)
(0.94397 -5.61248e-23 0)
(0.943721 -5.59764e-23 0)
(0.94347 -5.58285e-23 0)
(0.943219 -5.56811e-23 0)
(0.942966 -5.55341e-23 0)
(0.942712 -5.53876e-23 0)
(0.942457 -5.52415e-23 0)
(0.942201 -5.50959e-23 0)
(0.941944 -5.49508e-23 0)
(0.941686 -5.48061e-23 0)
(0.941427 -5.46618e-23 0)
(0.941166 -5.45181e-23 0)
(0.940904 -5.43747e-23 0)
(0.940642 -5.42318e-23 0)
(0.940378 -5.40893e-23 0)
(0.940112 -5.39473e-23 0)
(0.939846 -5.38056e-23 0)
(0.939579 -5.36645e-23 0)
(0.93931 -5.35237e-23 0)
(0.93904 -5.33834e-23 0)
(0.938769 -5.32435e-23 0)
(0.938497 -5.3104e-23 0)
(0.938223 -5.29649e-23 0)
(0.937949 -5.28263e-23 0)
(0.937673 -5.26881e-23 0)
(0.937396 -5.25502e-23 0)
(0.937117 -5.24128e-23 0)
(0.936838 -5.22758e-23 0)
(0.936557 -5.21392e-23 0)
(0.936275 -5.2003e-23 0)
(0.935992 -5.18671e-23 0)
(0.935707 -5.17317e-23 0)
(0.935422 -5.15967e-23 0)
(0.935135 -5.14621e-23 0)
(0.934846 -5.13278e-23 0)
(0.934557 -5.1194e-23 0)
(0.934266 -5.10605e-23 0)
(0.933974 -5.09274e-23 0)
(0.93368 -5.07947e-23 0)
(0.933385 -5.06623e-23 0)
(0.933089 -5.05304e-23 0)
(0.932792 -5.03988e-23 0)
(0.932493 -5.02675e-23 0)
(0.932193 -5.01367e-23 0)
(0.931892 -5.00062e-23 0)
(0.931589 -4.98761e-23 0)
(0.931285 -4.97463e-23 0)
(0.93098 -4.96169e-23 0)
(0.930673 -4.94879e-23 0)
(0.930365 -4.93592e-23 0)
(0.930056 -4.92308e-23 0)
(0.929745 -4.91029e-23 0)
(0.929433 -4.89752e-23 0)
(0.929119 -4.88479e-23 0)
(0.928804 -4.8721e-23 0)
(0.928488 -4.85944e-23 0)
(0.92817 -4.84681e-23 0)
(0.927851 -4.83422e-23 0)
(0.92753 -4.82166e-23 0)
(0.927208 -4.80914e-23 0)
(0.926885 -4.79665e-23 0)
(0.92656 -4.78419e-23 0)
(0.926234 -4.77176e-23 0)
(0.925906 -4.75937e-23 0)
(0.925577 -4.74701e-23 0)
(0.925246 -4.73468e-23 0)
(0.924914 -4.72239e-23 0)
(0.92458 -4.71013e-23 0)
(0.924245 -4.69789e-23 0)
(0.923908 -4.68569e-23 0)
(0.92357 -4.67353e-23 0)
(0.92323 -4.66139e-23 0)
(0.922889 -4.64928e-23 0)
(0.922547 -4.63721e-23 0)
(0.922202 -4.62517e-23 0)
(0.921857 -4.61315e-23 0)
(0.921509 -4.60117e-23 0)
(0.92116 -4.58922e-23 0)
(0.92081 -4.5773e-23 0)
(0.920458 -4.56541e-23 0)
(0.920104 -4.55354e-23 0)
(0.919749 -4.54171e-23 0)
(0.919392 -4.52991e-23 0)
(0.919034 -4.51814e-23 0)
(0.918674 -4.50639e-23 0)
(0.918313 -4.49468e-23 0)
(0.917949 -4.48299e-23 0)
(0.917585 -4.47134e-23 0)
(0.917218 -4.45971e-23 0)
(0.91685 -4.44811e-23 0)
(0.91648 -4.43654e-23 0)
(0.916109 -4.425e-23 0)
(0.915736 -4.41348e-23 0)
(0.915361 -4.402e-23 0)
(0.914984 -4.39054e-23 0)
(0.914606 -4.37911e-23 0)
(0.914226 -4.3677e-23 0)
(0.913845 -4.35633e-23 0)
(0.913461 -4.34498e-23 0)
(0.913076 -4.33366e-23 0)
(0.91269 -4.32237e-23 0)
(0.912301 -4.3111e-23 0)
(0.911911 -4.29986e-23 0)
(0.911519 -4.28865e-23 0)
(0.911125 -4.27746e-23 0)
(0.910729 -4.2663e-23 0)
(0.910332 -4.25517e-23 0)
(0.909932 -4.24406e-23 0)
(0.909531 -4.23298e-23 0)
(0.909128 -4.22193e-23 0)
(0.908724 -4.2109e-23 0)
(0.908317 -4.1999e-23 0)
(0.907909 -4.18892e-23 0)
(0.907498 -4.17797e-23 0)
(0.907086 -4.16704e-23 0)
(0.906672 -4.15614e-23 0)
(0.906256 -4.14527e-23 0)
(0.905838 -4.13442e-23 0)
(0.905419 -4.12359e-23 0)
(0.904997 -4.11279e-23 0)
(0.904573 -4.10202e-23 0)
(0.904148 -4.09127e-23 0)
(0.90372 -4.08054e-23 0)
(0.903291 -4.06984e-23 0)
(0.902859 -4.05917e-23 0)
(0.902426 -4.04852e-23 0)
(0.90199 -4.03789e-23 0)
(0.901553 -4.02729e-23 0)
(0.901114 -4.01671e-23 0)
(0.900672 -4.00615e-23 0)
(0.900228 -3.99562e-23 0)
(0.899783 -3.98511e-23 0)
(0.899335 -3.97463e-23 0)
(0.898885 -3.96417e-23 0)
(0.898434 -3.95374e-23 0)
(0.89798 -3.94333e-23 0)
(0.897524 -3.93294e-23 0)
(0.897065 -3.92257e-23 0)
(0.896605 -3.91223e-23 0)
(0.896143 -3.90191e-23 0)
(0.895678 -3.89161e-23 0)
(0.895211 -3.88134e-23 0)
(0.894742 -3.87109e-23 0)
(0.894271 -3.86087e-23 0)
(0.893797 -3.85066e-23 0)
(0.893322 -3.84048e-23 0)
(0.892844 -3.83032e-23 0)
(0.892364 -3.82019e-23 0)
(0.891881 -3.81008e-23 0)
(0.891396 -3.79999e-23 0)
(0.890909 -3.78992e-23 0)
(0.89042 -3.77988e-23 0)
(0.889929 -3.76985e-23 0)
(0.889435 -3.75985e-23 0)
(0.888938 -3.74987e-23 0)
(0.888439 -3.73992e-23 0)
(0.887938 -3.72999e-23 0)
(0.887435 -3.72008e-23 0)
(0.886929 -3.71018e-23 0)
(0.88642 -3.70031e-23 0)
(0.885909 -3.69045e-23 0)
(0.885394 -3.6806e-23 0)
(0.884874 -3.67073e-23 0)
(0.884351 -3.66086e-23 0)
(0.883824 -3.65097e-23 0)
(0.883293 -3.64109e-23 0)
(0.882757 -3.63118e-23 0)
(0.882217 -3.62127e-23 0)
(0.881673 -3.61135e-23 0)
(0.881125 -3.60143e-23 0)
(0.880573 -3.5915e-23 0)
(0.880016 -3.58157e-23 0)
(0.879456 -3.57163e-23 0)
(0.878892 -3.5617e-23 0)
(0.878323 -3.55176e-23 0)
(0.877751 -3.54182e-23 0)
(0.877176 -3.53189e-23 0)
(0.876596 -3.52196e-23 0)
(0.876013 -3.51204e-23 0)
(0.875426 -3.50213e-23 0)
(0.874836 -3.49221e-23 0)
(0.874242 -3.48231e-23 0)
(0.873644 -3.47242e-23 0)
(0.873043 -3.46254e-23 0)
(0.872438 -3.45267e-23 0)
(0.87183 -3.44281e-23 0)
(0.871219 -3.43296e-23 0)
(0.870604 -3.42313e-23 0)
(0.869986 -3.41331e-23 0)
(0.869364 -3.4035e-23 0)
(0.868739 -3.39371e-23 0)
(0.86811 -3.38393e-23 0)
(0.867479 -3.37417e-23 0)
(0.866843 -3.36442e-23 0)
(0.866205 -3.35469e-23 0)
(0.865563 -3.34498e-23 0)
(0.864918 -3.33528e-23 0)
(0.864269 -3.3256e-23 0)
(0.863617 -3.31593e-23 0)
(0.862962 -3.30629e-23 0)
(0.862303 -3.29666e-23 0)
(0.861641 -3.28705e-23 0)
(0.860976 -3.27745e-23 0)
(0.860307 -3.26788e-23 0)
(0.859635 -3.25832e-23 0)
(0.858959 -3.24879e-23 0)
(0.85828 -3.23927e-23 0)
(0.857597 -3.22977e-23 0)
(0.856911 -3.22029e-23 0)
(0.856222 -3.21082e-23 0)
(0.855529 -3.20138e-23 0)
(0.854832 -3.19196e-23 0)
(0.854132 -3.18255e-23 0)
(0.853429 -3.17317e-23 0)
(0.852722 -3.1638e-23 0)
(0.852011 -3.15446e-23 0)
(0.851297 -3.14513e-23 0)
(0.850579 -3.13582e-23 0)
(0.849857 -3.12653e-23 0)
(0.849132 -3.11727e-23 0)
(0.848403 -3.10801e-23 0)
(0.84767 -3.09879e-23 0)
(0.846933 -3.08958e-23 0)
(0.846193 -3.08039e-23 0)
(0.845449 -3.07121e-23 0)
(0.844701 -3.06206e-23 0)
(0.843949 -3.05293e-23 0)
(0.843193 -3.04382e-23 0)
(0.842433 -3.03473e-23 0)
(0.841669 -3.02566e-23 0)
(0.840902 -3.0166e-23 0)
(0.84013 -3.00757e-23 0)
(0.839354 -2.99855e-23 0)
(0.838574 -2.98956e-23 0)
(0.83779 -2.98058e-23 0)
(0.837001 -2.97163e-23 0)
(0.836209 -2.96269e-23 0)
(0.835412 -2.95377e-23 0)
(0.834611 -2.94487e-23 0)
(0.833805 -2.93599e-23 0)
(0.832995 -2.92713e-23 0)
(0.832181 -2.91829e-23 0)
(0.831362 -2.90946e-23 0)
(0.830539 -2.90066e-23 0)
(0.829711 -2.89187e-23 0)
(0.828879 -2.88311e-23 0)
(0.828041 -2.87436e-23 0)
(0.8272 -2.86563e-23 0)
(0.826353 -2.85692e-23 0)
(0.825502 -2.84823e-23 0)
(0.824645 -2.83955e-23 0)
(0.823784 -2.8309e-23 0)
(0.822918 -2.82226e-23 0)
(0.822047 -2.81364e-23 0)
(0.821171 -2.80504e-23 0)
(0.82029 -2.79646e-23 0)
(0.819403 -2.78789e-23 0)
(0.818512 -2.77935e-23 0)
(0.817615 -2.77082e-23 0)
(0.816713 -2.76231e-23 0)
(0.815805 -2.75381e-23 0)
(0.814892 -2.74534e-23 0)
(0.813973 -2.73688e-23 0)
(0.813049 -2.72844e-23 0)
(0.812119 -2.72001e-23 0)
(0.811183 -2.7116e-23 0)
(0.810242 -2.70321e-23 0)
(0.809294 -2.69484e-23 0)
(0.808341 -2.68648e-23 0)
(0.807382 -2.67814e-23 0)
(0.806416 -2.66982e-23 0)
(0.805445 -2.66151e-23 0)
(0.804467 -2.65322e-23 0)
(0.803483 -2.64495e-23 0)
(0.802492 -2.63669e-23 0)
(0.801495 -2.62845e-23 0)
(0.800491 -2.62022e-23 0)
(0.799481 -2.61201e-23 0)
(0.798464 -2.60381e-23 0)
(0.79744 -2.59563e-23 0)
(0.796409 -2.58747e-23 0)
(0.795371 -2.57932e-23 0)
(0.794326 -2.57118e-23 0)
(0.793274 -2.56306e-23 0)
(0.792214 -2.55496e-23 0)
(0.791147 -2.54687e-23 0)
(0.790072 -2.53879e-23 0)
(0.78899 -2.53072e-23 0)
(0.7879 -2.52267e-23 0)
(0.786802 -2.51464e-23 0)
(0.785696 -2.50661e-23 0)
(0.784582 -2.4986e-23 0)
(0.783459 -2.49061e-23 0)
(0.782329 -2.48262e-23 0)
(0.781189 -2.47465e-23 0)
(0.780042 -2.46669e-23 0)
(0.778885 -2.45874e-23 0)
(0.777719 -2.4508e-23 0)
(0.776545 -2.44288e-23 0)
(0.775361 -2.43496e-23 0)
(0.774168 -2.42706e-23 0)
(0.772965 -2.41916e-23 0)
(0.771753 -2.41128e-23 0)
(0.770531 -2.4034e-23 0)
(0.769299 -2.39554e-23 0)
(0.768056 -2.38768e-23 0)
(0.766804 -2.37983e-23 0)
(0.765541 -2.37199e-23 0)
(0.764267 -2.36416e-23 0)
(0.762982 -2.35634e-23 0)
(0.761687 -2.34852e-23 0)
(0.76038 -2.34071e-23 0)
(0.759061 -2.3329e-23 0)
(0.757731 -2.3251e-23 0)
(0.756389 -2.3173e-23 0)
(0.755034 -2.3095e-23 0)
(0.753667 -2.30171e-23 0)
(0.752286 -2.29392e-23 0)
(0.750893 -2.28612e-23 0)
(0.749485 -2.27833e-23 0)
(0.748064 -2.27053e-23 0)
(0.746628 -2.26274e-23 0)
(0.745178 -2.25493e-23 0)
(0.743713 -2.24713e-23 0)
(0.742233 -2.23931e-23 0)
(0.740738 -2.2315e-23 0)
(0.739227 -2.22368e-23 0)
(0.7377 -2.21585e-23 0)
(0.736156 -2.20801e-23 0)
(0.734596 -2.20016e-23 0)
(0.733018 -2.19231e-23 0)
(0.731423 -2.18444e-23 0)
(0.72981 -2.17656e-23 0)
(0.728178 -2.16867e-23 0)
(0.726528 -2.16076e-23 0)
(0.724859 -2.15284e-23 0)
(0.723169 -2.1449e-23 0)
(0.72146 -2.13695e-23 0)
(0.71973 -2.12898e-23 0)
(0.717979 -2.12098e-23 0)
(0.716206 -2.11297e-23 0)
(0.714411 -2.10493e-23 0)
(0.712594 -2.09687e-23 0)
(0.710752 -2.08879e-23 0)
(0.708887 -2.08067e-23 0)
(0.706997 -2.07253e-23 0)
(0.705082 -2.06436e-23 0)
(0.703141 -2.05615e-23 0)
(0.701174 -2.04791e-23 0)
(0.699178 -2.03964e-23 0)
(0.697155 -2.03133e-23 0)
(0.695103 -2.02298e-23 0)
(0.69302 -2.01458e-23 0)
(0.690907 -2.00614e-23 0)
(0.688763 -1.99765e-23 0)
(0.686586 -1.98912e-23 0)
(0.684375 -1.98052e-23 0)
(0.682129 -1.97188e-23 0)
(0.679848 -1.96318e-23 0)
(0.677529 -1.95442e-23 0)
(0.675173 -1.94559e-23 0)
(0.672777 -1.9367e-23 0)
(0.670341 -1.92772e-23 0)
(0.667862 -1.91869e-23 0)
(0.66534 -1.90956e-23 0)
(0.662773 -1.90036e-23 0)
(0.660159 -1.89106e-23 0)
(0.657496 -1.88168e-23 0)
(0.654784 -1.8722e-23 0)
(0.652019 -1.86261e-23 0)
(0.6492 -1.85292e-23 0)
(0.646324 -1.84311e-23 0)
(0.643391 -1.83318e-23 0)
(0.640395 -1.82313e-23 0)
(0.637335 -1.81293e-23 0)
(0.634206 -1.80259e-23 0)
(0.631007 -1.79209e-23 0)
(0.627734 -1.78143e-23 0)
(0.624383 -1.77058e-23 0)
(0.620951 -1.75957e-23 0)
(0.617435 -1.74835e-23 0)
(0.613829 -1.73693e-23 0)
(0.610129 -1.72528e-23 0)
(0.606331 -1.71341e-23 0)
(0.60243 -1.70128e-23 0)
(0.59842 -1.6889e-23 0)
(0.594296 -1.67623e-23 0)
(0.590051 -1.66328e-23 0)
(0.585678 -1.65e-23 0)
(0.58117 -1.63639e-23 0)
(0.576519 -1.62242e-23 0)
(0.571716 -1.60807e-23 0)
(0.566753 -1.5933e-23 0)
(0.561619 -1.5781e-23 0)
(0.556304 -1.56242e-23 0)
(0.550794 -1.54625e-23 0)
(0.545078 -1.52952e-23 0)
(0.539141 -1.51223e-23 0)
(0.532968 -1.49429e-23 0)
(0.526542 -1.4757e-23 0)
(0.519844 -1.45636e-23 0)
(0.512855 -1.43626e-23 0)
(0.505551 -1.41529e-23 0)
(0.497909 -1.39342e-23 0)
(0.489902 -1.37054e-23 0)
(0.4815 -1.34661e-23 0)
(0.472672 -1.32149e-23 0)
(0.463383 -1.29513e-23 0)
(0.453594 -1.26738e-23 0)
(0.443264 -1.23816e-23 0)
(0.432348 -1.2073e-23 0)
(0.420797 -1.17471e-23 0)
(0.408556 -1.14019e-23 0)
(0.395548 -1.10358e-23 0)
(0.381676 -1.06455e-23 0)
(0.366847 -1.02288e-23 0)
(0.35098 -9.78328e-24 0)
(0.334005 -9.30716e-24 0)
(0.315865 -8.79853e-24 0)
(0.296537 -8.25712e-24 0)
(0.27604 -7.68325e-24 0)
(0.25445 -7.07952e-24 0)
(0.231904 -6.44943e-24 0)
(0.208583 -5.79835e-24 0)
(0.18469 -5.1317e-24 0)
(0.160415 -4.45514e-24 0)
(0.135912 -3.77249e-24 0)
(0.111285 -3.0872e-24 0)
(0.0865981 -2.40082e-24 0)
(0.0618794 -1.71369e-24 0)
(0.037141 -1.0271e-24 0)
(0.0123858 -3.42097e-25 0)
)
;

boundaryField
{
    top_wall
    {
        type            noSlip;
    }
    inlet
    {
        type            cyclic;
    }
    bot_wall
    {
        type            noSlip;
    }
    outlet
    {
        type            cyclic;
    }
    frontAndBack
    {
        type            empty;
    }
}


// ************************************************************************* //
