0.001002 	0.0492536 	-3.31815e-18 	0
0.00220441 	0.103069 	-6.83366e-18 	0
0.00340681 	0.131061 	-8.0727e-18 	0
0.00460922 	0.159054 	-9.31174e-18 	0
0.00581162 	0.187046 	-1.05508e-17 	0
0.00701403 	0.206585 	-1.06598e-17 	0
0.00821643 	0.224553 	-1.0559e-17 	0
0.00941884 	0.242521 	-1.04581e-17 	0
0.0106212 	0.257593 	-1.03784e-17 	0
0.0118236 	0.269957 	-1.03183e-17 	0
0.0130261 	0.282321 	-1.02582e-17 	0
0.0142285 	0.29411 	-1.02097e-17 	0
0.0154309 	0.30345 	-1.02103e-17 	0
0.0166333 	0.312789 	-1.02109e-17 	0
0.0178357 	0.322129 	-1.02115e-17 	0
0.0190381 	0.329882 	-1.02298e-17 	0
0.0202405 	0.337383 	-1.02509e-17 	0
0.0214429 	0.344885 	-1.02719e-17 	0
0.0226453 	0.351729 	-1.02922e-17 	0
0.0238477 	0.358005 	-1.03118e-17 	0
0.0250501 	0.36428 	-1.03313e-17 	0
0.0262525 	0.370372 	-1.03469e-17 	0
0.0274549 	0.375773 	-1.03471e-17 	0
0.0286573 	0.381175 	-1.03474e-17 	0
0.0298597 	0.386576 	-1.03477e-17 	0
0.0310621 	0.391398 	-1.03578e-17 	0
0.0322645 	0.396145 	-1.03692e-17 	0
0.0334669 	0.400891 	-1.03806e-17 	0
0.0346693 	0.405353 	-1.03965e-17 	0
0.0358717 	0.40959 	-1.0416e-17 	0
0.0370741 	0.413827 	-1.04354e-17 	0
0.0382766 	0.41797 	-1.0452e-17 	0
0.039479 	0.421799 	-1.04587e-17 	0
0.0406814 	0.425628 	-1.04655e-17 	0
0.0418838 	0.429458 	-1.04722e-17 	0
0.0430862 	0.432986 	-1.04649e-17 	0
0.0442886 	0.436481 	-1.0456e-17 	0
0.045491 	0.439977 	-1.04472e-17 	0
0.0466934 	0.443313 	-1.04326e-17 	0
0.0478958 	0.44653 	-1.04139e-17 	0
0.0490982 	0.449748 	-1.03952e-17 	0
0.0503006 	0.452907 	-1.03861e-17 	0
0.051503 	0.455889 	-1.04056e-17 	0
0.0527054 	0.458871 	-1.04252e-17 	0
0.0539078 	0.461853 	-1.04447e-17 	0
0.0551102 	0.464649 	-1.0482e-17 	0
0.0563126 	0.467429 	-1.05207e-17 	0
0.057515 	0.470209 	-1.05595e-17 	0
0.0587174 	0.472884 	-1.05892e-17 	0
0.0599198 	0.475489 	-1.06128e-17 	0
0.0611222 	0.478094 	-1.06365e-17 	0
0.0623246 	0.480657 	-1.06555e-17 	0
0.0635271 	0.483108 	-1.06624e-17 	0
0.0647295 	0.485558 	-1.06692e-17 	0
0.0659319 	0.488009 	-1.0676e-17 	0
0.0671343 	0.490332 	-1.06707e-17 	0
0.0683367 	0.492647 	-1.06647e-17 	0
0.0695391 	0.494962 	-1.06587e-17 	0
0.0707415 	0.497203 	-1.06525e-17 	0
0.0719439 	0.499397 	-1.06462e-17 	0
0.0731463 	0.501591 	-1.064e-17 	0
0.0743487 	0.503754 	-1.06335e-17 	0
0.0755511 	0.50584 	-1.06264e-17 	0
0.0767535 	0.507926 	-1.06194e-17 	0
0.0779559 	0.510013 	-1.06124e-17 	0
0.0791583 	0.512004 	-1.06051e-17 	0
0.0803607 	0.513992 	-1.05978e-17 	0
0.0815631 	0.515981 	-1.05905e-17 	0
0.0827655 	0.517913 	-1.05833e-17 	0
0.0839679 	0.519813 	-1.05761e-17 	0
0.0851703 	0.521713 	-1.05689e-17 	0
0.0863727 	0.523588 	-1.05617e-17 	0
0.0875752 	0.525408 	-1.05548e-17 	0
0.0887776 	0.527227 	-1.05479e-17 	0
0.08998 	0.529047 	-1.05409e-17 	0
0.0911824 	0.530794 	-1.05343e-17 	0
0.0923848 	0.53254 	-1.05277e-17 	0
0.0935872 	0.534286 	-1.05212e-17 	0
0.0947896 	0.535987 	-1.05149e-17 	0
0.095992 	0.537666 	-1.05087e-17 	0
0.0971944 	0.539344 	-1.05026e-17 	0
0.0983968 	0.541002 	-1.04967e-17 	0
0.0995992 	0.542619 	-1.04911e-17 	0
0.100802 	0.544235 	-1.04855e-17 	0
0.102004 	0.545851 	-1.04799e-17 	0
0.103206 	0.54741 	-1.04748e-17 	0
0.104409 	0.548969 	-1.04697e-17 	0
0.105611 	0.550528 	-1.04646e-17 	0
0.106814 	0.552051 	-1.04599e-17 	0
0.108016 	0.553557 	-1.04553e-17 	0
0.109218 	0.555063 	-1.04508e-17 	0
0.110421 	0.556552 	-1.04464e-17 	0
0.111623 	0.558008 	-1.04424e-17 	0
0.112826 	0.559465 	-1.04383e-17 	0
0.114028 	0.56092 	-1.04343e-17 	0
0.11523 	0.56233 	-1.04308e-17 	0
0.116433 	0.56374 	-1.04273e-17 	0
0.117635 	0.56515 	-1.04238e-17 	0
0.118838 	0.566531 	-1.04206e-17 	0
0.12004 	0.567898 	-1.04175e-17 	0
0.121242 	0.569266 	-1.04144e-17 	0
0.122445 	0.570618 	-1.04115e-17 	0
0.123647 	0.571945 	-1.04089e-17 	0
0.12485 	0.573272 	-1.04063e-17 	0
0.126052 	0.574598 	-1.04037e-17 	0
0.127255 	0.575887 	-1.04015e-17 	0
0.128457 	0.577177 	-1.03993e-17 	0
0.129659 	0.578467 	-1.03971e-17 	0
0.130862 	0.579731 	-1.03952e-17 	0
0.132064 	0.580985 	-1.03934e-17 	0
0.133267 	0.582239 	-1.03916e-17 	0
0.134469 	0.58348 	-1.03899e-17 	0
0.135671 	0.584701 	-1.03885e-17 	0
0.136874 	0.585922 	-1.03871e-17 	0
0.138076 	0.58714 	-1.03856e-17 	0
0.139279 	0.58833 	-1.03845e-17 	0
0.140481 	0.589519 	-1.03834e-17 	0
0.141683 	0.590709 	-1.03823e-17 	0
0.142886 	0.591876 	-1.03814e-17 	0
0.144088 	0.593036 	-1.03806e-17 	0
0.145291 	0.594195 	-1.03799e-17 	0
0.146493 	0.595343 	-1.03792e-17 	0
0.147695 	0.596475 	-1.03787e-17 	0
0.148898 	0.597607 	-1.03782e-17 	0
0.1501 	0.598736 	-1.03777e-17 	0
0.151303 	0.599841 	-1.03775e-17 	0
0.152505 	0.600946 	-1.03773e-17 	0
0.153707 	0.602051 	-1.03771e-17 	0
0.15491 	0.603137 	-1.0377e-17 	0
0.156112 	0.604217 	-1.0377e-17 	0
0.157315 	0.605297 	-1.0377e-17 	0
0.158517 	0.606367 	-1.03771e-17 	0
0.159719 	0.607423 	-1.03773e-17 	0
0.160922 	0.608478 	-1.03776e-17 	0
0.162124 	0.609532 	-1.03778e-17 	0
0.163327 	0.610565 	-1.03783e-17 	0
0.164529 	0.611599 	-1.03787e-17 	0
0.165731 	0.612632 	-1.03792e-17 	0
0.166934 	0.613649 	-1.03798e-17 	0
0.168136 	0.61466 	-1.03805e-17 	0
0.169339 	0.615672 	-1.03811e-17 	0
0.170541 	0.616674 	-1.03819e-17 	0
0.171743 	0.617665 	-1.03827e-17 	0
0.172946 	0.618656 	-1.03836e-17 	0
0.174148 	0.619645 	-1.03844e-17 	0
0.175351 	0.620616 	-1.03854e-17 	0
0.176553 	0.621588 	-1.03865e-17 	0
0.177756 	0.622559 	-1.03875e-17 	0
0.178958 	0.623516 	-1.03886e-17 	0
0.18016 	0.624469 	-1.03898e-17 	0
0.181363 	0.625421 	-1.0391e-17 	0
0.182565 	0.626365 	-1.03922e-17 	0
0.183768 	0.6273 	-1.03936e-17 	0
0.18497 	0.628235 	-1.03949e-17 	0
0.186172 	0.629167 	-1.03963e-17 	0
0.187375 	0.630085 	-1.03978e-17 	0
0.188577 	0.631002 	-1.03993e-17 	0
0.18978 	0.63192 	-1.04008e-17 	0
0.190982 	0.632824 	-1.04024e-17 	0
0.192184 	0.633726 	-1.0404e-17 	0
0.193387 	0.634627 	-1.04057e-17 	0
0.194589 	0.635521 	-1.04074e-17 	0
0.195792 	0.636407 	-1.04091e-17 	0
0.196994 	0.637292 	-1.04108e-17 	0
0.198196 	0.638175 	-1.04126e-17 	0
0.199399 	0.639046 	-1.04145e-17 	0
0.200601 	0.639916 	-1.04164e-17 	0
0.201804 	0.640787 	-1.04183e-17 	0
0.203006 	0.641645 	-1.04203e-17 	0
0.204208 	0.642501 	-1.04223e-17 	0
0.205411 	0.643358 	-1.04243e-17 	0
0.206613 	0.644207 	-1.04264e-17 	0
0.207816 	0.645049 	-1.04285e-17 	0
0.209018 	0.645891 	-1.04306e-17 	0
0.21022 	0.646731 	-1.04327e-17 	0
0.211423 	0.64756 	-1.04349e-17 	0
0.212625 	0.64839 	-1.04372e-17 	0
0.213828 	0.649219 	-1.04394e-17 	0
0.21503 	0.650037 	-1.04417e-17 	0
0.216232 	0.650853 	-1.04441e-17 	0
0.217435 	0.651669 	-1.04464e-17 	0
0.218637 	0.652479 	-1.04488e-17 	0
0.21984 	0.653283 	-1.04512e-17 	0
0.221042 	0.654087 	-1.04537e-17 	0
0.222244 	0.654889 	-1.04561e-17 	0
0.223447 	0.655681 	-1.04586e-17 	0
0.224649 	0.656473 	-1.04612e-17 	0
0.225852 	0.657265 	-1.04637e-17 	0
0.227054 	0.658048 	-1.04663e-17 	0
0.228257 	0.658829 	-1.04689e-17 	0
0.229459 	0.65961 	-1.04715e-17 	0
0.230661 	0.660384 	-1.04742e-17 	0
0.231864 	0.661154 	-1.04769e-17 	0
0.233066 	0.661924 	-1.04796e-17 	0
0.234269 	0.662692 	-1.04823e-17 	0
0.235471 	0.663451 	-1.04851e-17 	0
0.236673 	0.66421 	-1.04879e-17 	0
0.237876 	0.66497 	-1.04907e-17 	0
0.239078 	0.66572 	-1.04936e-17 	0
0.240281 	0.666469 	-1.04964e-17 	0
0.241483 	0.667218 	-1.04993e-17 	0
0.242685 	0.667962 	-1.05022e-17 	0
0.243888 	0.668701 	-1.05051e-17 	0
0.24509 	0.66944 	-1.05081e-17 	0
0.246293 	0.670178 	-1.0511e-17 	0
0.247495 	0.670907 	-1.0514e-17 	0
0.248697 	0.671637 	-1.0517e-17 	0
0.2499 	0.672367 	-1.052e-17 	0
0.251102 	0.673088 	-1.05231e-17 	0
0.252305 	0.673809 	-1.05262e-17 	0
0.253507 	0.67453 	-1.05292e-17 	0
0.254709 	0.675245 	-1.05324e-17 	0
0.255912 	0.675957 	-1.05355e-17 	0
0.257114 	0.676669 	-1.05387e-17 	0
0.258317 	0.677378 	-1.05418e-17 	0
0.259519 	0.678082 	-1.0545e-17 	0
0.260721 	0.678785 	-1.05482e-17 	0
0.261924 	0.679488 	-1.05514e-17 	0
0.263126 	0.680184 	-1.05546e-17 	0
0.264329 	0.680879 	-1.05579e-17 	0
0.265531 	0.681574 	-1.05611e-17 	0
0.266733 	0.682264 	-1.05644e-17 	0
0.267936 	0.682951 	-1.05677e-17 	0
0.269138 	0.683639 	-1.0571e-17 	0
0.270341 	0.684323 	-1.05744e-17 	0
0.271543 	0.685003 	-1.05777e-17 	0
0.272745 	0.685682 	-1.05811e-17 	0
0.273948 	0.686362 	-1.05845e-17 	0
0.27515 	0.687034 	-1.05878e-17 	0
0.276353 	0.687706 	-1.05912e-17 	0
0.277555 	0.688377 	-1.05946e-17 	0
0.278758 	0.689045 	-1.0598e-17 	0
0.27996 	0.689709 	-1.06014e-17 	0
0.281162 	0.690374 	-1.06048e-17 	0
0.282365 	0.691036 	-1.06083e-17 	0
0.283567 	0.691694 	-1.06117e-17 	0
0.28477 	0.692351 	-1.06152e-17 	0
0.285972 	0.693009 	-1.06187e-17 	0
0.287174 	0.69366 	-1.06222e-17 	0
0.288377 	0.69431 	-1.06257e-17 	0
0.289579 	0.694961 	-1.06292e-17 	0
0.290782 	0.695608 	-1.06327e-17 	0
0.291984 	0.696252 	-1.06362e-17 	0
0.293186 	0.696896 	-1.06397e-17 	0
0.294389 	0.697538 	-1.06432e-17 	0
0.295591 	0.698176 	-1.06468e-17 	0
0.296794 	0.698813 	-1.06503e-17 	0
0.297996 	0.699451 	-1.06539e-17 	0
0.299198 	0.700082 	-1.06575e-17 	0
0.300401 	0.700714 	-1.0661e-17 	0
0.301603 	0.701346 	-1.06646e-17 	0
0.302806 	0.701973 	-1.06682e-17 	0
0.304008 	0.702599 	-1.06718e-17 	0
0.30521 	0.703224 	-1.06754e-17 	0
0.306413 	0.703848 	-1.06789e-17 	0
0.307615 	0.704467 	-1.06825e-17 	0
0.308818 	0.705087 	-1.06861e-17 	0
0.31002 	0.705706 	-1.06897e-17 	0
0.311222 	0.70632 	-1.06933e-17 	0
0.312425 	0.706934 	-1.06969e-17 	0
0.313627 	0.707548 	-1.07005e-17 	0
0.31483 	0.708158 	-1.07041e-17 	0
0.316032 	0.708766 	-1.07077e-17 	0
0.317234 	0.709375 	-1.07113e-17 	0
0.318437 	0.709981 	-1.07149e-17 	0
0.319639 	0.710585 	-1.07185e-17 	0
0.320842 	0.711188 	-1.07221e-17 	0
0.322044 	0.711791 	-1.07256e-17 	0
0.323246 	0.712389 	-1.07292e-17 	0
0.324449 	0.712986 	-1.07328e-17 	0
0.325651 	0.713584 	-1.07365e-17 	0
0.326854 	0.714178 	-1.074e-17 	0
0.328056 	0.714771 	-1.07436e-17 	0
0.329259 	0.715363 	-1.07472e-17 	0
0.330461 	0.715954 	-1.07508e-17 	0
0.331663 	0.716542 	-1.07543e-17 	0
0.332866 	0.71713 	-1.07579e-17 	0
0.334068 	0.717718 	-1.07614e-17 	0
0.335271 	0.718301 	-1.07649e-17 	0
0.336473 	0.718884 	-1.07685e-17 	0
0.337675 	0.719467 	-1.0772e-17 	0
0.338878 	0.720046 	-1.07756e-17 	0
0.34008 	0.720625 	-1.07791e-17 	0
0.341283 	0.721203 	-1.07826e-17 	0
0.342485 	0.721779 	-1.07861e-17 	0
0.343687 	0.722353 	-1.07896e-17 	0
0.34489 	0.722927 	-1.07931e-17 	0
0.346092 	0.723501 	-1.07966e-17 	0
0.347295 	0.72407 	-1.08e-17 	0
0.348497 	0.724639 	-1.08035e-17 	0
0.349699 	0.725209 	-1.08069e-17 	0
0.350902 	0.725775 	-1.08104e-17 	0
0.352104 	0.72634 	-1.08138e-17 	0
0.353307 	0.726905 	-1.08172e-17 	0
0.354509 	0.727468 	-1.08206e-17 	0
0.355711 	0.728029 	-1.0824e-17 	0
0.356914 	0.72859 	-1.08274e-17 	0
0.358116 	0.729151 	-1.08307e-17 	0
0.359319 	0.729708 	-1.08341e-17 	0
0.360521 	0.730264 	-1.08374e-17 	0
0.361723 	0.730821 	-1.08407e-17 	0
0.362926 	0.731374 	-1.0844e-17 	0
0.364128 	0.731927 	-1.08473e-17 	0
0.365331 	0.732479 	-1.08506e-17 	0
0.366533 	0.73303 	-1.08538e-17 	0
0.367735 	0.733579 	-1.0857e-17 	0
0.368938 	0.734128 	-1.08603e-17 	0
0.37014 	0.734677 	-1.08635e-17 	0
0.371343 	0.735222 	-1.08666e-17 	0
0.372545 	0.735767 	-1.08698e-17 	0
0.373747 	0.736312 	-1.08729e-17 	0
0.37495 	0.736854 	-1.0876e-17 	0
0.376152 	0.737395 	-1.08791e-17 	0
0.377355 	0.737936 	-1.08822e-17 	0
0.378557 	0.738476 	-1.08853e-17 	0
0.37976 	0.739014 	-1.08883e-17 	0
0.380962 	0.739552 	-1.08914e-17 	0
0.382164 	0.740089 	-1.08944e-17 	0
0.383367 	0.740623 	-1.08973e-17 	0
0.384569 	0.741157 	-1.09003e-17 	0
0.385772 	0.741692 	-1.09032e-17 	0
0.386974 	0.742223 	-1.09061e-17 	0
0.388176 	0.742753 	-1.0909e-17 	0
0.389379 	0.743284 	-1.09118e-17 	0
0.390581 	0.743813 	-1.09147e-17 	0
0.391784 	0.74434 	-1.09174e-17 	0
0.392986 	0.744867 	-1.09202e-17 	0
0.394188 	0.745394 	-1.0923e-17 	0
0.395391 	0.745918 	-1.09257e-17 	0
0.396593 	0.746443 	-1.09284e-17 	0
0.397796 	0.746967 	-1.0931e-17 	0
0.398998 	0.747488 	-1.09336e-17 	0
0.4002 	0.748009 	-1.09362e-17 	0
0.401403 	0.748529 	-1.09387e-17 	0
0.402605 	0.749049 	-1.09412e-17 	0
0.403808 	0.749566 	-1.09437e-17 	0
0.40501 	0.750084 	-1.09462e-17 	0
0.406212 	0.750601 	-1.09486e-17 	0
0.407415 	0.751116 	-1.0951e-17 	0
0.408617 	0.75163 	-1.09533e-17 	0
0.40982 	0.752145 	-1.09556e-17 	0
0.411022 	0.752657 	-1.09579e-17 	0
0.412224 	0.753168 	-1.09601e-17 	0
0.413427 	0.753679 	-1.09623e-17 	0
0.414629 	0.754189 	-1.09644e-17 	0
0.415832 	0.754698 	-1.09664e-17 	0
0.417034 	0.755206 	-1.09685e-17 	0
0.418236 	0.755714 	-1.09705e-17 	0
0.419439 	0.75622 	-1.09724e-17 	0
0.420641 	0.756726 	-1.09743e-17 	0
0.421844 	0.757231 	-1.09762e-17 	0
0.423046 	0.757735 	-1.09779e-17 	0
0.424248 	0.758237 	-1.09797e-17 	0
0.425451 	0.75874 	-1.09814e-17 	0
0.426653 	0.759242 	-1.0983e-17 	0
0.427856 	0.759742 	-1.09845e-17 	0
0.429058 	0.760241 	-1.0986e-17 	0
0.430261 	0.760741 	-1.09875e-17 	0
0.431463 	0.761238 	-1.09888e-17 	0
0.432665 	0.761736 	-1.09901e-17 	0
0.433868 	0.762233 	-1.09915e-17 	0
0.43507 	0.762728 	-1.09926e-17 	0
0.436273 	0.763223 	-1.09936e-17 	0
0.437475 	0.763717 	-1.09947e-17 	0
0.438677 	0.76421 	-1.09957e-17 	0
0.43988 	0.764702 	-1.09965e-17 	0
0.441082 	0.765194 	-1.09973e-17 	0
0.442285 	0.765686 	-1.0998e-17 	0
0.443487 	0.766175 	-1.09986e-17 	0
0.444689 	0.766665 	-1.09991e-17 	0
0.445892 	0.767154 	-1.09997e-17 	0
0.447094 	0.767641 	-1.09999e-17 	0
0.448297 	0.768128 	-1.10001e-17 	0
0.449499 	0.768615 	-1.10003e-17 	0
0.450701 	0.7691 	-1.10003e-17 	0
0.451904 	0.769585 	-1.10002e-17 	0
0.453106 	0.770069 	-1.1e-17 	0
0.454309 	0.770553 	-1.09998e-17 	0
0.455511 	0.771035 	-1.09992e-17 	0
0.456713 	0.771516 	-1.09987e-17 	0
0.457916 	0.771998 	-1.09981e-17 	0
0.459118 	0.772478 	-1.09972e-17 	0
0.460321 	0.772958 	-1.09962e-17 	0
0.461523 	0.773438 	-1.09953e-17 	0
0.462725 	0.773916 	-1.0994e-17 	0
0.463928 	0.774393 	-1.09925e-17 	0
0.46513 	0.77487 	-1.09911e-17 	0
0.466333 	0.775346 	-1.09894e-17 	0
0.467535 	0.775821 	-1.09874e-17 	0
0.468737 	0.776296 	-1.09853e-17 	0
0.46994 	0.776771 	-1.09833e-17 	0
0.471142 	0.777244 	-1.09807e-17 	0
0.472345 	0.777716 	-1.0978e-17 	0
0.473547 	0.778189 	-1.09754e-17 	0
0.474749 	0.77866 	-1.09725e-17 	0
0.475952 	0.77913 	-1.09696e-17 	0
0.477154 	0.7796 	-1.09666e-17 	0
0.478357 	0.78007 	-1.09635e-17 	0
0.479559 	0.780538 	-1.09601e-17 	0
0.480762 	0.781006 	-1.09568e-17 	0
0.481964 	0.781474 	-1.09534e-17 	0
0.483166 	0.78194 	-1.09493e-17 	0
0.484369 	0.782406 	-1.09451e-17 	0
0.485571 	0.782872 	-1.0941e-17 	0
0.486774 	0.783336 	-1.09363e-17 	0
0.487976 	0.7838 	-1.09313e-17 	0
0.489178 	0.784264 	-1.09263e-17 	0
0.490381 	0.784727 	-1.09211e-17 	0
0.491583 	0.785189 	-1.09156e-17 	0
0.492786 	0.78565 	-1.091e-17 	0
0.493988 	0.786111 	-1.09045e-17 	0
0.49519 	0.786571 	-1.08982e-17 	0
0.496393 	0.787031 	-1.0892e-17 	0
0.497595 	0.78749 	-1.08858e-17 	0
0.498798 	0.787948 	-1.08791e-17 	0
0.5 	0.788406 	-1.08721e-17 	0
