/*--------------------------------*- C++ -*----------------------------------*\
| =========                 |                                                 |
| \\      /  F ield         | OpenFOAM: The Open Source CFD Toolbox           |
|  \\    /   O peration     | Version:  2312                                  |
|   \\  /    A nd           | Website:  www.openfoam.com                      |
|    \\/     M anipulation  |                                                 |
\*---------------------------------------------------------------------------*/
FoamFile
{
    version     2.0;
    format      ascii;
    arch        "LSB;label=32;scalar=64";
    class       volVectorField;
    location    "1.45";
    object      U;
}
// * * * * * * * * * * * * * * * * * * * * * * * * * * * * * * * * * * * * * //

dimensions      [0 1 -1 0 0 0 0];

internalField   nonuniform List<vector> 
2000
(
(0.0788628 -1.07027e-18 0)
(0.235276 -2.14174e-18 0)
(0.390371 -2.16873e-18 0)
(0.544125 -2.03767e-18 0)
(0.696489 -2.00764e-18 0)
(0.847364 -2.01046e-18 0)
(0.996551 -2.01375e-18 0)
(1.14371 -2.01513e-18 0)
(1.28835 -2.01584e-18 0)
(1.42982 -2.01676e-18 0)
(1.56736 -2.01864e-18 0)
(1.70023 -2.02201e-18 0)
(1.82776 -2.02317e-18 0)
(1.94943 -2.02138e-18 0)
(2.06497 -2.02067e-18 0)
(2.17425 -2.02101e-18 0)
(2.27737 -2.02202e-18 0)
(2.37452 -2.02373e-18 0)
(2.466 -2.02581e-18 0)
(2.55214 -2.02967e-18 0)
(2.63331 -2.03623e-18 0)
(2.70988 -2.04308e-18 0)
(2.78218 -2.04433e-18 0)
(2.85057 -2.04417e-18 0)
(2.91534 -2.04455e-18 0)
(2.97678 -2.04167e-18 0)
(3.03515 -2.03832e-18 0)
(3.09069 -2.04109e-18 0)
(3.1436 -2.04731e-18 0)
(3.19409 -2.05384e-18 0)
(3.24232 -2.06057e-18 0)
(3.28845 -2.06575e-18 0)
(3.33262 -2.06821e-18 0)
(3.37496 -2.069e-18 0)
(3.41559 -2.06887e-18 0)
(3.45461 -2.06606e-18 0)
(3.49211 -2.06395e-18 0)
(3.52818 -2.06587e-18 0)
(3.5629 -2.06751e-18 0)
(3.59633 -2.06479e-18 0)
(3.62856 -2.06121e-18 0)
(3.65962 -2.05826e-18 0)
(3.68958 -2.05563e-18 0)
(3.71849 -2.05475e-18 0)
(3.74639 -2.05626e-18 0)
(3.77332 -2.05809e-18 0)
(3.79933 -2.05633e-18 0)
(3.82444 -2.05164e-18 0)
(3.84869 -2.05034e-18 0)
(3.87211 -2.05062e-18 0)
(3.89472 -2.04792e-18 0)
(3.91656 -2.0431e-18 0)
(3.93764 -2.03916e-18 0)
(3.95798 -2.03747e-18 0)
(3.97762 -2.03647e-18 0)
(3.99655 -2.03478e-18 0)
(4.01481 -2.03173e-18 0)
(4.03241 -2.02732e-18 0)
(4.04936 -2.02232e-18 0)
(4.06567 -2.01745e-18 0)
(4.08137 -2.01266e-18 0)
(4.09645 -2.00794e-18 0)
(4.11094 -2.00329e-18 0)
(4.12484 -1.99871e-18 0)
(4.13816 -1.9942e-18 0)
(4.15091 -1.98978e-18 0)
(4.16311 -1.98544e-18 0)
(4.17475 -1.98118e-18 0)
(4.18585 -1.977e-18 0)
(4.19641 -1.97291e-18 0)
(4.20645 -1.96891e-18 0)
(4.21596 -1.96498e-18 0)
(4.22495 -1.96112e-18 0)
(4.23344 -1.95733e-18 0)
(4.24143 -1.95363e-18 0)
(4.24892 -1.95e-18 0)
(4.25593 -1.94647e-18 0)
(4.26245 -1.94303e-18 0)
(4.26851 -1.93969e-18 0)
(4.27409 -1.93646e-18 0)
(4.27922 -1.93334e-18 0)
(4.28391 -1.93034e-18 0)
(4.28815 -1.92746e-18 0)
(4.29196 -1.92471e-18 0)
(4.29535 -1.92209e-18 0)
(4.29833 -1.91961e-18 0)
(4.30091 -1.91728e-18 0)
(4.30311 -1.9151e-18 0)
(4.30492 -1.91309e-18 0)
(4.30638 -1.91125e-18 0)
(4.30748 -1.90958e-18 0)
(4.30825 -1.90811e-18 0)
(4.30869 -1.90684e-18 0)
(4.30883 -1.90579e-18 0)
(4.30867 -1.90495e-18 0)
(4.30823 -1.90435e-18 0)
(4.30753 -1.904e-18 0)
(4.30657 -1.90391e-18 0)
(4.30537 -1.90409e-18 0)
(4.30396 -1.90457e-18 0)
(4.30233 -1.90535e-18 0)
(4.30051 -1.90644e-18 0)
(4.2985 -1.90787e-18 0)
(4.29633 -1.90965e-18 0)
(4.294 -1.91176e-18 0)
(4.29152 -1.91485e-18 0)
(4.28891 -1.92053e-18 0)
(4.28618 -1.91659e-18 0)
(4.28334 -1.90588e-18 0)
(4.28039 -1.90286e-18 0)
(4.27735 -1.90642e-18 0)
(4.27423 -1.91241e-18 0)
(4.27103 -1.91729e-18 0)
(4.26777 -1.92121e-18 0)
(4.26445 -1.9249e-18 0)
(4.26108 -1.92907e-18 0)
(4.25766 -1.93376e-18 0)
(4.2542 -1.93908e-18 0)
(4.25071 -1.94457e-18 0)
(4.24719 -1.94705e-18 0)
(4.24365 -1.9416e-18 0)
(4.2401 -1.9362e-18 0)
(4.23653 -1.93841e-18 0)
(4.23295 -1.9431e-18 0)
(4.22938 -1.94713e-18 0)
(4.2258 -1.95008e-18 0)
(4.22222 -1.95213e-18 0)
(4.21866 -1.9534e-18 0)
(4.21511 -1.95402e-18 0)
(4.21157 -1.95405e-18 0)
(4.20804 -1.95382e-18 0)
(4.20454 -1.94923e-18 0)
(4.20106 -1.94267e-18 0)
(4.19761 -1.93606e-18 0)
(4.19418 -1.93203e-18 0)
(4.19078 -1.93254e-18 0)
(4.18741 -1.92852e-18 0)
(4.18408 -1.9168e-18 0)
(4.18078 -1.90492e-18 0)
(4.17752 -1.89998e-18 0)
(4.1743 -1.89902e-18 0)
(4.17112 -1.89412e-18 0)
(4.16798 -1.87428e-18 0)
(4.16489 -1.85501e-18 0)
(4.16184 -1.8509e-18 0)
(4.15883 -1.85201e-18 0)
(4.15587 -1.85487e-18 0)
(4.15296 -1.8593e-18 0)
(4.1501 -1.8626e-18 0)
(4.14729 -1.85904e-18 0)
(4.14453 -1.85559e-18 0)
(4.14182 -1.85944e-18 0)
(4.13916 -1.86539e-18 0)
(4.13656 -1.87014e-18 0)
(4.13401 -1.87339e-18 0)
(4.13151 -1.87545e-18 0)
(4.12907 -1.87586e-18 0)
(4.12668 -1.8718e-18 0)
(4.12434 -1.86315e-18 0)
(4.12206 -1.85196e-18 0)
(4.11984 -1.84148e-18 0)
(4.11767 -1.82979e-18 0)
(4.11556 -1.81599e-18 0)
(4.1135 -1.80484e-18 0)
(4.1115 -1.79594e-18 0)
(4.10955 -1.78609e-18 0)
(4.10765 -1.77238e-18 0)
(4.10581 -1.76368e-18 0)
(4.10402 -1.7589e-18 0)
(4.10229 -1.75083e-18 0)
(4.10061 -1.74047e-18 0)
(4.09897 -1.72662e-18 0)
(4.0974 -1.71462e-18 0)
(4.09587 -1.70757e-18 0)
(4.09439 -1.70286e-18 0)
(4.09295 -1.69877e-18 0)
(4.09157 -1.69172e-18 0)
(4.09023 -1.68349e-18 0)
(4.08894 -1.67571e-18 0)
(4.08769 -1.66117e-18 0)
(4.08649 -1.64999e-18 0)
(4.08533 -1.64683e-18 0)
(4.08421 -1.64256e-18 0)
(4.08313 -1.63424e-18 0)
(4.08209 -1.6257e-18 0)
(4.08109 -1.6203e-18 0)
(4.08012 -1.6148e-18 0)
(4.07919 -1.60904e-18 0)
(4.0783 -1.60035e-18 0)
(4.07744 -1.59087e-18 0)
(4.07661 -1.58124e-18 0)
(4.07581 -1.57233e-18 0)
(4.07504 -1.56644e-18 0)
(4.0743 -1.56104e-18 0)
(4.07359 -1.55616e-18 0)
(4.0729 -1.54811e-18 0)
(4.07224 -1.54008e-18 0)
(4.07161 -1.53625e-18 0)
(4.071 -1.53337e-18 0)
(4.07041 -1.53007e-18 0)
(4.06985 -1.52269e-18 0)
(4.0693 -1.51439e-18 0)
(4.06878 -1.50871e-18 0)
(4.06827 -1.50251e-18 0)
(4.06779 -1.49499e-18 0)
(4.06732 -1.48321e-18 0)
(4.06687 -1.47097e-18 0)
(4.06643 -1.45873e-18 0)
(4.06602 -1.44587e-18 0)
(4.06561 -1.4316e-18 0)
(4.06523 -1.4122e-18 0)
(4.06485 -1.39265e-18 0)
(4.06449 -1.37579e-18 0)
(4.06415 -1.36426e-18 0)
(4.06381 -1.35651e-18 0)
(4.06349 -1.34828e-18 0)
(4.06318 -1.33975e-18 0)
(4.06288 -1.32739e-18 0)
(4.06259 -1.31493e-18 0)
(4.06231 -1.30596e-18 0)
(4.06204 -1.29695e-18 0)
(4.06178 -1.28857e-18 0)
(4.06153 -1.27802e-18 0)
(4.06128 -1.26843e-18 0)
(4.06105 -1.25963e-18 0)
(4.06082 -1.2516e-18 0)
(4.06061 -1.24662e-18 0)
(4.0604 -1.24128e-18 0)
(4.06019 -1.23612e-18 0)
(4.06 -1.22794e-18 0)
(4.05981 -1.21908e-18 0)
(4.05962 -1.21326e-18 0)
(4.05945 -1.20794e-18 0)
(4.05928 -1.20137e-18 0)
(4.05911 -1.19116e-18 0)
(4.05895 -1.18108e-18 0)
(4.0588 -1.17483e-18 0)
(4.05865 -1.17001e-18 0)
(4.05851 -1.16468e-18 0)
(4.05837 -1.15661e-18 0)
(4.05824 -1.14822e-18 0)
(4.05811 -1.14013e-18 0)
(4.05798 -1.13368e-18 0)
(4.05786 -1.13128e-18 0)
(4.05774 -1.12996e-18 0)
(4.05763 -1.12763e-18 0)
(4.05752 -1.12154e-18 0)
(4.05742 -1.11177e-18 0)
(4.05732 -1.10043e-18 0)
(4.05722 -1.08984e-18 0)
(4.05713 -1.08219e-18 0)
(4.05703 -1.07384e-18 0)
(4.05695 -1.06053e-18 0)
(4.05686 -1.04125e-18 0)
(4.05678 -1.02254e-18 0)
(4.0567 -1.01344e-18 0)
(4.05663 -1.01023e-18 0)
(4.05655 -1.00154e-18 0)
(4.05648 -9.83736e-19 0)
(4.05641 -9.65844e-19 0)
(4.05635 -9.56039e-19 0)
(4.05628 -9.51245e-19 0)
(4.05622 -9.42207e-19 0)
(4.05616 -9.24464e-19 0)
(4.05611 -9.0565e-19 0)
(4.05605 -8.94105e-19 0)
(4.056 -8.86708e-19 0)
(4.05595 -8.67033e-19 0)
(4.0559 -8.40572e-19 0)
(4.05585 -8.22949e-19 0)
(4.05581 -8.10344e-19 0)
(4.05576 -8.01564e-19 0)
(4.05572 -7.93859e-19 0)
(4.05568 -7.84384e-19 0)
(4.05564 -7.74464e-19 0)
(4.0556 -7.66987e-19 0)
(4.05557 -7.56241e-19 0)
(4.05553 -7.4952e-19 0)
(4.0555 -7.52388e-19 0)
(4.05547 -7.53843e-19 0)
(4.05544 -7.44453e-19 0)
(4.05541 -7.28247e-19 0)
(4.05538 -7.16288e-19 0)
(4.05535 -7.06427e-19 0)
(4.05532 -6.9551e-19 0)
(4.0553 -6.81356e-19 0)
(4.05528 -6.6681e-19 0)
(4.05525 -6.52872e-19 0)
(4.05523 -6.39717e-19 0)
(4.05521 -6.29413e-19 0)
(4.05519 -6.1988e-19 0)
(4.05517 -6.07137e-19 0)
(4.05515 -5.97495e-19 0)
(4.05513 -5.94248e-19 0)
(4.05511 -5.92141e-19 0)
(4.0551 -5.89602e-19 0)
(4.05508 -5.83917e-19 0)
(4.05507 -5.7421e-19 0)
(4.05505 -5.63857e-19 0)
(4.05504 -5.52078e-19 0)
(4.05502 -5.38838e-19 0)
(4.05501 -5.28196e-19 0)
(4.055 -5.19155e-19 0)
(4.05499 -5.08823e-19 0)
(4.05498 -4.95447e-19 0)
(4.05496 -4.82812e-19 0)
(4.05495 -4.74724e-19 0)
(4.05494 -4.68271e-19 0)
(4.05494 -4.64136e-19 0)
(4.05493 -4.48574e-19 0)
(4.05492 -4.30041e-19 0)
(4.05491 -4.16782e-19 0)
(4.0549 -4.0255e-19 0)
(4.05489 -3.96596e-19 0)
(4.05489 -3.93832e-19 0)
(4.05488 -3.91481e-19 0)
(4.05487 -3.89624e-19 0)
(4.05487 -3.88155e-19 0)
(4.05486 -3.87025e-19 0)
(4.05486 -3.86205e-19 0)
(4.05485 -3.85675e-19 0)
(4.05485 -3.85418e-19 0)
(4.05484 -3.85419e-19 0)
(4.05484 -3.8566e-19 0)
(4.05483 -3.86124e-19 0)
(4.05483 -3.86792e-19 0)
(4.05482 -3.87644e-19 0)
(4.05482 -3.8866e-19 0)
(4.05482 -3.89821e-19 0)
(4.05481 -3.91108e-19 0)
(4.05481 -3.92503e-19 0)
(4.05481 -3.93988e-19 0)
(4.0548 -3.95548e-19 0)
(4.0548 -3.97168e-19 0)
(4.0548 -3.98835e-19 0)
(4.0548 -4.00536e-19 0)
(4.05479 -4.02261e-19 0)
(4.05479 -4.04e-19 0)
(4.05479 -4.05745e-19 0)
(4.05479 -4.0749e-19 0)
(4.05478 -4.09227e-19 0)
(4.05478 -4.10951e-19 0)
(4.05478 -4.1266e-19 0)
(4.05478 -4.14348e-19 0)
(4.05478 -4.16014e-19 0)
(4.05478 -4.17654e-19 0)
(4.05477 -4.19268e-19 0)
(4.05477 -4.20855e-19 0)
(4.05477 -4.22413e-19 0)
(4.05477 -4.23942e-19 0)
(4.05477 -4.25443e-19 0)
(4.05477 -4.26914e-19 0)
(4.05477 -4.28357e-19 0)
(4.05477 -4.29771e-19 0)
(4.05476 -4.31158e-19 0)
(4.05476 -4.32518e-19 0)
(4.05476 -4.33851e-19 0)
(4.05476 -4.35159e-19 0)
(4.05476 -4.36441e-19 0)
(4.05476 -4.37699e-19 0)
(4.05476 -4.38934e-19 0)
(4.05476 -4.40145e-19 0)
(4.05476 -4.41335e-19 0)
(4.05476 -4.42502e-19 0)
(4.05476 -4.43649e-19 0)
(4.05476 -4.44775e-19 0)
(4.05476 -4.45882e-19 0)
(4.05476 -4.46969e-19 0)
(4.05476 -4.48037e-19 0)
(4.05476 -4.49087e-19 0)
(4.05476 -4.50119e-19 0)
(4.05475 -4.51134e-19 0)
(4.05475 -4.52131e-19 0)
(4.05475 -4.53111e-19 0)
(4.05475 -4.54075e-19 0)
(4.05475 -4.55023e-19 0)
(4.05475 -4.55955e-19 0)
(4.05475 -4.56871e-19 0)
(4.05475 -4.57772e-19 0)
(4.05475 -4.58658e-19 0)
(4.05475 -4.5953e-19 0)
(4.05475 -4.60386e-19 0)
(4.05475 -4.61228e-19 0)
(4.05475 -4.62056e-19 0)
(4.05475 -4.62871e-19 0)
(4.05475 -4.63671e-19 0)
(4.05475 -4.64458e-19 0)
(4.05475 -4.65231e-19 0)
(4.05475 -4.65992e-19 0)
(4.05475 -4.66739e-19 0)
(4.05475 -4.67474e-19 0)
(4.05475 -4.68196e-19 0)
(4.05475 -4.68906e-19 0)
(4.05475 -4.69603e-19 0)
(4.05475 -4.70289e-19 0)
(4.05475 -4.70962e-19 0)
(4.05475 -4.71624e-19 0)
(4.05475 -4.72274e-19 0)
(4.05475 -4.72913e-19 0)
(4.05475 -4.73541e-19 0)
(4.05475 -4.74157e-19 0)
(4.05475 -4.74763e-19 0)
(4.05475 -4.75358e-19 0)
(4.05475 -4.75942e-19 0)
(4.05475 -4.76515e-19 0)
(4.05475 -4.77079e-19 0)
(4.05475 -4.77632e-19 0)
(4.05475 -4.78175e-19 0)
(4.05475 -4.78708e-19 0)
(4.05475 -4.79231e-19 0)
(4.05475 -4.79744e-19 0)
(4.05475 -4.80248e-19 0)
(4.05475 -4.80742e-19 0)
(4.05475 -4.81227e-19 0)
(4.05475 -4.81703e-19 0)
(4.05475 -4.8217e-19 0)
(4.05475 -4.82628e-19 0)
(4.05475 -4.83077e-19 0)
(4.05475 -4.83517e-19 0)
(4.05475 -4.83948e-19 0)
(4.05475 -4.84371e-19 0)
(4.05475 -4.84785e-19 0)
(4.05475 -4.85191e-19 0)
(4.05475 -4.85589e-19 0)
(4.05475 -4.85979e-19 0)
(4.05475 -4.8636e-19 0)
(4.05475 -4.86733e-19 0)
(4.05475 -4.87099e-19 0)
(4.05475 -4.87457e-19 0)
(4.05475 -4.87807e-19 0)
(4.05475 -4.88149e-19 0)
(4.05475 -4.88484e-19 0)
(4.05475 -4.88811e-19 0)
(4.05475 -4.89131e-19 0)
(4.05475 -4.89443e-19 0)
(4.05475 -4.89749e-19 0)
(4.05475 -4.90047e-19 0)
(4.05475 -4.90338e-19 0)
(4.05475 -4.90622e-19 0)
(4.05475 -4.90899e-19 0)
(4.05475 -4.91169e-19 0)
(4.05475 -4.91432e-19 0)
(4.05475 -4.91689e-19 0)
(4.05475 -4.91939e-19 0)
(4.05475 -4.92183e-19 0)
(4.05475 -4.9242e-19 0)
(4.05475 -4.9265e-19 0)
(4.05475 -4.92874e-19 0)
(4.05475 -4.93092e-19 0)
(4.05475 -4.93303e-19 0)
(4.05475 -4.93509e-19 0)
(4.05475 -4.93708e-19 0)
(4.05475 -4.93901e-19 0)
(4.05475 -4.94088e-19 0)
(4.05475 -4.94269e-19 0)
(4.05475 -4.94445e-19 0)
(4.05475 -4.94614e-19 0)
(4.05475 -4.94778e-19 0)
(4.05475 -4.94936e-19 0)
(4.05475 -4.95088e-19 0)
(4.05475 -4.95235e-19 0)
(4.05475 -4.95376e-19 0)
(4.05475 -4.95512e-19 0)
(4.05475 -4.95642e-19 0)
(4.05475 -4.95767e-19 0)
(4.05475 -4.95887e-19 0)
(4.05475 -4.96001e-19 0)
(4.05475 -4.9611e-19 0)
(4.05475 -4.96214e-19 0)
(4.05475 -4.96313e-19 0)
(4.05475 -4.96407e-19 0)
(4.05475 -4.96495e-19 0)
(4.05475 -4.96579e-19 0)
(4.05475 -4.96658e-19 0)
(4.05475 -4.96731e-19 0)
(4.05475 -4.968e-19 0)
(4.05475 -4.96864e-19 0)
(4.05475 -4.96924e-19 0)
(4.05475 -4.96978e-19 0)
(4.05475 -4.97028e-19 0)
(4.05475 -4.97073e-19 0)
(4.05475 -4.97113e-19 0)
(4.05475 -4.97149e-19 0)
(4.05475 -4.97181e-19 0)
(4.05475 -4.97207e-19 0)
(4.05475 -4.9723e-19 0)
(4.05475 -4.97247e-19 0)
(4.05475 -4.97261e-19 0)
(4.05475 -4.9727e-19 0)
(4.05475 -4.97274e-19 0)
(4.05475 -4.97274e-19 0)
(4.05475 -4.9727e-19 0)
(4.05475 -4.97261e-19 0)
(4.05475 -4.97248e-19 0)
(4.05475 -4.97231e-19 0)
(4.05475 -4.97209e-19 0)
(4.05475 -4.97184e-19 0)
(4.05475 -4.97154e-19 0)
(4.05475 -4.97119e-19 0)
(4.05475 -4.97081e-19 0)
(4.05475 -4.97038e-19 0)
(4.05475 -4.96991e-19 0)
(4.05475 -4.9694e-19 0)
(4.05475 -4.96885e-19 0)
(4.05475 -4.96825e-19 0)
(4.05475 -4.96761e-19 0)
(4.05475 -4.96693e-19 0)
(4.05475 -4.96621e-19 0)
(4.05475 -4.96545e-19 0)
(4.05475 -4.96464e-19 0)
(4.05475 -4.96379e-19 0)
(4.05475 -4.9629e-19 0)
(4.05475 -4.96196e-19 0)
(4.05475 -4.96098e-19 0)
(4.05475 -4.95996e-19 0)
(4.05475 -4.9589e-19 0)
(4.05475 -4.95779e-19 0)
(4.05475 -4.95663e-19 0)
(4.05475 -4.95544e-19 0)
(4.05475 -4.95419e-19 0)
(4.05475 -4.9529e-19 0)
(4.05475 -4.95157e-19 0)
(4.05475 -4.95018e-19 0)
(4.05475 -4.94875e-19 0)
(4.05475 -4.94728e-19 0)
(4.05475 -4.94575e-19 0)
(4.05475 -4.94418e-19 0)
(4.05475 -4.94255e-19 0)
(4.05475 -4.94087e-19 0)
(4.05475 -4.93914e-19 0)
(4.05475 -4.93736e-19 0)
(4.05475 -4.93553e-19 0)
(4.05475 -4.93364e-19 0)
(4.05475 -4.93169e-19 0)
(4.05475 -4.92969e-19 0)
(4.05475 -4.92763e-19 0)
(4.05475 -4.92551e-19 0)
(4.05475 -4.92333e-19 0)
(4.05475 -4.92108e-19 0)
(4.05475 -4.91877e-19 0)
(4.05475 -4.9164e-19 0)
(4.05475 -4.91396e-19 0)
(4.05475 -4.91146e-19 0)
(4.05475 -4.90888e-19 0)
(4.05475 -4.90623e-19 0)
(4.05475 -4.90351e-19 0)
(4.05475 -4.90072e-19 0)
(4.05475 -4.89785e-19 0)
(4.05475 -4.89489e-19 0)
(4.05475 -4.89186e-19 0)
(4.05475 -4.88875e-19 0)
(4.05475 -4.88555e-19 0)
(4.05475 -4.88227e-19 0)
(4.05475 -4.8789e-19 0)
(4.05475 -4.87543e-19 0)
(4.05475 -4.87188e-19 0)
(4.05475 -4.86823e-19 0)
(4.05475 -4.86448e-19 0)
(4.05475 -4.86063e-19 0)
(4.05475 -4.85669e-19 0)
(4.05475 -4.85264e-19 0)
(4.05475 -4.84848e-19 0)
(4.05475 -4.84421e-19 0)
(4.05475 -4.83984e-19 0)
(4.05475 -4.83535e-19 0)
(4.05475 -4.83075e-19 0)
(4.05475 -4.82602e-19 0)
(4.05475 -4.82118e-19 0)
(4.05475 -4.81622e-19 0)
(4.05475 -4.81112e-19 0)
(4.05475 -4.80591e-19 0)
(4.05475 -4.80055e-19 0)
(4.05475 -4.79507e-19 0)
(4.05475 -4.78944e-19 0)
(4.05475 -4.78368e-19 0)
(4.05475 -4.77777e-19 0)
(4.05475 -4.77172e-19 0)
(4.05475 -4.76551e-19 0)
(4.05475 -4.75915e-19 0)
(4.05475 -4.75262e-19 0)
(4.05475 -4.74594e-19 0)
(4.05475 -4.73908e-19 0)
(4.05475 -4.73205e-19 0)
(4.05475 -4.72484e-19 0)
(4.05475 -4.71745e-19 0)
(4.05475 -4.70987e-19 0)
(4.05475 -4.70208e-19 0)
(4.05475 -4.6941e-19 0)
(4.05475 -4.68589e-19 0)
(4.05475 -4.67747e-19 0)
(4.05475 -4.66881e-19 0)
(4.05475 -4.65991e-19 0)
(4.05475 -4.65076e-19 0)
(4.05475 -4.64135e-19 0)
(4.05475 -4.63165e-19 0)
(4.05475 -4.62166e-19 0)
(4.05475 -4.61135e-19 0)
(4.05475 -4.60071e-19 0)
(4.05475 -4.58973e-19 0)
(4.05475 -4.57837e-19 0)
(4.05475 -4.5666e-19 0)
(4.05475 -4.55442e-19 0)
(4.05475 -4.54177e-19 0)
(4.05475 -4.52863e-19 0)
(4.05475 -4.51496e-19 0)
(4.05475 -4.50072e-19 0)
(4.05475 -4.48587e-19 0)
(4.05475 -4.47036e-19 0)
(4.05475 -4.45414e-19 0)
(4.05475 -4.43716e-19 0)
(4.05475 -4.41936e-19 0)
(4.05475 -4.40069e-19 0)
(4.05475 -4.38109e-19 0)
(4.05475 -4.36051e-19 0)
(4.05475 -4.33888e-19 0)
(4.05475 -4.31617e-19 0)
(4.05475 -4.29231e-19 0)
(4.05475 -4.26728e-19 0)
(4.05475 -4.24105e-19 0)
(4.05475 -4.21361e-19 0)
(4.05475 -4.18497e-19 0)
(4.05475 -4.15515e-19 0)
(4.05475 -4.12423e-19 0)
(4.05475 -4.09228e-19 0)
(4.05475 -4.05946e-19 0)
(4.05475 -4.02595e-19 0)
(4.05475 -3.99199e-19 0)
(4.05475 -3.95794e-19 0)
(4.05475 -3.92424e-19 0)
(4.05475 -3.8916e-19 0)
(4.05475 -3.85934e-19 0)
(4.05475 -3.84854e-19 0)
(4.05475 -3.92984e-19 0)
(4.05475 -4.01109e-19 0)
(4.05475 -4.00015e-19 0)
(4.05475 -3.96766e-19 0)
(4.05475 -3.93468e-19 0)
(4.05475 -3.90056e-19 0)
(4.05475 -3.86599e-19 0)
(4.05475 -3.83142e-19 0)
(4.05475 -3.79718e-19 0)
(4.05475 -3.76354e-19 0)
(4.05475 -3.73067e-19 0)
(4.05475 -3.69871e-19 0)
(4.05475 -3.66774e-19 0)
(4.05475 -3.63783e-19 0)
(4.05475 -3.60901e-19 0)
(4.05475 -3.58127e-19 0)
(4.05475 -3.5546e-19 0)
(4.05475 -3.52896e-19 0)
(4.05475 -3.50432e-19 0)
(4.05475 -3.48061e-19 0)
(4.05475 -3.45778e-19 0)
(4.05475 -3.43575e-19 0)
(4.05475 -3.41448e-19 0)
(4.05475 -3.39388e-19 0)
(4.05475 -3.37388e-19 0)
(4.05475 -3.35443e-19 0)
(4.05475 -3.33544e-19 0)
(4.05475 -3.31687e-19 0)
(4.05475 -3.29864e-19 0)
(4.05475 -3.28069e-19 0)
(4.05475 -3.26298e-19 0)
(4.05475 -3.24545e-19 0)
(4.05475 -3.22804e-19 0)
(4.05475 -3.21072e-19 0)
(4.05475 -3.19343e-19 0)
(4.05475 -3.17615e-19 0)
(4.05475 -3.15885e-19 0)
(4.05475 -3.14148e-19 0)
(4.05475 -3.12404e-19 0)
(4.05475 -3.10651e-19 0)
(4.05475 -3.08888e-19 0)
(4.05475 -3.07114e-19 0)
(4.05475 -3.05331e-19 0)
(4.05475 -3.0354e-19 0)
(4.05475 -3.01744e-19 0)
(4.05475 -2.99948e-19 0)
(4.05475 -2.98156e-19 0)
(4.05475 -2.96375e-19 0)
(4.05475 -2.94613e-19 0)
(4.05475 -2.9288e-19 0)
(4.05475 -2.91187e-19 0)
(4.05475 -2.89546e-19 0)
(4.05475 -2.87972e-19 0)
(4.05475 -2.86482e-19 0)
(4.05475 -2.85093e-19 0)
(4.05475 -2.83824e-19 0)
(4.05475 -2.82697e-19 0)
(4.05475 -2.81734e-19 0)
(4.05475 -2.80958e-19 0)
(4.05475 -2.80393e-19 0)
(4.05475 -2.80067e-19 0)
(4.05475 -2.80003e-19 0)
(4.05475 -2.80231e-19 0)
(4.05475 -2.80778e-19 0)
(4.05475 -2.81675e-19 0)
(4.05475 -2.82959e-19 0)
(4.05475 -2.84673e-19 0)
(4.05475 -2.8688e-19 0)
(4.05475 -2.89664e-19 0)
(4.05475 -2.9317e-19 0)
(4.05475 -2.97409e-19 0)
(4.05475 -3.04405e-19 0)
(4.05475 -3.08889e-19 0)
(4.05475 -3.13157e-19 0)
(4.05475 -3.19515e-19 0)
(4.05475 -3.2266e-19 0)
(4.05475 -3.25363e-19 0)
(4.05475 -3.28407e-19 0)
(4.05475 -3.31971e-19 0)
(4.05475 -3.36297e-19 0)
(4.05475 -3.41462e-19 0)
(4.05475 -3.49602e-19 0)
(4.05475 -3.46146e-19 0)
(4.05475 -3.43454e-19 0)
(4.05475 -3.53124e-19 0)
(4.05475 -3.59776e-19 0)
(4.05475 -3.67288e-19 0)
(4.05475 -3.77478e-19 0)
(4.05475 -3.87585e-19 0)
(4.05475 -3.94019e-19 0)
(4.05475 -3.97941e-19 0)
(4.05475 -4.01188e-19 0)
(4.05475 -4.03745e-19 0)
(4.05475 -4.05698e-19 0)
(4.05475 -4.07116e-19 0)
(4.05475 -4.08064e-19 0)
(4.05475 -4.08599e-19 0)
(4.05475 -4.08773e-19 0)
(4.05475 -4.08635e-19 0)
(4.05475 -4.08226e-19 0)
(4.05475 -4.07586e-19 0)
(4.05475 -4.06752e-19 0)
(4.05475 -4.05758e-19 0)
(4.05475 -4.04636e-19 0)
(4.05475 -4.03423e-19 0)
(4.05475 -4.02159e-19 0)
(4.05475 -4.00902e-19 0)
(4.05475 -3.99732e-19 0)
(4.05475 -3.9879e-19 0)
(4.05475 -3.98074e-19 0)
(4.05475 -3.99653e-19 0)
(4.05475 -4.14251e-19 0)
(4.05475 -4.29465e-19 0)
(4.05475 -4.3213e-19 0)
(4.05475 -4.32204e-19 0)
(4.05475 -4.3252e-19 0)
(4.05475 -4.3384e-19 0)
(4.05475 -4.35533e-19 0)
(4.05475 -4.36968e-19 0)
(4.05475 -4.38245e-19 0)
(4.05475 -4.39397e-19 0)
(4.05475 -4.40451e-19 0)
(4.05475 -4.41428e-19 0)
(4.05475 -4.42346e-19 0)
(4.05475 -4.4322e-19 0)
(4.05475 -4.44063e-19 0)
(4.05475 -4.44888e-19 0)
(4.05475 -4.45703e-19 0)
(4.05475 -4.46516e-19 0)
(4.05475 -4.47334e-19 0)
(4.05475 -4.4816e-19 0)
(4.05475 -4.48998e-19 0)
(4.05475 -4.49848e-19 0)
(4.05475 -4.50711e-19 0)
(4.05475 -4.51586e-19 0)
(4.05475 -4.52471e-19 0)
(4.05475 -4.53364e-19 0)
(4.05475 -4.54263e-19 0)
(4.05475 -4.55163e-19 0)
(4.05475 -4.56062e-19 0)
(4.05475 -4.56955e-19 0)
(4.05475 -4.57839e-19 0)
(4.05475 -4.58709e-19 0)
(4.05475 -4.59563e-19 0)
(4.05475 -4.60395e-19 0)
(4.05475 -4.61203e-19 0)
(4.05475 -4.61983e-19 0)
(4.05475 -4.6273e-19 0)
(4.05475 -4.63443e-19 0)
(4.05475 -4.64118e-19 0)
(4.05475 -4.64751e-19 0)
(4.05475 -4.65341e-19 0)
(4.05475 -4.65885e-19 0)
(4.05475 -4.66381e-19 0)
(4.05475 -4.66826e-19 0)
(4.05475 -4.67219e-19 0)
(4.05475 -4.67559e-19 0)
(4.05475 -4.67845e-19 0)
(4.05475 -4.68078e-19 0)
(4.05475 -4.68256e-19 0)
(4.05475 -4.68384e-19 0)
(4.05475 -4.68463e-19 0)
(4.05475 -4.68502e-19 0)
(4.05475 -4.68508e-19 0)
(4.05475 -4.68499e-19 0)
(4.05475 -4.68495e-19 0)
(4.05475 -4.68532e-19 0)
(4.05475 -4.68658e-19 0)
(4.05475 -4.68947e-19 0)
(4.05475 -4.69502e-19 0)
(4.05475 -4.70478e-19 0)
(4.05475 -4.72103e-19 0)
(4.05475 -4.74581e-19 0)
(4.05475 -4.78809e-19 0)
(4.05475 -4.7452e-19 0)
(4.05475 -4.70163e-19 0)
(4.05475 -4.74184e-19 0)
(4.05475 -4.76316e-19 0)
(4.05475 -4.77457e-19 0)
(4.05475 -4.77809e-19 0)
(4.05475 -4.77601e-19 0)
(4.05475 -4.76984e-19 0)
(4.05475 -4.76063e-19 0)
(4.05475 -4.74908e-19 0)
(4.05475 -4.73567e-19 0)
(4.05475 -4.72073e-19 0)
(4.05475 -4.70446e-19 0)
(4.05475 -4.68701e-19 0)
(4.05475 -4.66844e-19 0)
(4.05475 -4.6488e-19 0)
(4.05475 -4.62813e-19 0)
(4.05475 -4.6064e-19 0)
(4.05475 -4.58364e-19 0)
(4.05475 -4.55981e-19 0)
(4.05475 -4.53491e-19 0)
(4.05475 -4.50893e-19 0)
(4.05475 -4.48186e-19 0)
(4.05475 -4.4537e-19 0)
(4.05475 -4.42446e-19 0)
(4.05475 -4.39415e-19 0)
(4.05475 -4.36284e-19 0)
(4.05475 -4.3306e-19 0)
(4.05475 -4.29754e-19 0)
(4.05475 -4.26385e-19 0)
(4.05475 -4.22976e-19 0)
(4.05475 -4.19564e-19 0)
(4.05475 -4.16195e-19 0)
(4.05475 -4.12937e-19 0)
(4.05475 -4.09875e-19 0)
(4.05475 -4.07131e-19 0)
(4.05475 -4.04817e-19 0)
(4.05475 -4.03707e-19 0)
(4.05475 -4.06466e-19 0)
(4.05475 -4.12466e-19 0)
(4.05475 -4.1913e-19 0)
(4.05475 -4.23069e-19 0)
(4.05475 -4.23688e-19 0)
(4.05475 -4.24525e-19 0)
(4.05475 -4.25735e-19 0)
(4.05475 -4.26164e-19 0)
(4.05475 -4.25479e-19 0)
(4.05475 -4.24718e-19 0)
(4.05475 -4.26351e-19 0)
(4.05475 -4.39935e-19 0)
(4.05475 -4.53064e-19 0)
(4.05475 -4.53322e-19 0)
(4.05475 -4.50242e-19 0)
(4.05475 -4.46253e-19 0)
(4.05475 -4.42276e-19 0)
(4.05475 -4.38539e-19 0)
(4.05475 -4.35218e-19 0)
(4.05475 -4.32415e-19 0)
(4.05475 -4.30168e-19 0)
(4.05475 -4.28507e-19 0)
(4.05475 -4.26683e-19 0)
(4.05475 -4.23745e-19 0)
(4.05475 -4.2219e-19 0)
(4.05475 -4.18003e-19 0)
(4.05475 -4.13763e-19 0)
(4.05475 -4.11987e-19 0)
(4.05475 -4.08327e-19 0)
(4.05475 -4.0812e-19 0)
(4.05475 -4.07781e-19 0)
(4.05475 -4.07274e-19 0)
(4.05475 -4.07349e-19 0)
(4.05475 -4.05226e-19 0)
(4.05475 -4.06237e-19 0)
(4.05475 -4.02416e-19 0)
(4.05475 -3.98549e-19 0)
(4.05475 -3.98707e-19 0)
(4.05475 -3.94446e-19 0)
(4.05475 -3.88981e-19 0)
(4.05475 -3.82846e-19 0)
(4.05475 -3.75948e-19 0)
(4.05475 -3.68188e-19 0)
(4.05475 -3.67625e-19 0)
(4.05475 -3.68772e-19 0)
(4.05475 -3.69079e-19 0)
(4.05475 -3.70249e-19 0)
(4.05475 -3.65563e-19 0)
(4.05475 -3.60198e-19 0)
(4.05475 -3.56375e-19 0)
(4.05475 -3.53663e-19 0)
(4.05475 -3.51864e-19 0)
(4.05475 -3.50799e-19 0)
(4.05475 -3.50314e-19 0)
(4.05475 -3.50286e-19 0)
(4.05475 -3.5061e-19 0)
(4.05475 -3.51204e-19 0)
(4.05475 -3.52002e-19 0)
(4.05475 -3.5295e-19 0)
(4.05475 -3.5401e-19 0)
(4.05475 -3.55147e-19 0)
(4.05475 -3.56338e-19 0)
(4.05475 -3.57564e-19 0)
(4.05475 -3.58808e-19 0)
(4.05475 -3.60058e-19 0)
(4.05475 -3.61302e-19 0)
(4.05475 -3.62525e-19 0)
(4.05475 -3.63713e-19 0)
(4.05475 -3.64845e-19 0)
(4.05475 -3.65893e-19 0)
(4.05475 -3.66819e-19 0)
(4.05475 -3.67572e-19 0)
(4.05475 -3.68084e-19 0)
(4.05475 -3.68266e-19 0)
(4.05475 -3.68009e-19 0)
(4.05475 -3.67187e-19 0)
(4.05475 -3.65496e-19 0)
(4.05475 -3.6452e-19 0)
(4.05475 -3.68688e-19 0)
(4.05475 -3.72832e-19 0)
(4.05475 -3.71785e-19 0)
(4.05475 -3.69976e-19 0)
(4.05475 -3.6899e-19 0)
(4.05475 -3.68523e-19 0)
(4.05475 -3.68452e-19 0)
(4.05475 -3.68672e-19 0)
(4.05475 -3.691e-19 0)
(4.05475 -3.6968e-19 0)
(4.05475 -3.70374e-19 0)
(4.05475 -3.71165e-19 0)
(4.05475 -3.72052e-19 0)
(4.05475 -3.73046e-19 0)
(4.05475 -3.74173e-19 0)
(4.05475 -3.75462e-19 0)
(4.05475 -3.76948e-19 0)
(4.05475 -3.78667e-19 0)
(4.05475 -3.80643e-19 0)
(4.05475 -3.82889e-19 0)
(4.05475 -3.85394e-19 0)
(4.05475 -3.88103e-19 0)
(4.05475 -3.909e-19 0)
(4.05475 -3.93416e-19 0)
(4.05475 -3.984e-19 0)
(4.05475 -4.03188e-19 0)
(4.05475 -4.07768e-19 0)
(4.05475 -4.12116e-19 0)
(4.05475 -4.13528e-19 0)
(4.05475 -4.14684e-19 0)
(4.05475 -4.15119e-19 0)
(4.05475 -4.14603e-19 0)
(4.05475 -4.12786e-19 0)
(4.05475 -4.11225e-19 0)
(4.05475 -4.14398e-19 0)
(4.05475 -4.16455e-19 0)
(4.05475 -4.11487e-19 0)
(4.05475 -4.04688e-19 0)
(4.05475 -3.98331e-19 0)
(4.05475 -3.92026e-19 0)
(4.05475 -3.85585e-19 0)
(4.05475 -3.78802e-19 0)
(4.05475 -3.7127e-19 0)
(4.05475 -3.6528e-19 0)
(4.05475 -3.82975e-19 0)
(4.05475 -4.01444e-19 0)
(4.05475 -3.97852e-19 0)
(4.05475 -3.93683e-19 0)
(4.05475 -3.9062e-19 0)
(4.05475 -3.88472e-19 0)
(4.05475 -3.87276e-19 0)
(4.05475 -3.87192e-19 0)
(4.05475 -3.88388e-19 0)
(4.05475 -3.91692e-19 0)
(4.05475 -3.96065e-19 0)
(4.05475 -4.02412e-19 0)
(4.05475 -4.10201e-19 0)
(4.05475 -4.17105e-19 0)
(4.05475 -4.249e-19 0)
(4.05475 -4.23541e-19 0)
(4.05475 -4.21046e-19 0)
(4.05475 -4.25284e-19 0)
(4.05475 -4.26811e-19 0)
(4.05475 -4.27228e-19 0)
(4.05475 -4.26687e-19 0)
(4.05475 -4.2535e-19 0)
(4.05475 -4.23818e-19 0)
(4.05475 -4.25263e-19 0)
(4.05475 -4.43649e-19 0)
(4.05475 -4.61777e-19 0)
(4.05475 -4.63195e-19 0)
(4.05475 -4.6258e-19 0)
(4.05475 -4.62238e-19 0)
(4.05475 -4.61895e-19 0)
(4.05475 -4.61501e-19 0)
(4.05475 -4.61015e-19 0)
(4.05475 -4.60413e-19 0)
(4.05475 -4.59692e-19 0)
(4.05475 -4.58861e-19 0)
(4.05475 -4.57941e-19 0)
(4.05475 -4.5696e-19 0)
(4.05475 -4.55954e-19 0)
(4.05475 -4.54958e-19 0)
(4.05475 -4.5401e-19 0)
(4.05475 -4.53147e-19 0)
(4.05475 -4.52404e-19 0)
(4.05475 -4.51815e-19 0)
(4.05475 -4.51408e-19 0)
(4.05475 -4.51213e-19 0)
(4.05475 -4.51254e-19 0)
(4.05475 -4.51554e-19 0)
(4.05475 -4.52133e-19 0)
(4.05475 -4.53014e-19 0)
(4.05475 -4.54219e-19 0)
(4.05475 -4.55775e-19 0)
(4.05475 -4.57715e-19 0)
(4.05475 -4.60088e-19 0)
(4.05475 -4.62958e-19 0)
(4.05475 -4.66417e-19 0)
(4.05475 -4.70606e-19 0)
(4.05475 -4.756e-19 0)
(4.05475 -4.82586e-19 0)
(4.05475 -4.81595e-19 0)
(4.05475 -4.80636e-19 0)
(4.05475 -4.87716e-19 0)
(4.05475 -4.92869e-19 0)
(4.05475 -4.97279e-19 0)
(4.05475 -5.01022e-19 0)
(4.05475 -5.04239e-19 0)
(4.05475 -5.0702e-19 0)
(4.05475 -5.09429e-19 0)
(4.05475 -5.11511e-19 0)
(4.05475 -5.13298e-19 0)
(4.05475 -5.14813e-19 0)
(4.05475 -5.16074e-19 0)
(4.05475 -5.17094e-19 0)
(4.05475 -5.17888e-19 0)
(4.05475 -5.18468e-19 0)
(4.05475 -5.18846e-19 0)
(4.05475 -5.19035e-19 0)
(4.05475 -5.19047e-19 0)
(4.05475 -5.18896e-19 0)
(4.05475 -5.18594e-19 0)
(4.05475 -5.18156e-19 0)
(4.05475 -5.17593e-19 0)
(4.05475 -5.16918e-19 0)
(4.05475 -5.16142e-19 0)
(4.05475 -5.15277e-19 0)
(4.05475 -5.14332e-19 0)
(4.05475 -5.13316e-19 0)
(4.05475 -5.12238e-19 0)
(4.05475 -5.11104e-19 0)
(4.05475 -5.0992e-19 0)
(4.05475 -5.0869e-19 0)
(4.05475 -5.07419e-19 0)
(4.05475 -5.06107e-19 0)
(4.05475 -5.04758e-19 0)
(4.05475 -5.03369e-19 0)
(4.05475 -5.01942e-19 0)
(4.05475 -5.00472e-19 0)
(4.05475 -4.98959e-19 0)
(4.05475 -4.97396e-19 0)
(4.05475 -4.95781e-19 0)
(4.05475 -4.94107e-19 0)
(4.05475 -4.92367e-19 0)
(4.05475 -4.90555e-19 0)
(4.05475 -4.88663e-19 0)
(4.05475 -4.86682e-19 0)
(4.05475 -4.84605e-19 0)
(4.05475 -4.82422e-19 0)
(4.05475 -4.80126e-19 0)
(4.05475 -4.77709e-19 0)
(4.05475 -4.75165e-19 0)
(4.05475 -4.72488e-19 0)
(4.05475 -4.69676e-19 0)
(4.05475 -4.66731e-19 0)
(4.05475 -4.6366e-19 0)
(4.05475 -4.60476e-19 0)
(4.05475 -4.57201e-19 0)
(4.05475 -4.5387e-19 0)
(4.05475 -4.50531e-19 0)
(4.05475 -4.47251e-19 0)
(4.05475 -4.44116e-19 0)
(4.05475 -4.41237e-19 0)
(4.05475 -4.38747e-19 0)
(4.05475 -4.36805e-19 0)
(4.05475 -4.35587e-19 0)
(4.05475 -4.35228e-19 0)
(4.05475 -4.3654e-19 0)
(4.05475 -4.42769e-19 0)
(4.05475 -4.56767e-19 0)
(4.05475 -4.71564e-19 0)
(4.05475 -4.79381e-19 0)
(4.05475 -4.82934e-19 0)
(4.05475 -4.88704e-19 0)
(4.05475 -4.99443e-19 0)
(4.05475 -5.08669e-19 0)
(4.05475 -5.1066e-19 0)
(4.05475 -5.09008e-19 0)
(4.05475 -5.07003e-19 0)
(4.05475 -5.04598e-19 0)
(4.05475 -5.01933e-19 0)
(4.05475 -4.99112e-19 0)
(4.05475 -4.9622e-19 0)
(4.05475 -4.93321e-19 0)
(4.05475 -4.90467e-19 0)
(4.05475 -4.87695e-19 0)
(4.05475 -4.85032e-19 0)
(4.05475 -4.82495e-19 0)
(4.05475 -4.80095e-19 0)
(4.05475 -4.77838e-19 0)
(4.05475 -4.75725e-19 0)
(4.05475 -4.73755e-19 0)
(4.05475 -4.71923e-19 0)
(4.05475 -4.70224e-19 0)
(4.05475 -4.68651e-19 0)
(4.05475 -4.67197e-19 0)
(4.05475 -4.65854e-19 0)
(4.05475 -4.64615e-19 0)
(4.05475 -4.63473e-19 0)
(4.05475 -4.62419e-19 0)
(4.05475 -4.61446e-19 0)
(4.05475 -4.60548e-19 0)
(4.05475 -4.59718e-19 0)
(4.05475 -4.5895e-19 0)
(4.05475 -4.58239e-19 0)
(4.05475 -4.57578e-19 0)
(4.05475 -4.56964e-19 0)
(4.05475 -4.56392e-19 0)
(4.05475 -4.55857e-19 0)
(4.05475 -4.55356e-19 0)
(4.05475 -4.54885e-19 0)
(4.05475 -4.54442e-19 0)
(4.05475 -4.54024e-19 0)
(4.05475 -4.53628e-19 0)
(4.05475 -4.53253e-19 0)
(4.05475 -4.52896e-19 0)
(4.05475 -4.52555e-19 0)
(4.05475 -4.5223e-19 0)
(4.05475 -4.5192e-19 0)
(4.05475 -4.51623e-19 0)
(4.05475 -4.51338e-19 0)
(4.05475 -4.51066e-19 0)
(4.05475 -4.50805e-19 0)
(4.05475 -4.50556e-19 0)
(4.05475 -4.50318e-19 0)
(4.05475 -4.50091e-19 0)
(4.05475 -4.49877e-19 0)
(4.05475 -4.49674e-19 0)
(4.05475 -4.49483e-19 0)
(4.05475 -4.49304e-19 0)
(4.05475 -4.49139e-19 0)
(4.05475 -4.48987e-19 0)
(4.05475 -4.4885e-19 0)
(4.05475 -4.48727e-19 0)
(4.05475 -4.48619e-19 0)
(4.05475 -4.48527e-19 0)
(4.05475 -4.4845e-19 0)
(4.05475 -4.4839e-19 0)
(4.05475 -4.48347e-19 0)
(4.05475 -4.4832e-19 0)
(4.05475 -4.48309e-19 0)
(4.05475 -4.48314e-19 0)
(4.05475 -4.48335e-19 0)
(4.05475 -4.48369e-19 0)
(4.05475 -4.48415e-19 0)
(4.05475 -4.48473e-19 0)
(4.05475 -4.48538e-19 0)
(4.05475 -4.4861e-19 0)
(4.05475 -4.48683e-19 0)
(4.05475 -4.48756e-19 0)
(4.05475 -4.48824e-19 0)
(4.05475 -4.48882e-19 0)
(4.05475 -4.48925e-19 0)
(4.05475 -4.48949e-19 0)
(4.05475 -4.48948e-19 0)
(4.05475 -4.48916e-19 0)
(4.05475 -4.4885e-19 0)
(4.05475 -4.48745e-19 0)
(4.05475 -4.48597e-19 0)
(4.05475 -4.48404e-19 0)
(4.05475 -4.48167e-19 0)
(4.05475 -4.47886e-19 0)
(4.05475 -4.47567e-19 0)
(4.05475 -4.47217e-19 0)
(4.05475 -4.4685e-19 0)
(4.05475 -4.46481e-19 0)
(4.05475 -4.4613e-19 0)
(4.05475 -4.4582e-19 0)
(4.05475 -4.45576e-19 0)
(4.05475 -4.45419e-19 0)
(4.05475 -4.45358e-19 0)
(4.05475 -4.45375e-19 0)
(4.05475 -4.45403e-19 0)
(4.05475 -4.45299e-19 0)
(4.05475 -4.44711e-19 0)
(4.05475 -4.46334e-19 0)
(4.05475 -4.5511e-19 0)
(4.05475 -4.61847e-19 0)
(4.05475 -4.58717e-19 0)
(4.05475 -4.53777e-19 0)
(4.05475 -4.54192e-19 0)
(4.05475 -4.53826e-19 0)
(4.05475 -4.46696e-19 0)
(4.05475 -4.37838e-19 0)
(4.05475 -4.31488e-19 0)
(4.05475 -4.32182e-19 0)
(4.05475 -4.33838e-19 0)
(4.05475 -4.30437e-19 0)
(4.05475 -4.25994e-19 0)
(4.05475 -4.22431e-19 0)
(4.05475 -4.19611e-19 0)
(4.05475 -4.16745e-19 0)
(4.05475 -4.13848e-19 0)
(4.05475 -4.10883e-19 0)
(4.05475 -4.07816e-19 0)
(4.05475 -4.04621e-19 0)
(4.05475 -4.01277e-19 0)
(4.05475 -3.97772e-19 0)
(4.05475 -3.94104e-19 0)
(4.05475 -3.90286e-19 0)
(4.05475 -3.86344e-19 0)
(4.05475 -3.82328e-19 0)
(4.05475 -3.78272e-19 0)
(4.05475 -3.74779e-19 0)
(4.05475 -3.75744e-19 0)
(4.05475 -3.84663e-19 0)
(4.05475 -3.94992e-19 0)
(4.05475 -4.00255e-19 0)
(4.05475 -4.03171e-19 0)
(4.05475 -4.08454e-19 0)
(4.05475 -4.15788e-19 0)
(4.05475 -4.221e-19 0)
(4.05475 -4.25056e-19 0)
(4.05475 -4.25188e-19 0)
(4.05475 -4.24776e-19 0)
(4.05475 -4.23803e-19 0)
(4.05475 -4.22384e-19 0)
(4.05475 -4.20616e-19 0)
(4.05475 -4.1859e-19 0)
(4.05475 -4.16381e-19 0)
(4.05475 -4.1405e-19 0)
(4.05475 -4.11648e-19 0)
(4.05475 -4.09213e-19 0)
(4.05475 -4.06773e-19 0)
(4.05475 -4.0435e-19 0)
(4.05475 -4.01958e-19 0)
(4.05475 -3.99606e-19 0)
(4.05475 -3.97302e-19 0)
(4.05475 -3.95047e-19 0)
(4.05475 -3.92843e-19 0)
(4.05475 -3.9069e-19 0)
(4.05475 -3.88587e-19 0)
(4.05475 -3.86532e-19 0)
(4.05475 -3.84522e-19 0)
(4.05475 -3.82556e-19 0)
(4.05475 -3.80632e-19 0)
(4.05475 -3.78747e-19 0)
(4.05475 -3.769e-19 0)
(4.05475 -3.75089e-19 0)
(4.05475 -3.73313e-19 0)
(4.05475 -3.71571e-19 0)
(4.05475 -3.69861e-19 0)
(4.05475 -3.68184e-19 0)
(4.05475 -3.66537e-19 0)
(4.05475 -3.64922e-19 0)
(4.05475 -3.63338e-19 0)
(4.05475 -3.61784e-19 0)
(4.05475 -3.6026e-19 0)
(4.05475 -3.58766e-19 0)
(4.05475 -3.57303e-19 0)
(4.05475 -3.55869e-19 0)
(4.05475 -3.54465e-19 0)
(4.05475 -3.53091e-19 0)
(4.05475 -3.51746e-19 0)
(4.05475 -3.50431e-19 0)
(4.05475 -3.49145e-19 0)
(4.05475 -3.47888e-19 0)
(4.05475 -3.4666e-19 0)
(4.05475 -3.4546e-19 0)
(4.05475 -3.44288e-19 0)
(4.05475 -3.43144e-19 0)
(4.05475 -3.42027e-19 0)
(4.05475 -3.40937e-19 0)
(4.05475 -3.39873e-19 0)
(4.05475 -3.38836e-19 0)
(4.05475 -3.37824e-19 0)
(4.05475 -3.36837e-19 0)
(4.05475 -3.35875e-19 0)
(4.05475 -3.34937e-19 0)
(4.05475 -3.34022e-19 0)
(4.05475 -3.33131e-19 0)
(4.05475 -3.32262e-19 0)
(4.05475 -3.31415e-19 0)
(4.05475 -3.3059e-19 0)
(4.05475 -3.29786e-19 0)
(4.05475 -3.29002e-19 0)
(4.05475 -3.28238e-19 0)
(4.05475 -3.27494e-19 0)
(4.05475 -3.26769e-19 0)
(4.05475 -3.26063e-19 0)
(4.05475 -3.25375e-19 0)
(4.05475 -3.24704e-19 0)
(4.05475 -3.24051e-19 0)
(4.05475 -3.23415e-19 0)
(4.05475 -3.22795e-19 0)
(4.05475 -3.22191e-19 0)
(4.05475 -3.21603e-19 0)
(4.05475 -3.2103e-19 0)
(4.05475 -3.20472e-19 0)
(4.05475 -3.19928e-19 0)
(4.05475 -3.19399e-19 0)
(4.05475 -3.18883e-19 0)
(4.05475 -3.1838e-19 0)
(4.05475 -3.17891e-19 0)
(4.05475 -3.17414e-19 0)
(4.05475 -3.1695e-19 0)
(4.05475 -3.16497e-19 0)
(4.05475 -3.16057e-19 0)
(4.05475 -3.15628e-19 0)
(4.05475 -3.1521e-19 0)
(4.05475 -3.14802e-19 0)
(4.05475 -3.14406e-19 0)
(4.05475 -3.14019e-19 0)
(4.05475 -3.13643e-19 0)
(4.05475 -3.13276e-19 0)
(4.05475 -3.12919e-19 0)
(4.05475 -3.1257e-19 0)
(4.05475 -3.12231e-19 0)
(4.05475 -3.11901e-19 0)
(4.05475 -3.11578e-19 0)
(4.05475 -3.11265e-19 0)
(4.05475 -3.10959e-19 0)
(4.05475 -3.1066e-19 0)
(4.05475 -3.1037e-19 0)
(4.05475 -3.10086e-19 0)
(4.05475 -3.0981e-19 0)
(4.05475 -3.09541e-19 0)
(4.05475 -3.09278e-19 0)
(4.05475 -3.09022e-19 0)
(4.05475 -3.08772e-19 0)
(4.05475 -3.08528e-19 0)
(4.05475 -3.08291e-19 0)
(4.05475 -3.08059e-19 0)
(4.05475 -3.07833e-19 0)
(4.05475 -3.07612e-19 0)
(4.05475 -3.07396e-19 0)
(4.05475 -3.07186e-19 0)
(4.05475 -3.06981e-19 0)
(4.05475 -3.0678e-19 0)
(4.05475 -3.06585e-19 0)
(4.05475 -3.06394e-19 0)
(4.05475 -3.06207e-19 0)
(4.05475 -3.06025e-19 0)
(4.05475 -3.05847e-19 0)
(4.05475 -3.05673e-19 0)
(4.05475 -3.05503e-19 0)
(4.05475 -3.05337e-19 0)
(4.05475 -3.05175e-19 0)
(4.05475 -3.05017e-19 0)
(4.05475 -3.04862e-19 0)
(4.05475 -3.0471e-19 0)
(4.05475 -3.04562e-19 0)
(4.05475 -3.04418e-19 0)
(4.05475 -3.04276e-19 0)
(4.05475 -3.04138e-19 0)
(4.05475 -3.04003e-19 0)
(4.05475 -3.0387e-19 0)
(4.05475 -3.03741e-19 0)
(4.05475 -3.03615e-19 0)
(4.05475 -3.03491e-19 0)
(4.05475 -3.0337e-19 0)
(4.05475 -3.03252e-19 0)
(4.05475 -3.03136e-19 0)
(4.05475 -3.03023e-19 0)
(4.05475 -3.02912e-19 0)
(4.05475 -3.02804e-19 0)
(4.05475 -3.02698e-19 0)
(4.05475 -3.02594e-19 0)
(4.05475 -3.02493e-19 0)
(4.05475 -3.02394e-19 0)
(4.05475 -3.02297e-19 0)
(4.05475 -3.02202e-19 0)
(4.05475 -3.02109e-19 0)
(4.05475 -3.02019e-19 0)
(4.05475 -3.0193e-19 0)
(4.05475 -3.01843e-19 0)
(4.05475 -3.01758e-19 0)
(4.05475 -3.01676e-19 0)
(4.05475 -3.01594e-19 0)
(4.05475 -3.01515e-19 0)
(4.05475 -3.01438e-19 0)
(4.05475 -3.01362e-19 0)
(4.05475 -3.01288e-19 0)
(4.05475 -3.01216e-19 0)
(4.05475 -3.01145e-19 0)
(4.05475 -3.01076e-19 0)
(4.05475 -3.01008e-19 0)
(4.05475 -3.00942e-19 0)
(4.05475 -3.00878e-19 0)
(4.05475 -3.00815e-19 0)
(4.05475 -3.00754e-19 0)
(4.05475 -3.00694e-19 0)
(4.05475 -3.00635e-19 0)
(4.05475 -3.00578e-19 0)
(4.05475 -3.00522e-19 0)
(4.05475 -3.00468e-19 0)
(4.05475 -3.00414e-19 0)
(4.05475 -3.00363e-19 0)
(4.05475 -3.00312e-19 0)
(4.05475 -3.00263e-19 0)
(4.05475 -3.00214e-19 0)
(4.05475 -3.00168e-19 0)
(4.05475 -3.00122e-19 0)
(4.05475 -3.00077e-19 0)
(4.05475 -3.00034e-19 0)
(4.05475 -2.99991e-19 0)
(4.05475 -2.9995e-19 0)
(4.05475 -2.9991e-19 0)
(4.05475 -2.99871e-19 0)
(4.05475 -2.99833e-19 0)
(4.05475 -2.99795e-19 0)
(4.05475 -2.99759e-19 0)
(4.05475 -2.99724e-19 0)
(4.05475 -2.9969e-19 0)
(4.05475 -2.99657e-19 0)
(4.05475 -2.99624e-19 0)
(4.05475 -2.99592e-19 0)
(4.05475 -2.99562e-19 0)
(4.05475 -2.99532e-19 0)
(4.05475 -2.99503e-19 0)
(4.05475 -2.99475e-19 0)
(4.05475 -2.99447e-19 0)
(4.05475 -2.9942e-19 0)
(4.05475 -2.99394e-19 0)
(4.05475 -2.99369e-19 0)
(4.05475 -2.99344e-19 0)
(4.05475 -2.99321e-19 0)
(4.05475 -2.99297e-19 0)
(4.05475 -2.99275e-19 0)
(4.05475 -2.99253e-19 0)
(4.05475 -2.99231e-19 0)
(4.05475 -2.9921e-19 0)
(4.05475 -2.9919e-19 0)
(4.05475 -2.99171e-19 0)
(4.05475 -2.99151e-19 0)
(4.05475 -2.99133e-19 0)
(4.05475 -2.99115e-19 0)
(4.05475 -2.99097e-19 0)
(4.05475 -2.9908e-19 0)
(4.05475 -2.99063e-19 0)
(4.05475 -2.99046e-19 0)
(4.05475 -2.9903e-19 0)
(4.05475 -2.99015e-19 0)
(4.05475 -2.98999e-19 0)
(4.05475 -2.98984e-19 0)
(4.05475 -2.9897e-19 0)
(4.05475 -2.98955e-19 0)
(4.05475 -2.98941e-19 0)
(4.05475 -2.98928e-19 0)
(4.05475 -2.98914e-19 0)
(4.05475 -2.98901e-19 0)
(4.05475 -2.98888e-19 0)
(4.05475 -2.98875e-19 0)
(4.05475 -2.98862e-19 0)
(4.05475 -2.98849e-19 0)
(4.05475 -2.98837e-19 0)
(4.05475 -2.98824e-19 0)
(4.05475 -2.98812e-19 0)
(4.05475 -2.98799e-19 0)
(4.05475 -2.98787e-19 0)
(4.05475 -2.98775e-19 0)
(4.05475 -2.98763e-19 0)
(4.05475 -2.9875e-19 0)
(4.05475 -2.98738e-19 0)
(4.05475 -2.98725e-19 0)
(4.05475 -2.98713e-19 0)
(4.05475 -2.987e-19 0)
(4.05475 -2.98687e-19 0)
(4.05475 -2.98674e-19 0)
(4.05475 -2.98661e-19 0)
(4.05475 -2.98648e-19 0)
(4.05475 -2.98634e-19 0)
(4.05475 -2.9862e-19 0)
(4.05475 -2.98606e-19 0)
(4.05475 -2.98592e-19 0)
(4.05475 -2.98577e-19 0)
(4.05475 -2.98562e-19 0)
(4.05475 -2.98546e-19 0)
(4.05475 -2.9853e-19 0)
(4.05475 -2.98514e-19 0)
(4.05475 -2.98497e-19 0)
(4.05475 -2.98479e-19 0)
(4.05475 -2.98461e-19 0)
(4.05475 -2.98443e-19 0)
(4.05475 -2.98424e-19 0)
(4.05475 -2.98404e-19 0)
(4.05475 -2.98384e-19 0)
(4.05475 -2.98362e-19 0)
(4.05475 -2.98341e-19 0)
(4.05475 -2.98318e-19 0)
(4.05475 -2.98295e-19 0)
(4.05475 -2.98271e-19 0)
(4.05475 -2.98246e-19 0)
(4.05475 -2.9822e-19 0)
(4.05475 -2.98193e-19 0)
(4.05475 -2.98166e-19 0)
(4.05475 -2.98137e-19 0)
(4.05475 -2.98107e-19 0)
(4.05475 -2.98077e-19 0)
(4.05475 -2.98045e-19 0)
(4.05475 -2.98012e-19 0)
(4.05475 -2.97978e-19 0)
(4.05475 -2.97943e-19 0)
(4.05475 -2.97906e-19 0)
(4.05475 -2.97869e-19 0)
(4.05475 -2.9783e-19 0)
(4.05475 -2.97789e-19 0)
(4.05475 -2.97747e-19 0)
(4.05475 -2.97704e-19 0)
(4.05475 -2.9766e-19 0)
(4.05475 -2.97614e-19 0)
(4.05475 -2.97566e-19 0)
(4.05475 -2.97517e-19 0)
(4.05475 -2.97466e-19 0)
(4.05475 -2.97414e-19 0)
(4.05475 -2.9736e-19 0)
(4.05475 -2.97304e-19 0)
(4.05475 -2.97247e-19 0)
(4.05475 -2.97187e-19 0)
(4.05475 -2.97126e-19 0)
(4.05475 -2.97063e-19 0)
(4.05475 -2.96998e-19 0)
(4.05475 -2.96932e-19 0)
(4.05475 -2.96863e-19 0)
(4.05475 -2.96792e-19 0)
(4.05475 -2.96719e-19 0)
(4.05475 -2.96644e-19 0)
(4.05475 -2.96567e-19 0)
(4.05475 -2.96488e-19 0)
(4.05475 -2.96406e-19 0)
(4.05475 -2.96322e-19 0)
(4.05475 -2.96236e-19 0)
(4.05475 -2.96148e-19 0)
(4.05475 -2.96057e-19 0)
(4.05475 -2.95964e-19 0)
(4.05475 -2.95869e-19 0)
(4.05475 -2.95771e-19 0)
(4.05475 -2.9567e-19 0)
(4.05475 -2.95568e-19 0)
(4.05475 -2.95462e-19 0)
(4.05475 -2.95354e-19 0)
(4.05475 -2.95243e-19 0)
(4.05475 -2.9513e-19 0)
(4.05475 -2.95014e-19 0)
(4.05475 -2.94896e-19 0)
(4.05475 -2.94774e-19 0)
(4.05475 -2.94651e-19 0)
(4.05475 -2.94524e-19 0)
(4.05475 -2.94394e-19 0)
(4.05475 -2.94262e-19 0)
(4.05475 -2.94127e-19 0)
(4.05475 -2.93989e-19 0)
(4.05475 -2.93848e-19 0)
(4.05475 -2.93705e-19 0)
(4.05475 -2.93558e-19 0)
(4.05475 -2.93409e-19 0)
(4.05475 -2.93256e-19 0)
(4.05475 -2.93101e-19 0)
(4.05475 -2.92943e-19 0)
(4.05475 -2.92782e-19 0)
(4.05475 -2.92618e-19 0)
(4.05475 -2.92451e-19 0)
(4.05475 -2.92281e-19 0)
(4.05475 -2.92109e-19 0)
(4.05475 -2.91933e-19 0)
(4.05475 -2.91754e-19 0)
(4.05475 -2.91573e-19 0)
(4.05475 -2.91388e-19 0)
(4.05475 -2.91201e-19 0)
(4.05475 -2.9101e-19 0)
(4.05475 -2.90817e-19 0)
(4.05475 -2.90621e-19 0)
(4.05475 -2.90422e-19 0)
(4.05475 -2.9022e-19 0)
(4.05475 -2.90015e-19 0)
(4.05475 -2.89807e-19 0)
(4.05475 -2.89596e-19 0)
(4.05475 -2.89382e-19 0)
(4.05475 -2.89166e-19 0)
(4.05475 -2.88946e-19 0)
(4.05475 -2.88724e-19 0)
(4.05475 -2.88499e-19 0)
(4.05475 -2.88271e-19 0)
(4.05475 -2.8804e-19 0)
(4.05475 -2.87807e-19 0)
(4.05475 -2.8757e-19 0)
(4.05475 -2.87331e-19 0)
(4.05475 -2.87088e-19 0)
(4.05475 -2.86843e-19 0)
(4.05475 -2.86595e-19 0)
(4.05475 -2.86344e-19 0)
(4.05475 -2.8609e-19 0)
(4.05475 -2.85833e-19 0)
(4.05475 -2.85573e-19 0)
(4.05475 -2.8531e-19 0)
(4.05475 -2.85043e-19 0)
(4.05475 -2.84774e-19 0)
(4.05475 -2.84501e-19 0)
(4.05475 -2.84225e-19 0)
(4.05475 -2.83946e-19 0)
(4.05475 -2.83662e-19 0)
(4.05475 -2.83376e-19 0)
(4.05475 -2.83085e-19 0)
(4.05475 -2.82791e-19 0)
(4.05475 -2.82492e-19 0)
(4.05475 -2.8219e-19 0)
(4.05475 -2.81883e-19 0)
(4.05475 -2.81571e-19 0)
(4.05475 -2.81255e-19 0)
(4.05475 -2.80934e-19 0)
(4.05475 -2.80608e-19 0)
(4.05475 -2.80276e-19 0)
(4.05475 -2.79939e-19 0)
(4.05475 -2.79595e-19 0)
(4.05475 -2.79246e-19 0)
(4.05475 -2.7889e-19 0)
(4.05476 -2.78528e-19 0)
(4.05476 -2.78159e-19 0)
(4.05476 -2.77782e-19 0)
(4.05476 -2.77398e-19 0)
(4.05476 -2.77005e-19 0)
(4.05476 -2.76605e-19 0)
(4.05476 -2.76196e-19 0)
(4.05476 -2.75779e-19 0)
(4.05476 -2.75352e-19 0)
(4.05476 -2.74916e-19 0)
(4.05476 -2.7447e-19 0)
(4.05476 -2.74015e-19 0)
(4.05476 -2.73549e-19 0)
(4.05476 -2.73073e-19 0)
(4.05476 -2.72587e-19 0)
(4.05476 -2.72091e-19 0)
(4.05476 -2.71584e-19 0)
(4.05477 -2.71066e-19 0)
(4.05477 -2.70538e-19 0)
(4.05477 -2.7e-19 0)
(4.05477 -2.69451e-19 0)
(4.05477 -2.68892e-19 0)
(4.05477 -2.68323e-19 0)
(4.05477 -2.67744e-19 0)
(4.05477 -2.67156e-19 0)
(4.05478 -2.66557e-19 0)
(4.05478 -2.65949e-19 0)
(4.05478 -2.65331e-19 0)
(4.05478 -2.64702e-19 0)
(4.05478 -2.64063e-19 0)
(4.05478 -2.63413e-19 0)
(4.05479 -2.6275e-19 0)
(4.05479 -2.62074e-19 0)
(4.05479 -2.61382e-19 0)
(4.05479 -2.60675e-19 0)
(4.0548 -2.59949e-19 0)
(4.0548 -2.59205e-19 0)
(4.0548 -2.58439e-19 0)
(4.0548 -2.57653e-19 0)
(4.05481 -2.56846e-19 0)
(4.05481 -2.56021e-19 0)
(4.05481 -2.55183e-19 0)
(4.05482 -2.54341e-19 0)
(4.05482 -2.53505e-19 0)
(4.05482 -2.52693e-19 0)
(4.05483 -2.5193e-19 0)
(4.05483 -2.51245e-19 0)
(4.05484 -2.50675e-19 0)
(4.05484 -2.50268e-19 0)
(4.05485 -2.50077e-19 0)
(4.05485 -2.5016e-19 0)
(4.05486 -2.50583e-19 0)
(4.05486 -2.51412e-19 0)
(4.05487 -2.52715e-19 0)
(4.05487 -2.54538e-19 0)
(4.05488 -2.56886e-19 0)
(4.05489 -2.59704e-19 0)
(4.05489 -2.6283e-19 0)
(4.0549 -2.68137e-19 0)
(4.05491 -2.71965e-19 0)
(4.05492 -2.75469e-19 0)
(4.05493 -2.79807e-19 0)
(4.05494 -2.81315e-19 0)
(4.05494 -2.81857e-19 0)
(4.05495 -2.81214e-19 0)
(4.05496 -2.80051e-19 0)
(4.05498 -2.79081e-19 0)
(4.05499 -2.78281e-19 0)
(4.055 -2.77684e-19 0)
(4.05501 -2.77307e-19 0)
(4.05502 -2.77141e-19 0)
(4.05504 -2.77129e-19 0)
(4.05505 -2.77148e-19 0)
(4.05507 -2.76969e-19 0)
(4.05508 -2.76231e-19 0)
(4.0551 -2.74981e-19 0)
(4.05511 -2.75955e-19 0)
(4.05513 -2.71063e-19 0)
(4.05515 -2.66229e-19 0)
(4.05517 -2.68211e-19 0)
(4.05519 -2.6889e-19 0)
(4.05521 -2.70233e-19 0)
(4.05523 -2.72328e-19 0)
(4.05525 -2.74789e-19 0)
(4.05528 -2.77364e-19 0)
(4.0553 -2.79894e-19 0)
(4.05532 -2.82286e-19 0)
(4.05535 -2.84485e-19 0)
(4.05538 -2.86468e-19 0)
(4.05541 -2.88224e-19 0)
(4.05544 -2.89758e-19 0)
(4.05547 -2.91077e-19 0)
(4.0555 -2.92194e-19 0)
(4.05553 -2.93123e-19 0)
(4.05557 -2.93878e-19 0)
(4.0556 -2.94472e-19 0)
(4.05564 -2.94917e-19 0)
(4.05568 -2.95224e-19 0)
(4.05572 -2.95403e-19 0)
(4.05576 -2.9546e-19 0)
(4.05581 -2.95403e-19 0)
(4.05585 -2.95237e-19 0)
(4.0559 -2.94965e-19 0)
(4.05595 -2.94592e-19 0)
(4.056 -2.94119e-19 0)
(4.05605 -2.93552e-19 0)
(4.05611 -2.92893e-19 0)
(4.05616 -2.92146e-19 0)
(4.05622 -2.91318e-19 0)
(4.05628 -2.90415e-19 0)
(4.05635 -2.89444e-19 0)
(4.05641 -2.88412e-19 0)
(4.05648 -2.87323e-19 0)
(4.05655 -2.86172e-19 0)
(4.05663 -2.84938e-19 0)
(4.0567 -2.83576e-19 0)
(4.05678 -2.81989e-19 0)
(4.05686 -2.80017e-19 0)
(4.05695 -2.77315e-19 0)
(4.05703 -2.76676e-19 0)
(4.05713 -2.836e-19 0)
(4.05722 -2.90574e-19 0)
(4.05732 -2.89976e-19 0)
(4.05742 -2.87257e-19 0)
(4.05752 -2.8522e-19 0)
(4.05763 -2.83528e-19 0)
(4.05774 -2.82016e-19 0)
(4.05786 -2.80589e-19 0)
(4.05798 -2.79197e-19 0)
(4.05811 -2.7782e-19 0)
(4.05824 -2.76453e-19 0)
(4.05837 -2.751e-19 0)
(4.05851 -2.73765e-19 0)
(4.05865 -2.72455e-19 0)
(4.0588 -2.71176e-19 0)
(4.05895 -2.69931e-19 0)
(4.05911 -2.68722e-19 0)
(4.05928 -2.6755e-19 0)
(4.05945 -2.66412e-19 0)
(4.05962 -2.65305e-19 0)
(4.05981 -2.64226e-19 0)
(4.06 -2.6317e-19 0)
(4.06019 -2.62132e-19 0)
(4.0604 -2.61108e-19 0)
(4.06061 -2.6009e-19 0)
(4.06082 -2.59075e-19 0)
(4.06105 -2.58054e-19 0)
(4.06128 -2.57025e-19 0)
(4.06153 -2.5598e-19 0)
(4.06178 -2.54916e-19 0)
(4.06204 -2.53826e-19 0)
(4.06231 -2.52708e-19 0)
(4.06259 -2.51557e-19 0)
(4.06288 -2.50369e-19 0)
(4.06318 -2.49141e-19 0)
(4.06349 -2.47873e-19 0)
(4.06381 -2.46562e-19 0)
(4.06415 -2.45211e-19 0)
(4.06449 -2.43821e-19 0)
(4.06485 -2.42396e-19 0)
(4.06523 -2.40941e-19 0)
(4.06561 -2.39467e-19 0)
(4.06602 -2.37984e-19 0)
(4.06643 -2.36508e-19 0)
(4.06687 -2.35057e-19 0)
(4.06732 -2.33652e-19 0)
(4.06779 -2.32319e-19 0)
(4.06827 -2.31084e-19 0)
(4.06878 -2.29976e-19 0)
(4.0693 -2.29026e-19 0)
(4.06985 -2.28259e-19 0)
(4.07041 -2.27694e-19 0)
(4.071 -2.27339e-19 0)
(4.07161 -2.27182e-19 0)
(4.07224 -2.27185e-19 0)
(4.0729 -2.27238e-19 0)
(4.07359 -2.29982e-19 0)
(4.0743 -2.40124e-19 0)
(4.07504 -2.50669e-19 0)
(4.07581 -2.54091e-19 0)
(4.07661 -2.54827e-19 0)
(4.07744 -2.55553e-19 0)
(4.0783 -2.56141e-19 0)
(4.07919 -2.56537e-19 0)
(4.08012 -2.56715e-19 0)
(4.08109 -2.56672e-19 0)
(4.08209 -2.56423e-19 0)
(4.08313 -2.5599e-19 0)
(4.08421 -2.554e-19 0)
(4.08533 -2.54687e-19 0)
(4.08649 -2.53885e-19 0)
(4.08769 -2.53028e-19 0)
(4.08894 -2.52147e-19 0)
(4.09023 -2.51272e-19 0)
(4.09157 -2.50429e-19 0)
(4.09295 -2.49635e-19 0)
(4.09439 -2.48913e-19 0)
(4.09587 -2.48271e-19 0)
(4.0974 -2.47717e-19 0)
(4.09897 -2.47263e-19 0)
(4.10061 -2.46909e-19 0)
(4.10229 -2.46647e-19 0)
(4.10402 -2.46473e-19 0)
(4.10581 -2.46375e-19 0)
(4.10765 -2.46339e-19 0)
(4.10955 -2.46341e-19 0)
(4.1115 -2.46354e-19 0)
(4.1135 -2.46345e-19 0)
(4.11556 -2.46285e-19 0)
(4.11767 -2.4614e-19 0)
(4.11984 -2.45876e-19 0)
(4.12206 -2.4545e-19 0)
(4.12434 -2.44832e-19 0)
(4.12668 -2.44e-19 0)
(4.12907 -2.42933e-19 0)
(4.13151 -2.41615e-19 0)
(4.13401 -2.40047e-19 0)
(4.13656 -2.37522e-19 0)
(4.13916 -2.3321e-19 0)
(4.14182 -2.30296e-19 0)
(4.14453 -2.31565e-19 0)
(4.14729 -2.43352e-19 0)
(4.1501 -2.54209e-19 0)
(4.15296 -2.53593e-19 0)
(4.15587 -2.51817e-19 0)
(4.15883 -2.50651e-19 0)
(4.16184 -2.49528e-19 0)
(4.16489 -2.47867e-19 0)
(4.16798 -2.45709e-19 0)
(4.17112 -2.43063e-19 0)
(4.1743 -2.39981e-19 0)
(4.17752 -2.36521e-19 0)
(4.18078 -2.32732e-19 0)
(4.18408 -2.28662e-19 0)
(4.18741 -2.24376e-19 0)
(4.19078 -2.19927e-19 0)
(4.19418 -2.15309e-19 0)
(4.1976 -2.13291e-19 0)
(4.20106 -2.22888e-19 0)
(4.20454 -2.34054e-19 0)
(4.20804 -2.35402e-19 0)
(4.21157 -2.34422e-19 0)
(4.2151 -2.33214e-19 0)
(4.21866 -2.31784e-19 0)
(4.22222 -2.30184e-19 0)
(4.2258 -2.28456e-19 0)
(4.22938 -2.26635e-19 0)
(4.23295 -2.24754e-19 0)
(4.23653 -2.22834e-19 0)
(4.2401 -2.209e-19 0)
(4.24365 -2.18959e-19 0)
(4.24719 -2.17014e-19 0)
(4.25071 -2.15063e-19 0)
(4.2542 -2.13116e-19 0)
(4.25766 -2.1117e-19 0)
(4.26108 -2.09222e-19 0)
(4.26445 -2.07267e-19 0)
(4.26777 -2.05304e-19 0)
(4.27103 -2.03331e-19 0)
(4.27423 -2.01346e-19 0)
(4.27735 -1.9935e-19 0)
(4.28039 -1.97342e-19 0)
(4.28334 -1.95323e-19 0)
(4.28618 -1.93303e-19 0)
(4.28891 -1.91285e-19 0)
(4.29152 -1.89274e-19 0)
(4.294 -1.87266e-19 0)
(4.29633 -1.85268e-19 0)
(4.2985 -1.83286e-19 0)
(4.30051 -1.81331e-19 0)
(4.30233 -1.79411e-19 0)
(4.30396 -1.77532e-19 0)
(4.30537 -1.75699e-19 0)
(4.30657 -1.73923e-19 0)
(4.30753 -1.72217e-19 0)
(4.30823 -1.70586e-19 0)
(4.30867 -1.69042e-19 0)
(4.30883 -1.67592e-19 0)
(4.30869 -1.66247e-19 0)
(4.30825 -1.65015e-19 0)
(4.30748 -1.63903e-19 0)
(4.30638 -1.62916e-19 0)
(4.30492 -1.6206e-19 0)
(4.3031 -1.61337e-19 0)
(4.30091 -1.60745e-19 0)
(4.29833 -1.60274e-19 0)
(4.29535 -1.59924e-19 0)
(4.29196 -1.59682e-19 0)
(4.28815 -1.59525e-19 0)
(4.28391 -1.59438e-19 0)
(4.27922 -1.59388e-19 0)
(4.27409 -1.59344e-19 0)
(4.26851 -1.59285e-19 0)
(4.26245 -1.59157e-19 0)
(4.25593 -1.5893e-19 0)
(4.24892 -1.58546e-19 0)
(4.24143 -1.57967e-19 0)
(4.23344 -1.57042e-19 0)
(4.22495 -1.5686e-19 0)
(4.21596 -1.62501e-19 0)
(4.20645 -1.67775e-19 0)
(4.19641 -1.66332e-19 0)
(4.18585 -1.63926e-19 0)
(4.17475 -1.62457e-19 0)
(4.16311 -1.60953e-19 0)
(4.15091 -1.58643e-19 0)
(4.13816 -1.555e-19 0)
(4.12484 -1.51424e-19 0)
(4.11094 -1.46304e-19 0)
(4.09645 -1.40681e-19 0)
(4.08137 -1.37115e-19 0)
(4.06567 -1.32242e-19 0)
(4.04936 -1.27588e-19 0)
(4.03241 -1.24751e-19 0)
(4.01481 -1.20365e-19 0)
(3.99655 -1.1645e-19 0)
(3.97762 -1.12982e-19 0)
(3.95799 -1.10241e-19 0)
(3.93764 -1.08565e-19 0)
(3.91656 -1.07677e-19 0)
(3.89472 -1.08536e-19 0)
(3.87211 -1.0555e-19 0)
(3.84869 -1.02298e-19 0)
(3.82444 -1.02669e-19 0)
(3.79933 -1.00879e-19 0)
(3.77332 -9.85553e-20 0)
(3.74639 -9.61682e-20 0)
(3.71849 -9.40884e-20 0)
(3.68958 -9.18202e-20 0)
(3.65962 -8.89104e-20 0)
(3.62856 -8.54788e-20 0)
(3.59633 -8.15892e-20 0)
(3.5629 -7.80435e-20 0)
(3.52818 -7.414e-20 0)
(3.49211 -6.91031e-20 0)
(3.45461 -6.38503e-20 0)
(3.41559 -5.82073e-20 0)
(3.37496 -5.34549e-20 0)
(3.33262 -5.29322e-20 0)
(3.28845 -5.22603e-20 0)
(3.24232 -4.75083e-20 0)
(3.19409 -4.26481e-20 0)
(3.1436 -3.89574e-20 0)
(3.09069 -3.64777e-20 0)
(3.03515 -3.45667e-20 0)
(2.97678 -3.25329e-20 0)
(2.91534 -3.03852e-20 0)
(2.85057 -2.81632e-20 0)
(2.78218 -2.59092e-20 0)
(2.70988 -2.3631e-20 0)
(2.63331 -2.13354e-20 0)
(2.55214 -1.90422e-20 0)
(2.466 -1.67782e-20 0)
(2.37452 -1.45717e-20 0)
(2.27737 -1.245e-20 0)
(2.17425 -1.04382e-20 0)
(2.06497 -8.55888e-21 0)
(1.94943 -6.83193e-21 0)
(1.82775 -5.27459e-21 0)
(1.70023 -3.90133e-21 0)
(1.56736 -2.72342e-21 0)
(1.42982 -1.74834e-21 0)
(1.28835 -9.79443e-22 0)
(1.14371 -4.16003e-22 0)
(0.996551 -5.37745e-23 0)
(0.847364 1.14018e-22 0)
(0.696489 9.56077e-23 0)
(0.544125 1.1272e-23 0)
(0.390371 -1.86372e-23 0)
(0.235276 1.34476e-22 0)
(0.0788628 -9.56428e-23 0)
)
;

boundaryField
{
    top_wall
    {
        type            noSlip;
    }
    inlet
    {
        type            cyclic;
    }
    bot_wall
    {
        type            noSlip;
    }
    outlet
    {
        type            cyclic;
    }
    frontAndBack
    {
        type            empty;
    }
}


// ************************************************************************* //
