/*--------------------------------*- C++ -*----------------------------------*\
| =========                 |                                                 |
| \\      /  F ield         | OpenFOAM: The Open Source CFD Toolbox           |
|  \\    /   O peration     | Version:  2312                                  |
|   \\  /    A nd           | Website:  www.openfoam.com                      |
|    \\/     M anipulation  |                                                 |
\*---------------------------------------------------------------------------*/
FoamFile
{
    version     2.0;
    format      ascii;
    arch        "LSB;label=32;scalar=64";
    class       volVectorField;
    location    "0.79";
    object      U;
}
// * * * * * * * * * * * * * * * * * * * * * * * * * * * * * * * * * * * * * //

dimensions      [0 1 -1 0 0 0 0];

internalField   nonuniform List<vector> 
2000
(
(0.0880992 -1.01485e-18 0)
(0.263756 -2.02296e-18 0)
(0.43887 -2.0447e-18 0)
(0.613418 -1.93916e-18 0)
(0.787312 -1.90618e-18 0)
(0.960337 -1.90462e-18 0)
(1.13205 -1.90559e-18 0)
(1.30172 -1.90572e-18 0)
(1.46833 -1.90617e-18 0)
(1.63065 -1.90675e-18 0)
(1.78746 -1.90808e-18 0)
(1.93776 -1.9111e-18 0)
(2.08086 -1.9109e-18 0)
(2.21646 -1.90729e-18 0)
(2.34462 -1.9041e-18 0)
(2.46569 -1.90092e-18 0)
(2.58048 -1.89785e-18 0)
(2.68972 -1.89483e-18 0)
(2.79378 -1.89131e-18 0)
(2.89302 -1.88841e-18 0)
(2.98779 -1.88774e-18 0)
(3.07841 -1.88606e-18 0)
(3.16518 -1.88218e-18 0)
(3.24841 -1.87754e-18 0)
(3.32834 -1.87362e-18 0)
(3.40522 -1.87095e-18 0)
(3.47926 -1.86859e-18 0)
(3.55065 -1.8687e-18 0)
(3.61955 -1.87318e-18 0)
(3.68611 -1.87701e-18 0)
(3.75043 -1.87523e-18 0)
(3.81262 -1.873e-18 0)
(3.8728 -1.86762e-18 0)
(3.93116 -1.86243e-18 0)
(3.98785 -1.86003e-18 0)
(4.04298 -1.85577e-18 0)
(4.09664 -1.85359e-18 0)
(4.14889 -1.85067e-18 0)
(4.1998 -1.84794e-18 0)
(4.24943 -1.84603e-18 0)
(4.29784 -1.84225e-18 0)
(4.34506 -1.84067e-18 0)
(4.39115 -1.84003e-18 0)
(4.43614 -1.83754e-18 0)
(4.48008 -1.83647e-18 0)
(4.52299 -1.83847e-18 0)
(4.56492 -1.83921e-18 0)
(4.60588 -1.83717e-18 0)
(4.64591 -1.83545e-18 0)
(4.68503 -1.83698e-18 0)
(4.72327 -1.84112e-18 0)
(4.76064 -1.84212e-18 0)
(4.79717 -1.83928e-18 0)
(4.83288 -1.83771e-18 0)
(4.86778 -1.83583e-18 0)
(4.9019 -1.8344e-18 0)
(4.93524 -1.83567e-18 0)
(4.96782 -1.83362e-18 0)
(4.99964 -1.82733e-18 0)
(5.0307 -1.82341e-18 0)
(5.06099 -1.82211e-18 0)
(5.09051 -1.82254e-18 0)
(5.11925 -1.82458e-18 0)
(5.14722 -1.82229e-18 0)
(5.17439 -1.81624e-18 0)
(5.20077 -1.81456e-18 0)
(5.22635 -1.81778e-18 0)
(5.25112 -1.8204e-18 0)
(5.27508 -1.81867e-18 0)
(5.29822 -1.81527e-18 0)
(5.32054 -1.8118e-18 0)
(5.34208 -1.80609e-18 0)
(5.36294 -1.80004e-18 0)
(5.38323 -1.79888e-18 0)
(5.40298 -1.80074e-18 0)
(5.4222 -1.79699e-18 0)
(5.4409 -1.78919e-18 0)
(5.45907 -1.78585e-18 0)
(5.47671 -1.78604e-18 0)
(5.49384 -1.78204e-18 0)
(5.51045 -1.7745e-18 0)
(5.52655 -1.77198e-18 0)
(5.54213 -1.77457e-18 0)
(5.5572 -1.77379e-18 0)
(5.57175 -1.76796e-18 0)
(5.58579 -1.76473e-18 0)
(5.59932 -1.76671e-18 0)
(5.61234 -1.76638e-18 0)
(5.62485 -1.76589e-18 0)
(5.63685 -1.76932e-18 0)
(5.64833 -1.77025e-18 0)
(5.65931 -1.76762e-18 0)
(5.66978 -1.76848e-18 0)
(5.67975 -1.77286e-18 0)
(5.68921 -1.77354e-18 0)
(5.69816 -1.77325e-18 0)
(5.70661 -1.77727e-18 0)
(5.71457 -1.78222e-18 0)
(5.72203 -1.78243e-18 0)
(5.72899 -1.77899e-18 0)
(5.73548 -1.7751e-18 0)
(5.74148 -1.77077e-18 0)
(5.747 -1.76966e-18 0)
(5.75206 -1.76843e-18 0)
(5.75667 -1.76376e-18 0)
(5.76082 -1.75904e-18 0)
(5.76453 -1.75772e-18 0)
(5.76782 -1.75425e-18 0)
(5.77069 -1.75258e-18 0)
(5.77315 -1.75145e-18 0)
(5.77523 -1.74869e-18 0)
(5.77693 -1.74756e-18 0)
(5.77826 -1.74258e-18 0)
(5.77925 -1.73786e-18 0)
(5.77991 -1.7363e-18 0)
(5.78026 -1.7354e-18 0)
(5.7803 -1.7328e-18 0)
(5.78007 -1.72997e-18 0)
(5.77956 -1.72821e-18 0)
(5.7788 -1.72523e-18 0)
(5.7778 -1.72581e-18 0)
(5.77657 -1.72611e-18 0)
(5.77514 -1.72309e-18 0)
(5.77351 -1.72209e-18 0)
(5.77171 -1.72087e-18 0)
(5.76974 -1.72004e-18 0)
(5.76761 -1.72019e-18 0)
(5.76534 -1.72058e-18 0)
(5.76294 -1.71821e-18 0)
(5.76042 -1.71372e-18 0)
(5.75778 -1.71091e-18 0)
(5.75504 -1.70421e-18 0)
(5.75221 -1.69279e-18 0)
(5.74928 -1.68136e-18 0)
(5.74627 -1.67446e-18 0)
(5.74319 -1.67336e-18 0)
(5.74004 -1.66832e-18 0)
(5.73682 -1.654e-18 0)
(5.73354 -1.64025e-18 0)
(5.73022 -1.63668e-18 0)
(5.72684 -1.63841e-18 0)
(5.72342 -1.6369e-18 0)
(5.71996 -1.61876e-18 0)
(5.71645 -1.60045e-18 0)
(5.71285 -1.59962e-18 0)
(5.70912 -1.60122e-18 0)
(5.70527 -1.6002e-18 0)
(5.70132 -1.59997e-18 0)
(5.69727 -1.59822e-18 0)
(5.69314 -1.6007e-18 0)
(5.68894 -1.60318e-18 0)
(5.68467 -1.60206e-18 0)
(5.68035 -1.60431e-18 0)
(5.67597 -1.60641e-18 0)
(5.67155 -1.60875e-18 0)
(5.66709 -1.61199e-18 0)
(5.6626 -1.61748e-18 0)
(5.65809 -1.62092e-18 0)
(5.65355 -1.61135e-18 0)
(5.64899 -1.59838e-18 0)
(5.64441 -1.58966e-18 0)
(5.63982 -1.58012e-18 0)
(5.63523 -1.5743e-18 0)
(5.63062 -1.57185e-18 0)
(5.62602 -1.5689e-18 0)
(5.62141 -1.56384e-18 0)
(5.61681 -1.5537e-18 0)
(5.6122 -1.5477e-18 0)
(5.6076 -1.54673e-18 0)
(5.60301 -1.54307e-18 0)
(5.59843 -1.52561e-18 0)
(5.59385 -1.50341e-18 0)
(5.58929 -1.49718e-18 0)
(5.58473 -1.49579e-18 0)
(5.58019 -1.49324e-18 0)
(5.57567 -1.48528e-18 0)
(5.57115 -1.47393e-18 0)
(5.56666 -1.47021e-18 0)
(5.56217 -1.46727e-18 0)
(5.55771 -1.4593e-18 0)
(5.55326 -1.45625e-18 0)
(5.54883 -1.45047e-18 0)
(5.54442 -1.44316e-18 0)
(5.54003 -1.42973e-18 0)
(5.53566 -1.40749e-18 0)
(5.53131 -1.39904e-18 0)
(5.52698 -1.40012e-18 0)
(5.52267 -1.3952e-18 0)
(5.51839 -1.3868e-18 0)
(5.51412 -1.38081e-18 0)
(5.50988 -1.37415e-18 0)
(5.50566 -1.3608e-18 0)
(5.50146 -1.34989e-18 0)
(5.49729 -1.34834e-18 0)
(5.49314 -1.33879e-18 0)
(5.48901 -1.32582e-18 0)
(5.4849 -1.30917e-18 0)
(5.48082 -1.29768e-18 0)
(5.47676 -1.29131e-18 0)
(5.47273 -1.27511e-18 0)
(5.46871 -1.25449e-18 0)
(5.46472 -1.23609e-18 0)
(5.46076 -1.22924e-18 0)
(5.45681 -1.22734e-18 0)
(5.45289 -1.22264e-18 0)
(5.449 -1.2111e-18 0)
(5.44512 -1.2058e-18 0)
(5.44127 -1.1999e-18 0)
(5.43745 -1.19467e-18 0)
(5.43364 -1.19041e-18 0)
(5.42986 -1.17631e-18 0)
(5.4261 -1.15455e-18 0)
(5.42236 -1.13103e-18 0)
(5.41865 -1.11939e-18 0)
(5.41496 -1.11156e-18 0)
(5.41129 -1.10405e-18 0)
(5.40764 -1.09049e-18 0)
(5.40402 -1.07168e-18 0)
(5.40041 -1.0583e-18 0)
(5.39683 -1.05149e-18 0)
(5.39327 -1.04753e-18 0)
(5.38974 -1.04419e-18 0)
(5.38622 -1.03881e-18 0)
(5.38272 -1.03627e-18 0)
(5.37925 -1.02651e-18 0)
(5.3758 -1.01704e-18 0)
(5.37237 -1.01997e-18 0)
(5.36896 -1.01345e-18 0)
(5.36557 -1.00351e-18 0)
(5.3622 -9.89833e-19 0)
(5.35885 -9.68211e-19 0)
(5.35552 -9.51335e-19 0)
(5.35222 -9.46441e-19 0)
(5.34893 -9.50145e-19 0)
(5.34566 -9.41509e-19 0)
(5.34242 -9.32839e-19 0)
(5.33919 -9.34707e-19 0)
(5.33598 -9.33128e-19 0)
(5.33279 -9.331e-19 0)
(5.32963 -9.27892e-19 0)
(5.32648 -9.25268e-19 0)
(5.32335 -9.23737e-19 0)
(5.32024 -9.05661e-19 0)
(5.31715 -8.92935e-19 0)
(5.31408 -8.90958e-19 0)
(5.31103 -8.92876e-19 0)
(5.30799 -8.86002e-19 0)
(5.30498 -8.72864e-19 0)
(5.30198 -8.55379e-19 0)
(5.299 -8.31153e-19 0)
(5.29605 -8.16575e-19 0)
(5.29311 -8.0303e-19 0)
(5.29018 -7.87542e-19 0)
(5.28728 -7.63125e-19 0)
(5.2844 -7.36987e-19 0)
(5.28153 -7.24357e-19 0)
(5.27868 -7.16526e-19 0)
(5.27585 -7.0839e-19 0)
(5.27304 -6.88222e-19 0)
(5.27025 -6.66955e-19 0)
(5.26747 -6.64986e-19 0)
(5.26471 -6.64837e-19 0)
(5.26197 -6.5557e-19 0)
(5.25925 -6.29551e-19 0)
(5.25654 -6.07632e-19 0)
(5.25386 -6.02979e-19 0)
(5.25119 -5.96425e-19 0)
(5.24853 -5.86054e-19 0)
(5.2459 -5.70215e-19 0)
(5.24328 -5.47726e-19 0)
(5.24068 -5.20246e-19 0)
(5.2381 -5.13965e-19 0)
(5.23554 -5.0853e-19 0)
(5.23299 -4.93195e-19 0)
(5.23046 -4.90823e-19 0)
(5.22795 -4.77268e-19 0)
(5.22545 -4.57959e-19 0)
(5.22297 -4.47202e-19 0)
(5.22051 -4.34811e-19 0)
(5.21807 -4.29062e-19 0)
(5.21564 -4.1502e-19 0)
(5.21323 -4.0715e-19 0)
(5.21084 -4.0807e-19 0)
(5.20846 -3.91143e-19 0)
(5.20611 -3.88515e-19 0)
(5.20376 -3.75333e-19 0)
(5.20144 -3.54859e-19 0)
(5.19913 -3.35903e-19 0)
(5.19684 -3.25752e-19 0)
(5.19457 -3.29861e-19 0)
(5.19231 -3.22453e-19 0)
(5.19007 -3.27523e-19 0)
(5.18785 -3.10252e-19 0)
(5.18564 -2.9853e-19 0)
(5.18345 -3.08445e-19 0)
(5.18127 -2.96847e-19 0)
(5.17912 -3.00428e-19 0)
(5.17698 -2.81625e-19 0)
(5.17485 -2.70205e-19 0)
(5.17274 -2.53909e-19 0)
(5.17065 -2.37181e-19 0)
(5.16858 -2.50005e-19 0)
(5.16652 -2.37045e-19 0)
(5.16448 -2.53766e-19 0)
(5.16246 -2.30857e-19 0)
(5.16045 -2.08888e-19 0)
(5.15846 -2.23609e-19 0)
(5.15649 -2.00148e-19 0)
(5.15454 -2.03738e-19 0)
(5.1526 -1.71892e-19 0)
(5.15068 -1.15054e-19 0)
(5.14878 -1.06779e-19 0)
(5.1469 -8.6517e-20 0)
(5.14504 -8.12609e-20 0)
(5.1432 -1.00318e-19 0)
(5.14138 -9.93888e-20 0)
(5.13958 -9.56864e-20 0)
(5.13781 -1.00516e-19 0)
(5.13606 -1.03288e-19 0)
(5.13435 -1.06789e-19 0)
(5.13268 -1.10827e-19 0)
(5.13106 -1.09765e-19 0)
(5.1295 -1.07762e-19 0)
(5.12801 -1.05774e-19 0)
(5.12662 -1.0383e-19 0)
(5.12533 -1.02058e-19 0)
(5.12419 -1.00572e-19 0)
(5.12319 -9.94643e-20 0)
(5.12235 -9.87624e-20 0)
(5.12167 -9.83981e-20 0)
(5.12114 -9.82052e-20 0)
(5.12073 -9.79728e-20 0)
(5.12044 -9.75227e-20 0)
(5.12023 -9.67673e-20 0)
(5.12008 -9.56639e-20 0)
(5.11997 -9.39595e-20 0)
(5.1199 -9.38604e-20 0)
(5.11984 -9.26474e-20 0)
(5.1198 -9.02635e-20 0)
(5.11977 -8.69735e-20 0)
(5.11974 -8.19201e-20 0)
(5.11971 -7.86998e-20 0)
(5.11969 -7.8326e-20 0)
(5.11967 -7.85908e-20 0)
(5.11965 -7.89506e-20 0)
(5.11964 -7.93916e-20 0)
(5.11962 -7.99056e-20 0)
(5.11961 -8.04861e-20 0)
(5.11959 -8.11277e-20 0)
(5.11958 -8.1825e-20 0)
(5.11957 -8.25726e-20 0)
(5.11956 -8.3365e-20 0)
(5.11955 -8.4197e-20 0)
(5.11955 -8.50634e-20 0)
(5.11954 -8.59594e-20 0)
(5.11953 -8.68804e-20 0)
(5.11953 -8.78222e-20 0)
(5.11952 -8.87809e-20 0)
(5.11952 -8.97528e-20 0)
(5.11951 -9.07347e-20 0)
(5.11951 -9.17235e-20 0)
(5.1195 -9.27165e-20 0)
(5.1195 -9.37112e-20 0)
(5.1195 -9.47052e-20 0)
(5.1195 -9.56966e-20 0)
(5.11949 -9.66834e-20 0)
(5.11949 -9.76639e-20 0)
(5.11949 -9.86367e-20 0)
(5.11949 -9.96002e-20 0)
(5.11949 -1.00553e-19 0)
(5.11948 -1.01495e-19 0)
(5.11948 -1.02423e-19 0)
(5.11948 -1.03339e-19 0)
(5.11948 -1.0424e-19 0)
(5.11948 -1.05126e-19 0)
(5.11948 -1.05996e-19 0)
(5.11948 -1.0685e-19 0)
(5.11948 -1.07688e-19 0)
(5.11948 -1.08509e-19 0)
(5.11948 -1.09312e-19 0)
(5.11948 -1.10097e-19 0)
(5.11947 -1.10865e-19 0)
(5.11947 -1.11615e-19 0)
(5.11947 -1.12347e-19 0)
(5.11947 -1.13061e-19 0)
(5.11947 -1.13756e-19 0)
(5.11947 -1.14434e-19 0)
(5.11947 -1.15093e-19 0)
(5.11947 -1.15735e-19 0)
(5.11947 -1.16358e-19 0)
(5.11947 -1.16964e-19 0)
(5.11947 -1.17552e-19 0)
(5.11947 -1.18123e-19 0)
(5.11947 -1.18676e-19 0)
(5.11947 -1.19213e-19 0)
(5.11947 -1.19733e-19 0)
(5.11947 -1.20236e-19 0)
(5.11947 -1.20723e-19 0)
(5.11947 -1.21195e-19 0)
(5.11947 -1.2165e-19 0)
(5.11947 -1.2209e-19 0)
(5.11947 -1.22516e-19 0)
(5.11947 -1.22926e-19 0)
(5.11947 -1.23322e-19 0)
(5.11947 -1.23705e-19 0)
(5.11947 -1.24073e-19 0)
(5.11947 -1.24428e-19 0)
(5.11947 -1.2477e-19 0)
(5.11947 -1.25099e-19 0)
(5.11947 -1.25416e-19 0)
(5.11947 -1.25721e-19 0)
(5.11947 -1.26014e-19 0)
(5.11947 -1.26296e-19 0)
(5.11947 -1.26566e-19 0)
(5.11947 -1.26826e-19 0)
(5.11947 -1.27076e-19 0)
(5.11947 -1.27315e-19 0)
(5.11947 -1.27545e-19 0)
(5.11947 -1.27765e-19 0)
(5.11947 -1.27976e-19 0)
(5.11947 -1.28179e-19 0)
(5.11947 -1.28373e-19 0)
(5.11947 -1.28558e-19 0)
(5.11947 -1.28735e-19 0)
(5.11947 -1.28905e-19 0)
(5.11947 -1.29068e-19 0)
(5.11947 -1.29223e-19 0)
(5.11947 -1.29371e-19 0)
(5.11947 -1.29513e-19 0)
(5.11947 -1.29648e-19 0)
(5.11947 -1.29777e-19 0)
(5.11947 -1.29901e-19 0)
(5.11947 -1.30018e-19 0)
(5.11947 -1.3013e-19 0)
(5.11947 -1.30237e-19 0)
(5.11947 -1.30339e-19 0)
(5.11947 -1.30435e-19 0)
(5.11947 -1.30528e-19 0)
(5.11947 -1.30615e-19 0)
(5.11947 -1.30699e-19 0)
(5.11947 -1.30778e-19 0)
(5.11947 -1.30853e-19 0)
(5.11947 -1.30925e-19 0)
(5.11947 -1.30993e-19 0)
(5.11947 -1.31057e-19 0)
(5.11947 -1.31118e-19 0)
(5.11947 -1.31176e-19 0)
(5.11947 -1.31231e-19 0)
(5.11947 -1.31283e-19 0)
(5.11947 -1.31332e-19 0)
(5.11947 -1.31378e-19 0)
(5.11947 -1.31422e-19 0)
(5.11947 -1.31464e-19 0)
(5.11947 -1.31503e-19 0)
(5.11947 -1.31539e-19 0)
(5.11947 -1.31574e-19 0)
(5.11947 -1.31607e-19 0)
(5.11947 -1.31637e-19 0)
(5.11947 -1.31666e-19 0)
(5.11947 -1.31693e-19 0)
(5.11947 -1.31718e-19 0)
(5.11947 -1.31742e-19 0)
(5.11947 -1.31763e-19 0)
(5.11947 -1.31784e-19 0)
(5.11947 -1.31803e-19 0)
(5.11947 -1.3182e-19 0)
(5.11947 -1.31836e-19 0)
(5.11947 -1.31851e-19 0)
(5.11947 -1.31864e-19 0)
(5.11947 -1.31876e-19 0)
(5.11947 -1.31888e-19 0)
(5.11947 -1.31897e-19 0)
(5.11947 -1.31906e-19 0)
(5.11947 -1.31914e-19 0)
(5.11947 -1.3192e-19 0)
(5.11947 -1.31926e-19 0)
(5.11947 -1.3193e-19 0)
(5.11947 -1.31934e-19 0)
(5.11947 -1.31937e-19 0)
(5.11947 -1.31938e-19 0)
(5.11947 -1.31939e-19 0)
(5.11947 -1.31938e-19 0)
(5.11947 -1.31937e-19 0)
(5.11947 -1.31935e-19 0)
(5.11947 -1.31932e-19 0)
(5.11947 -1.31928e-19 0)
(5.11947 -1.31923e-19 0)
(5.11947 -1.31917e-19 0)
(5.11947 -1.3191e-19 0)
(5.11947 -1.31902e-19 0)
(5.11947 -1.31893e-19 0)
(5.11947 -1.31883e-19 0)
(5.11947 -1.31872e-19 0)
(5.11947 -1.31861e-19 0)
(5.11947 -1.31848e-19 0)
(5.11947 -1.31834e-19 0)
(5.11947 -1.31819e-19 0)
(5.11947 -1.31803e-19 0)
(5.11947 -1.31786e-19 0)
(5.11947 -1.31767e-19 0)
(5.11947 -1.31748e-19 0)
(5.11947 -1.31727e-19 0)
(5.11947 -1.31705e-19 0)
(5.11947 -1.31681e-19 0)
(5.11947 -1.31657e-19 0)
(5.11947 -1.31631e-19 0)
(5.11947 -1.31603e-19 0)
(5.11947 -1.31575e-19 0)
(5.11947 -1.31544e-19 0)
(5.11947 -1.31513e-19 0)
(5.11947 -1.31479e-19 0)
(5.11947 -1.31444e-19 0)
(5.11947 -1.31408e-19 0)
(5.11947 -1.3137e-19 0)
(5.11947 -1.3133e-19 0)
(5.11947 -1.31288e-19 0)
(5.11947 -1.31244e-19 0)
(5.11947 -1.31199e-19 0)
(5.11947 -1.31151e-19 0)
(5.11947 -1.31102e-19 0)
(5.11947 -1.31051e-19 0)
(5.11947 -1.30998e-19 0)
(5.11947 -1.30942e-19 0)
(5.11947 -1.30884e-19 0)
(5.11947 -1.30825e-19 0)
(5.11947 -1.30763e-19 0)
(5.11947 -1.30698e-19 0)
(5.11947 -1.30632e-19 0)
(5.11947 -1.30563e-19 0)
(5.11947 -1.30492e-19 0)
(5.11947 -1.30418e-19 0)
(5.11947 -1.30342e-19 0)
(5.11947 -1.30263e-19 0)
(5.11947 -1.30182e-19 0)
(5.11947 -1.30098e-19 0)
(5.11947 -1.30012e-19 0)
(5.11947 -1.29923e-19 0)
(5.11947 -1.29832e-19 0)
(5.11947 -1.29738e-19 0)
(5.11947 -1.29641e-19 0)
(5.11947 -1.29542e-19 0)
(5.11947 -1.2944e-19 0)
(5.11947 -1.29336e-19 0)
(5.11947 -1.29229e-19 0)
(5.11947 -1.2912e-19 0)
(5.11947 -1.29008e-19 0)
(5.11947 -1.28893e-19 0)
(5.11947 -1.28777e-19 0)
(5.11947 -1.28657e-19 0)
(5.11947 -1.28536e-19 0)
(5.11947 -1.28412e-19 0)
(5.11947 -1.28286e-19 0)
(5.11947 -1.28158e-19 0)
(5.11947 -1.28028e-19 0)
(5.11947 -1.27896e-19 0)
(5.11947 -1.27763e-19 0)
(5.11947 -1.27628e-19 0)
(5.11947 -1.27491e-19 0)
(5.11947 -1.27353e-19 0)
(5.11947 -1.27214e-19 0)
(5.11947 -1.27075e-19 0)
(5.11947 -1.26934e-19 0)
(5.11947 -1.26793e-19 0)
(5.11947 -1.26652e-19 0)
(5.11947 -1.26511e-19 0)
(5.11947 -1.2637e-19 0)
(5.11947 -1.26229e-19 0)
(5.11947 -1.2609e-19 0)
(5.11947 -1.25951e-19 0)
(5.11947 -1.25815e-19 0)
(5.11947 -1.2568e-19 0)
(5.11947 -1.25547e-19 0)
(5.11947 -1.25417e-19 0)
(5.11947 -1.2529e-19 0)
(5.11947 -1.25167e-19 0)
(5.11947 -1.25048e-19 0)
(5.11947 -1.24933e-19 0)
(5.11947 -1.24822e-19 0)
(5.11947 -1.24717e-19 0)
(5.11947 -1.24618e-19 0)
(5.11947 -1.24525e-19 0)
(5.11947 -1.24439e-19 0)
(5.11947 -1.24359e-19 0)
(5.11947 -1.24288e-19 0)
(5.11947 -1.24224e-19 0)
(5.11947 -1.24169e-19 0)
(5.11947 -1.24122e-19 0)
(5.11947 -1.24084e-19 0)
(5.11947 -1.24056e-19 0)
(5.11947 -1.24037e-19 0)
(5.11947 -1.24027e-19 0)
(5.11947 -1.24026e-19 0)
(5.11947 -1.24035e-19 0)
(5.11947 -1.24052e-19 0)
(5.11947 -1.24078e-19 0)
(5.11947 -1.24111e-19 0)
(5.11947 -1.2415e-19 0)
(5.11947 -1.24195e-19 0)
(5.11947 -1.24244e-19 0)
(5.11947 -1.24294e-19 0)
(5.11947 -1.24344e-19 0)
(5.11947 -1.2439e-19 0)
(5.11947 -1.24431e-19 0)
(5.11947 -1.24462e-19 0)
(5.11947 -1.24479e-19 0)
(5.11947 -1.24477e-19 0)
(5.11947 -1.24451e-19 0)
(5.11947 -1.24396e-19 0)
(5.11947 -1.24303e-19 0)
(5.11947 -1.24167e-19 0)
(5.11947 -1.23978e-19 0)
(5.11947 -1.23729e-19 0)
(5.11947 -1.23409e-19 0)
(5.11947 -1.23009e-19 0)
(5.11947 -1.22517e-19 0)
(5.11947 -1.21923e-19 0)
(5.11947 -1.21216e-19 0)
(5.11947 -1.20385e-19 0)
(5.11947 -1.19419e-19 0)
(5.11947 -1.18311e-19 0)
(5.11947 -1.17055e-19 0)
(5.11947 -1.15647e-19 0)
(5.11947 -1.14093e-19 0)
(5.11947 -1.12403e-19 0)
(5.11947 -1.10602e-19 0)
(5.11947 -1.0873e-19 0)
(5.11947 -1.06844e-19 0)
(5.11947 -1.05087e-19 0)
(5.11947 -1.02878e-19 0)
(5.11947 -9.96454e-20 0)
(5.11947 -9.55369e-20 0)
(5.11947 -9.36957e-20 0)
(5.11947 -1.06763e-19 0)
(5.11947 -1.19821e-19 0)
(5.11947 -1.17951e-19 0)
(5.11947 -1.13795e-19 0)
(5.11947 -1.10496e-19 0)
(5.11947 -1.08202e-19 0)
(5.11947 -1.06342e-19 0)
(5.11947 -1.04335e-19 0)
(5.11947 -1.02322e-19 0)
(5.11947 -1.00364e-19 0)
(5.11947 -9.84994e-20 0)
(5.11947 -9.67532e-20 0)
(5.11947 -9.51375e-20 0)
(5.11947 -9.36564e-20 0)
(5.11947 -9.23084e-20 0)
(5.11947 -9.10881e-20 0)
(5.11947 -8.99877e-20 0)
(5.11947 -8.89979e-20 0)
(5.11947 -8.81085e-20 0)
(5.11947 -8.73095e-20 0)
(5.11947 -8.65906e-20 0)
(5.11947 -8.59421e-20 0)
(5.11947 -8.5355e-20 0)
(5.11947 -8.48209e-20 0)
(5.11947 -8.4332e-20 0)
(5.11947 -8.38815e-20 0)
(5.11947 -8.34633e-20 0)
(5.11947 -8.30723e-20 0)
(5.11947 -8.27037e-20 0)
(5.11947 -8.2354e-20 0)
(5.11947 -8.20199e-20 0)
(5.11947 -8.16991e-20 0)
(5.11947 -8.13898e-20 0)
(5.11947 -8.10905e-20 0)
(5.11947 -8.08006e-20 0)
(5.11947 -8.05196e-20 0)
(5.11947 -8.02475e-20 0)
(5.11947 -7.99845e-20 0)
(5.11947 -7.9731e-20 0)
(5.11947 -7.94874e-20 0)
(5.11947 -7.92543e-20 0)
(5.11947 -7.90318e-20 0)
(5.11947 -7.88199e-20 0)
(5.11947 -7.86179e-20 0)
(5.11947 -7.84245e-20 0)
(5.11947 -7.82374e-20 0)
(5.11947 -7.80533e-20 0)
(5.11947 -7.78671e-20 0)
(5.11947 -7.76724e-20 0)
(5.11947 -7.74604e-20 0)
(5.11947 -7.72202e-20 0)
(5.11947 -7.69384e-20 0)
(5.11947 -7.65988e-20 0)
(5.11947 -7.61824e-20 0)
(5.11947 -7.56674e-20 0)
(5.11947 -7.50293e-20 0)
(5.11947 -7.42416e-20 0)
(5.11947 -7.32764e-20 0)
(5.11947 -7.21054e-20 0)
(5.11947 -7.0702e-20 0)
(5.11947 -6.90438e-20 0)
(5.11947 -6.71153e-20 0)
(5.11947 -6.49136e-20 0)
(5.11947 -6.24537e-20 0)
(5.11947 -5.97779e-20 0)
(5.11947 -5.6967e-20 0)
(5.11947 -5.41565e-20 0)
(5.11947 -5.15592e-20 0)
(5.11947 -4.94957e-20 0)
(5.11947 -4.77441e-20 0)
(5.11947 -4.52995e-20 0)
(5.11947 -4.47949e-20 0)
(5.11947 -5.2458e-20 0)
(5.11947 -5.94106e-20 0)
(5.11947 -5.75616e-20 0)
(5.11947 -5.33936e-20 0)
(5.11947 -4.89852e-20 0)
(5.11947 -4.3917e-20 0)
(5.11947 -3.854e-20 0)
(5.11947 -3.31795e-20 0)
(5.11947 -2.79712e-20 0)
(5.11947 -2.4854e-20 0)
(5.11947 -2.59155e-20 0)
(5.11947 -2.73709e-20 0)
(5.11947 -2.54331e-20 0)
(5.11947 -2.19813e-20 0)
(5.11947 -2.04653e-20 0)
(5.11947 -2.37325e-20 0)
(5.11947 -2.63982e-20 0)
(5.11947 -2.37682e-20 0)
(5.11947 -1.93413e-20 0)
(5.11947 -1.5334e-20 0)
(5.11947 -1.2235e-20 0)
(5.11947 -9.92075e-21 0)
(5.11947 -8.30442e-21 0)
(5.11947 -7.29765e-21 0)
(5.11947 -6.81909e-21 0)
(5.11947 -6.79665e-21 0)
(5.11947 -7.16856e-21 0)
(5.11947 -7.88359e-21 0)
(5.11947 -8.90118e-21 0)
(5.11947 -1.01918e-20 0)
(5.11947 -1.17384e-20 0)
(5.11947 -1.35385e-20 0)
(5.11947 -1.56091e-20 0)
(5.11947 -1.79927e-20 0)
(5.11947 -2.0767e-20 0)
(5.11947 -2.40612e-20 0)
(5.11947 -2.81034e-20 0)
(5.11947 -3.30432e-20 0)
(5.11947 -4.03819e-20 0)
(5.11947 -4.1449e-20 0)
(5.11947 -4.2463e-20 0)
(5.11947 -4.96551e-20 0)
(5.11947 -5.43727e-20 0)
(5.11947 -5.81181e-20 0)
(5.11947 -6.10369e-20 0)
(5.11947 -6.33651e-20 0)
(5.11947 -6.52493e-20 0)
(5.11947 -6.67865e-20 0)
(5.11947 -6.80408e-20 0)
(5.11947 -6.9055e-20 0)
(5.11947 -6.98592e-20 0)
(5.11947 -7.04758e-20 0)
(5.11947 -7.09233e-20 0)
(5.11947 -7.1218e-20 0)
(5.11947 -7.13755e-20 0)
(5.11947 -7.14109e-20 0)
(5.11947 -7.13394e-20 0)
(5.11947 -7.11757e-20 0)
(5.11947 -7.09345e-20 0)
(5.11947 -7.063e-20 0)
(5.11947 -7.02758e-20 0)
(5.11947 -6.98848e-20 0)
(5.11947 -6.94689e-20 0)
(5.11947 -6.90393e-20 0)
(5.11947 -6.86061e-20 0)
(5.11947 -6.81787e-20 0)
(5.11947 -6.7765e-20 0)
(5.11947 -6.73726e-20 0)
(5.11947 -6.70077e-20 0)
(5.11947 -6.66759e-20 0)
(5.11947 -6.63822e-20 0)
(5.11947 -6.61308e-20 0)
(5.11947 -6.59252e-20 0)
(5.11947 -6.57689e-20 0)
(5.11947 -6.56648e-20 0)
(5.11947 -6.56157e-20 0)
(5.11947 -6.56245e-20 0)
(5.11947 -6.56941e-20 0)
(5.11947 -6.5828e-20 0)
(5.11947 -6.60299e-20 0)
(5.11947 -6.63045e-20 0)
(5.11947 -6.66572e-20 0)
(5.11947 -6.70946e-20 0)
(5.11947 -6.76245e-20 0)
(5.11947 -6.82559e-20 0)
(5.11947 -6.89995e-20 0)
(5.11947 -6.9867e-20 0)
(5.11947 -7.08715e-20 0)
(5.11947 -7.20268e-20 0)
(5.11947 -7.33467e-20 0)
(5.11947 -7.48444e-20 0)
(5.11947 -7.65306e-20 0)
(5.11947 -7.84121e-20 0)
(5.11947 -8.04888e-20 0)
(5.11947 -8.27504e-20 0)
(5.11947 -8.51716e-20 0)
(5.11947 -8.77071e-20 0)
(5.11947 -9.02803e-20 0)
(5.11947 -9.28324e-20 0)
(5.11947 -9.45012e-20 0)
(5.11947 -9.41591e-20 0)
(5.11947 -9.45182e-20 0)
(5.11947 -9.26792e-20 0)
(5.11947 -9.08188e-20 0)
(5.11947 -9.11134e-20 0)
(5.11947 -9.06644e-20 0)
(5.11947 -9.21839e-20 0)
(5.11947 -9.45452e-20 0)
(5.11947 -9.68867e-20 0)
(5.11947 -9.91508e-20 0)
(5.11947 -1.01262e-19 0)
(5.11947 -1.03177e-19 0)
(5.11947 -1.04871e-19 0)
(5.11947 -1.06337e-19 0)
(5.11947 -1.07577e-19 0)
(5.11947 -1.086e-19 0)
(5.11947 -1.09419e-19 0)
(5.11947 -1.1005e-19 0)
(5.11947 -1.10511e-19 0)
(5.11947 -1.10818e-19 0)
(5.11947 -1.10987e-19 0)
(5.11947 -1.11033e-19 0)
(5.11947 -1.10967e-19 0)
(5.11947 -1.108e-19 0)
(5.11947 -1.10541e-19 0)
(5.11947 -1.10193e-19 0)
(5.11947 -1.0976e-19 0)
(5.11947 -1.09239e-19 0)
(5.11947 -1.08628e-19 0)
(5.11947 -1.07916e-19 0)
(5.11947 -1.0709e-19 0)
(5.11947 -1.06133e-19 0)
(5.11947 -1.0502e-19 0)
(5.11947 -1.03718e-19 0)
(5.11947 -1.02186e-19 0)
(5.11947 -1.00369e-19 0)
(5.11947 -9.81901e-20 0)
(5.11947 -9.5549e-20 0)
(5.11947 -9.2256e-20 0)
(5.11947 -8.8707e-20 0)
(5.11947 -8.74806e-20 0)
(5.11947 -8.39883e-20 0)
(5.11947 -8.06714e-20 0)
(5.11947 -7.99627e-20 0)
(5.11947 -7.7248e-20 0)
(5.11947 -7.50616e-20 0)
(5.11947 -7.37321e-20 0)
(5.11947 -7.29741e-20 0)
(5.11947 -7.25652e-20 0)
(5.11947 -7.21473e-20 0)
(5.11947 -7.32989e-20 0)
(5.11947 -7.20339e-20 0)
(5.11947 -7.08967e-20 0)
(5.11947 -7.24407e-20 0)
(5.11947 -7.27078e-20 0)
(5.11947 -7.33254e-20 0)
(5.11947 -7.40086e-20 0)
(5.11947 -7.46363e-20 0)
(5.11947 -7.51083e-20 0)
(5.11947 -7.53422e-20 0)
(5.11947 -7.52536e-20 0)
(5.11947 -7.47325e-20 0)
(5.11947 -7.36235e-20 0)
(5.11947 -7.15923e-20 0)
(5.11947 -7.11679e-20 0)
(5.11947 -7.69645e-20 0)
(5.11947 -8.22564e-20 0)
(5.11947 -8.03283e-20 0)
(5.11947 -7.55568e-20 0)
(5.11947 -7.34751e-20 0)
(5.11947 -7.41801e-20 0)
(5.11947 -7.47929e-20 0)
(5.11947 -7.25197e-20 0)
(5.11947 -6.6725e-20 0)
(5.11947 -6.22914e-20 0)
(5.11947 -6.37652e-20 0)
(5.11947 -6.43497e-20 0)
(5.11947 -5.80089e-20 0)
(5.11947 -5.01884e-20 0)
(5.11947 -4.34367e-20 0)
(5.11947 -3.74242e-20 0)
(5.11947 -3.20638e-20 0)
(5.11947 -2.73097e-20 0)
(5.11947 -2.30176e-20 0)
(5.11947 -2.12655e-20 0)
(5.11947 -3.76122e-20 0)
(5.11947 -5.35923e-20 0)
(5.11947 -5.06919e-20 0)
(5.11947 -4.52066e-20 0)
(5.11947 -3.9967e-20 0)
(5.11947 -3.48334e-20 0)
(5.11947 -2.98464e-20 0)
(5.11947 -2.50265e-20 0)
(5.11947 -2.03886e-20 0)
(5.11947 -1.59402e-20 0)
(5.11947 -1.16813e-20 0)
(5.11947 -7.60561e-21 0)
(5.11947 -3.70224e-21 0)
(5.11947 4.32045e-23 0)
(5.11947 3.64702e-21 0)
(5.11947 7.12634e-21 0)
(5.11947 1.04981e-20 0)
(5.11947 1.37784e-20 0)
(5.11947 1.69815e-20 0)
(5.11947 2.01198e-20 0)
(5.11947 2.32036e-20 0)
(5.11947 2.62405e-20 0)
(5.11947 2.92362e-20 0)
(5.11947 3.21948e-20 0)
(5.11947 3.51198e-20 0)
(5.11947 3.80162e-20 0)
(5.11947 4.08933e-20 0)
(5.11947 4.37697e-20 0)
(5.11947 4.66821e-20 0)
(5.11947 4.96944e-20 0)
(5.11947 5.29655e-20 0)
(5.11947 5.60259e-20 0)
(5.11947 5.64316e-20 0)
(5.11947 4.10523e-20 0)
(5.11947 2.57086e-20 0)
(5.11947 2.62209e-20 0)
(5.11947 2.94586e-20 0)
(5.11947 3.29777e-20 0)
(5.11947 3.63079e-20 0)
(5.11947 3.96081e-20 0)
(5.11947 4.29421e-20 0)
(5.11947 4.63468e-20 0)
(5.11947 4.98417e-20 0)
(5.11947 5.34376e-20 0)
(5.11947 5.71415e-20 0)
(5.11947 6.09603e-20 0)
(5.11947 6.49018e-20 0)
(5.11947 6.8977e-20 0)
(5.11947 7.31999e-20 0)
(5.11947 7.7589e-20 0)
(5.11947 8.21681e-20 0)
(5.11947 8.6969e-20 0)
(5.11947 9.20351e-20 0)
(5.11947 9.74302e-20 0)
(5.11947 1.03253e-19 0)
(5.11947 1.09641e-19 0)
(5.11947 1.16989e-19 0)
(5.11947 1.22207e-19 0)
(5.11947 1.27614e-19 0)
(5.11947 1.32896e-19 0)
(5.11947 1.37697e-19 0)
(5.11947 1.45166e-19 0)
(5.11947 1.52246e-19 0)
(5.11947 1.58506e-19 0)
(5.11947 1.64053e-19 0)
(5.11947 1.69102e-19 0)
(5.11947 1.71747e-19 0)
(5.11947 1.55752e-19 0)
(5.11947 1.39695e-19 0)
(5.11947 1.42159e-19 0)
(5.11947 1.46991e-19 0)
(5.11947 1.51556e-19 0)
(5.11947 1.56094e-19 0)
(5.11947 1.62312e-19 0)
(5.11947 1.62814e-19 0)
(5.11947 1.56855e-19 0)
(5.11947 1.55693e-19 0)
(5.11947 1.43512e-19 0)
(5.11947 1.30903e-19 0)
(5.11947 1.36125e-19 0)
(5.11947 1.43294e-19 0)
(5.11947 1.48919e-19 0)
(5.11947 1.54467e-19 0)
(5.11947 1.61054e-19 0)
(5.11947 1.69014e-19 0)
(5.11947 1.69653e-19 0)
(5.11947 1.68681e-19 0)
(5.11947 1.61943e-19 0)
(5.11947 1.55944e-19 0)
(5.11947 1.56391e-19 0)
(5.11947 1.50029e-19 0)
(5.11947 1.49446e-19 0)
(5.11947 1.49804e-19 0)
(5.11947 1.48388e-19 0)
(5.11947 1.50124e-19 0)
(5.11947 1.49931e-19 0)
(5.11947 1.46325e-19 0)
(5.11947 1.40128e-19 0)
(5.11947 1.32746e-19 0)
(5.11947 1.33357e-19 0)
(5.11947 1.32128e-19 0)
(5.11947 1.21893e-19 0)
(5.11947 1.12564e-19 0)
(5.11947 1.05563e-19 0)
(5.11947 1.02204e-19 0)
(5.11947 1.00392e-19 0)
(5.11947 9.93651e-20 0)
(5.11947 9.90459e-20 0)
(5.11947 9.93213e-20 0)
(5.11947 1.00094e-19 0)
(5.11947 1.01276e-19 0)
(5.11947 1.02785e-19 0)
(5.11947 1.04546e-19 0)
(5.11947 1.06493e-19 0)
(5.11947 1.08562e-19 0)
(5.11947 1.10699e-19 0)
(5.11947 1.12853e-19 0)
(5.11947 1.14981e-19 0)
(5.11947 1.17043e-19 0)
(5.11947 1.19004e-19 0)
(5.11947 1.20835e-19 0)
(5.11947 1.22509e-19 0)
(5.11947 1.24008e-19 0)
(5.11947 1.25315e-19 0)
(5.11947 1.26426e-19 0)
(5.11947 1.27347e-19 0)
(5.11947 1.28098e-19 0)
(5.11947 1.28729e-19 0)
(5.11947 1.29322e-19 0)
(5.11947 1.30016e-19 0)
(5.11947 1.31032e-19 0)
(5.11947 1.32703e-19 0)
(5.11947 1.35587e-19 0)
(5.11947 1.39062e-19 0)
(5.11947 1.4058e-19 0)
(5.11947 1.27575e-19 0)
(5.11947 1.14316e-19 0)
(5.11947 1.1512e-19 0)
(5.11947 1.1712e-19 0)
(5.11947 1.18302e-19 0)
(5.11947 1.18282e-19 0)
(5.11947 1.17075e-19 0)
(5.11947 1.15179e-19 0)
(5.11947 1.12924e-19 0)
(5.11947 1.10532e-19 0)
(5.11947 1.08144e-19 0)
(5.11947 1.05851e-19 0)
(5.11947 1.03709e-19 0)
(5.11947 1.01747e-19 0)
(5.11947 9.99796e-20 0)
(5.11947 9.84117e-20 0)
(5.11947 9.70407e-20 0)
(5.11947 9.58598e-20 0)
(5.11947 9.48599e-20 0)
(5.11947 9.40308e-20 0)
(5.11947 9.33614e-20 0)
(5.11947 9.28406e-20 0)
(5.11947 9.24577e-20 0)
(5.11947 9.22021e-20 0)
(5.11947 9.20641e-20 0)
(5.11947 9.20342e-20 0)
(5.11947 9.21038e-20 0)
(5.11947 9.22647e-20 0)
(5.11947 9.25095e-20 0)
(5.11947 9.28314e-20 0)
(5.11947 9.32239e-20 0)
(5.11947 9.36814e-20 0)
(5.11947 9.41985e-20 0)
(5.11947 9.47703e-20 0)
(5.11947 9.53922e-20 0)
(5.11947 9.60602e-20 0)
(5.11947 9.677e-20 0)
(5.11947 9.75178e-20 0)
(5.11947 9.82999e-20 0)
(5.11947 9.91121e-20 0)
(5.11947 9.99506e-20 0)
(5.11947 1.00811e-19 0)
(5.11947 1.01689e-19 0)
(5.11947 1.02579e-19 0)
(5.11947 1.03475e-19 0)
(5.11947 1.04373e-19 0)
(5.11947 1.05264e-19 0)
(5.11947 1.06143e-19 0)
(5.11947 1.07001e-19 0)
(5.11947 1.0783e-19 0)
(5.11947 1.08623e-19 0)
(5.11947 1.0937e-19 0)
(5.11947 1.10063e-19 0)
(5.11947 1.10695e-19 0)
(5.11947 1.11259e-19 0)
(5.11947 1.11751e-19 0)
(5.11947 1.12167e-19 0)
(5.11947 1.12511e-19 0)
(5.11947 1.12788e-19 0)
(5.11947 1.13013e-19 0)
(5.11947 1.13213e-19 0)
(5.11947 1.13425e-19 0)
(5.11947 1.1371e-19 0)
(5.11947 1.14156e-19 0)
(5.11947 1.14887e-19 0)
(5.11947 1.16073e-19 0)
(5.11947 1.18107e-19 0)
(5.11947 1.18638e-19 0)
(5.11947 1.21582e-19 0)
(5.11947 1.26726e-19 0)
(5.11947 1.24706e-19 0)
(5.11947 1.18286e-19 0)
(5.11947 1.10557e-19 0)
(5.11947 1.04443e-19 0)
(5.11947 1.05323e-19 0)
(5.11947 1.11556e-19 0)
(5.11947 1.19467e-19 0)
(5.11947 1.26712e-19 0)
(5.11947 1.32934e-19 0)
(5.11947 1.38371e-19 0)
(5.11947 1.43165e-19 0)
(5.11947 1.47426e-19 0)
(5.11947 1.51236e-19 0)
(5.11947 1.54662e-19 0)
(5.11947 1.57756e-19 0)
(5.11947 1.6056e-19 0)
(5.11947 1.6311e-19 0)
(5.11947 1.65436e-19 0)
(5.11947 1.67565e-19 0)
(5.11947 1.69522e-19 0)
(5.11947 1.71326e-19 0)
(5.11947 1.72998e-19 0)
(5.11947 1.74555e-19 0)
(5.11947 1.76012e-19 0)
(5.11947 1.77384e-19 0)
(5.11947 1.78683e-19 0)
(5.11947 1.79919e-19 0)
(5.11947 1.81105e-19 0)
(5.11947 1.82247e-19 0)
(5.11947 1.83355e-19 0)
(5.11947 1.84435e-19 0)
(5.11947 1.85492e-19 0)
(5.11947 1.86533e-19 0)
(5.11947 1.87562e-19 0)
(5.11947 1.88581e-19 0)
(5.11947 1.89596e-19 0)
(5.11947 1.90607e-19 0)
(5.11947 1.91618e-19 0)
(5.11947 1.92629e-19 0)
(5.11947 1.93643e-19 0)
(5.11947 1.9466e-19 0)
(5.11947 1.9568e-19 0)
(5.11947 1.96705e-19 0)
(5.11947 1.97734e-19 0)
(5.11947 1.98766e-19 0)
(5.11947 1.99801e-19 0)
(5.11947 2.0084e-19 0)
(5.11947 2.01879e-19 0)
(5.11947 2.0292e-19 0)
(5.11947 2.0396e-19 0)
(5.11947 2.04999e-19 0)
(5.11947 2.06034e-19 0)
(5.11947 2.07065e-19 0)
(5.11947 2.08089e-19 0)
(5.11947 2.09104e-19 0)
(5.11947 2.1011e-19 0)
(5.11947 2.11103e-19 0)
(5.11947 2.12082e-19 0)
(5.11947 2.13044e-19 0)
(5.11947 2.13986e-19 0)
(5.11947 2.14908e-19 0)
(5.11947 2.15805e-19 0)
(5.11947 2.16675e-19 0)
(5.11947 2.17515e-19 0)
(5.11947 2.18323e-19 0)
(5.11947 2.19095e-19 0)
(5.11947 2.19829e-19 0)
(5.11947 2.20522e-19 0)
(5.11947 2.21169e-19 0)
(5.11947 2.21769e-19 0)
(5.11947 2.22318e-19 0)
(5.11947 2.22813e-19 0)
(5.11947 2.23252e-19 0)
(5.11947 2.23631e-19 0)
(5.11947 2.23949e-19 0)
(5.11947 2.24203e-19 0)
(5.11947 2.24392e-19 0)
(5.11947 2.24515e-19 0)
(5.11947 2.24571e-19 0)
(5.11947 2.24562e-19 0)
(5.11947 2.24488e-19 0)
(5.11947 2.24353e-19 0)
(5.11947 2.24162e-19 0)
(5.11947 2.23919e-19 0)
(5.11947 2.23633e-19 0)
(5.11947 2.23313e-19 0)
(5.11947 2.22971e-19 0)
(5.11947 2.22621e-19 0)
(5.11947 2.2228e-19 0)
(5.11947 2.21965e-19 0)
(5.11947 2.21699e-19 0)
(5.11947 2.21505e-19 0)
(5.11947 2.21408e-19 0)
(5.11947 2.21435e-19 0)
(5.11947 2.21615e-19 0)
(5.11947 2.21978e-19 0)
(5.11947 2.22555e-19 0)
(5.11947 2.23381e-19 0)
(5.11947 2.2449e-19 0)
(5.11947 2.25927e-19 0)
(5.11947 2.2775e-19 0)
(5.11947 2.29978e-19 0)
(5.11947 2.33472e-19 0)
(5.11947 2.38499e-19 0)
(5.11947 2.41721e-19 0)
(5.11947 2.38486e-19 0)
(5.11947 2.35242e-19 0)
(5.11947 2.38608e-19 0)
(5.11947 2.41413e-19 0)
(5.11947 2.3749e-19 0)
(5.11947 2.32354e-19 0)
(5.11947 2.31979e-19 0)
(5.11947 2.34387e-19 0)
(5.11947 2.35558e-19 0)
(5.11947 2.21733e-19 0)
(5.11947 2.08185e-19 0)
(5.11947 2.10298e-19 0)
(5.11947 2.14287e-19 0)
(5.11947 2.17865e-19 0)
(5.11947 2.21199e-19 0)
(5.11947 2.24262e-19 0)
(5.11947 2.27027e-19 0)
(5.11947 2.29458e-19 0)
(5.11947 2.31517e-19 0)
(5.11947 2.33158e-19 0)
(5.11947 2.34328e-19 0)
(5.11947 2.34964e-19 0)
(5.11947 2.34996e-19 0)
(5.11947 2.34343e-19 0)
(5.11947 2.32922e-19 0)
(5.11947 2.30651e-19 0)
(5.11947 2.27458e-19 0)
(5.11947 2.23409e-19 0)
(5.11947 2.16443e-19 0)
(5.11947 2.1557e-19 0)
(5.11947 2.15591e-19 0)
(5.11947 2.0998e-19 0)
(5.11947 2.06146e-19 0)
(5.11947 1.99392e-19 0)
(5.11947 1.79755e-19 0)
(5.11947 1.60175e-19 0)
(5.11947 1.52749e-19 0)
(5.11947 1.4768e-19 0)
(5.11947 1.43247e-19 0)
(5.11947 1.39056e-19 0)
(5.11947 1.35233e-19 0)
(5.11947 1.31838e-19 0)
(5.11947 1.28874e-19 0)
(5.11947 1.26305e-19 0)
(5.11947 1.2408e-19 0)
(5.11947 1.22145e-19 0)
(5.11947 1.20448e-19 0)
(5.11947 1.18939e-19 0)
(5.11947 1.17572e-19 0)
(5.11947 1.16309e-19 0)
(5.11947 1.15119e-19 0)
(5.11947 1.13978e-19 0)
(5.11947 1.12868e-19 0)
(5.11947 1.11778e-19 0)
(5.11947 1.107e-19 0)
(5.11947 1.09632e-19 0)
(5.11947 1.08573e-19 0)
(5.11947 1.07526e-19 0)
(5.11947 1.06493e-19 0)
(5.11947 1.05477e-19 0)
(5.11947 1.04481e-19 0)
(5.11947 1.0351e-19 0)
(5.11947 1.02565e-19 0)
(5.11947 1.01649e-19 0)
(5.11947 1.00764e-19 0)
(5.11947 9.99111e-20 0)
(5.11947 9.90901e-20 0)
(5.11947 9.83012e-20 0)
(5.11947 9.75441e-20 0)
(5.11947 9.6818e-20 0)
(5.11947 9.61219e-20 0)
(5.11947 9.54544e-20 0)
(5.11947 9.48142e-20 0)
(5.11947 9.41996e-20 0)
(5.11947 9.36091e-20 0)
(5.11947 9.30411e-20 0)
(5.11947 9.24939e-20 0)
(5.11947 9.19662e-20 0)
(5.11947 9.14564e-20 0)
(5.11947 9.09632e-20 0)
(5.11947 9.04853e-20 0)
(5.11947 9.00214e-20 0)
(5.11947 8.95705e-20 0)
(5.11947 8.91316e-20 0)
(5.11947 8.87038e-20 0)
(5.11947 8.82863e-20 0)
(5.11947 8.78784e-20 0)
(5.11947 8.74794e-20 0)
(5.11947 8.70888e-20 0)
(5.11947 8.67061e-20 0)
(5.11947 8.63308e-20 0)
(5.11947 8.59627e-20 0)
(5.11947 8.56014e-20 0)
(5.11947 8.52466e-20 0)
(5.11947 8.48981e-20 0)
(5.11947 8.45557e-20 0)
(5.11947 8.42193e-20 0)
(5.11947 8.38888e-20 0)
(5.11947 8.35639e-20 0)
(5.11947 8.32447e-20 0)
(5.11947 8.29311e-20 0)
(5.11947 8.2623e-20 0)
(5.11947 8.23204e-20 0)
(5.11947 8.20232e-20 0)
(5.11947 8.17315e-20 0)
(5.11947 8.14451e-20 0)
(5.11947 8.11641e-20 0)
(5.11947 8.08885e-20 0)
(5.11947 8.06183e-20 0)
(5.11947 8.03533e-20 0)
(5.11947 8.00937e-20 0)
(5.11947 7.98394e-20 0)
(5.11947 7.95904e-20 0)
(5.11947 7.93466e-20 0)
(5.11947 7.9108e-20 0)
(5.11947 7.88747e-20 0)
(5.11947 7.86466e-20 0)
(5.11947 7.84236e-20 0)
(5.11947 7.82057e-20 0)
(5.11947 7.79929e-20 0)
(5.11947 7.77851e-20 0)
(5.11947 7.75823e-20 0)
(5.11947 7.73845e-20 0)
(5.11947 7.71915e-20 0)
(5.11947 7.70034e-20 0)
(5.11947 7.682e-20 0)
(5.11947 7.66413e-20 0)
(5.11947 7.64673e-20 0)
(5.11947 7.62979e-20 0)
(5.11947 7.6133e-20 0)
(5.11947 7.59725e-20 0)
(5.11947 7.58164e-20 0)
(5.11947 7.56646e-20 0)
(5.11947 7.5517e-20 0)
(5.11947 7.53736e-20 0)
(5.11947 7.52342e-20 0)
(5.11947 7.50988e-20 0)
(5.11947 7.49673e-20 0)
(5.11947 7.48397e-20 0)
(5.11947 7.47158e-20 0)
(5.11947 7.45956e-20 0)
(5.11947 7.4479e-20 0)
(5.11947 7.43658e-20 0)
(5.11947 7.42562e-20 0)
(5.11947 7.41498e-20 0)
(5.11947 7.40468e-20 0)
(5.11947 7.39469e-20 0)
(5.11947 7.38501e-20 0)
(5.11947 7.37564e-20 0)
(5.11947 7.36656e-20 0)
(5.11947 7.35777e-20 0)
(5.11947 7.34926e-20 0)
(5.11947 7.34103e-20 0)
(5.11947 7.33306e-20 0)
(5.11947 7.32535e-20 0)
(5.11947 7.31789e-20 0)
(5.11947 7.31067e-20 0)
(5.11947 7.3037e-20 0)
(5.11947 7.29695e-20 0)
(5.11947 7.29043e-20 0)
(5.11947 7.28412e-20 0)
(5.11947 7.27803e-20 0)
(5.11947 7.27214e-20 0)
(5.11947 7.26645e-20 0)
(5.11947 7.26095e-20 0)
(5.11947 7.25564e-20 0)
(5.11947 7.25052e-20 0)
(5.11947 7.24557e-20 0)
(5.11947 7.24079e-20 0)
(5.11947 7.23617e-20 0)
(5.11947 7.23172e-20 0)
(5.11947 7.22742e-20 0)
(5.11947 7.22327e-20 0)
(5.11947 7.21926e-20 0)
(5.11947 7.2154e-20 0)
(5.11947 7.21168e-20 0)
(5.11947 7.20808e-20 0)
(5.11947 7.20462e-20 0)
(5.11947 7.20128e-20 0)
(5.11947 7.19806e-20 0)
(5.11947 7.19495e-20 0)
(5.11947 7.19196e-20 0)
(5.11947 7.18908e-20 0)
(5.11947 7.1863e-20 0)
(5.11947 7.18362e-20 0)
(5.11947 7.18104e-20 0)
(5.11947 7.17856e-20 0)
(5.11947 7.17617e-20 0)
(5.11947 7.17386e-20 0)
(5.11947 7.17165e-20 0)
(5.11947 7.16951e-20 0)
(5.11947 7.16746e-20 0)
(5.11947 7.16548e-20 0)
(5.11947 7.16358e-20 0)
(5.11947 7.16175e-20 0)
(5.11947 7.15999e-20 0)
(5.11947 7.1583e-20 0)
(5.11947 7.15667e-20 0)
(5.11947 7.15511e-20 0)
(5.11947 7.1536e-20 0)
(5.11947 7.15216e-20 0)
(5.11947 7.15077e-20 0)
(5.11947 7.14944e-20 0)
(5.11947 7.14815e-20 0)
(5.11947 7.14692e-20 0)
(5.11947 7.14574e-20 0)
(5.11947 7.14461e-20 0)
(5.11947 7.14352e-20 0)
(5.11947 7.14248e-20 0)
(5.11947 7.14147e-20 0)
(5.11947 7.14051e-20 0)
(5.11947 7.13959e-20 0)
(5.11947 7.1387e-20 0)
(5.11947 7.13786e-20 0)
(5.11947 7.13704e-20 0)
(5.11947 7.13626e-20 0)
(5.11947 7.13552e-20 0)
(5.11947 7.1348e-20 0)
(5.11947 7.13411e-20 0)
(5.11947 7.13346e-20 0)
(5.11947 7.13283e-20 0)
(5.11947 7.13223e-20 0)
(5.11947 7.13165e-20 0)
(5.11947 7.1311e-20 0)
(5.11947 7.13057e-20 0)
(5.11947 7.13006e-20 0)
(5.11947 7.12958e-20 0)
(5.11947 7.12911e-20 0)
(5.11947 7.12867e-20 0)
(5.11947 7.12824e-20 0)
(5.11947 7.12784e-20 0)
(5.11947 7.12745e-20 0)
(5.11947 7.12708e-20 0)
(5.11947 7.12672e-20 0)
(5.11947 7.12638e-20 0)
(5.11947 7.12605e-20 0)
(5.11947 7.12574e-20 0)
(5.11947 7.12544e-20 0)
(5.11947 7.12515e-20 0)
(5.11947 7.12488e-20 0)
(5.11947 7.12461e-20 0)
(5.11947 7.12436e-20 0)
(5.11947 7.12412e-20 0)
(5.11947 7.12389e-20 0)
(5.11947 7.12366e-20 0)
(5.11947 7.12345e-20 0)
(5.11947 7.12324e-20 0)
(5.11947 7.12304e-20 0)
(5.11947 7.12285e-20 0)
(5.11947 7.12266e-20 0)
(5.11947 7.12248e-20 0)
(5.11947 7.12231e-20 0)
(5.11947 7.12214e-20 0)
(5.11947 7.12197e-20 0)
(5.11947 7.12181e-20 0)
(5.11947 7.12166e-20 0)
(5.11947 7.12151e-20 0)
(5.11947 7.12136e-20 0)
(5.11947 7.12121e-20 0)
(5.11947 7.12107e-20 0)
(5.11947 7.12093e-20 0)
(5.11947 7.12079e-20 0)
(5.11947 7.12065e-20 0)
(5.11947 7.12051e-20 0)
(5.11947 7.12037e-20 0)
(5.11947 7.12024e-20 0)
(5.11947 7.1201e-20 0)
(5.11947 7.11996e-20 0)
(5.11947 7.11982e-20 0)
(5.11947 7.11968e-20 0)
(5.11947 7.11954e-20 0)
(5.11947 7.1194e-20 0)
(5.11947 7.11925e-20 0)
(5.11947 7.1191e-20 0)
(5.11947 7.11895e-20 0)
(5.11947 7.11879e-20 0)
(5.11947 7.11863e-20 0)
(5.11947 7.11847e-20 0)
(5.11947 7.1183e-20 0)
(5.11947 7.11813e-20 0)
(5.11947 7.11795e-20 0)
(5.11947 7.11777e-20 0)
(5.11947 7.11758e-20 0)
(5.11947 7.11738e-20 0)
(5.11947 7.11717e-20 0)
(5.11947 7.11696e-20 0)
(5.11947 7.11674e-20 0)
(5.11947 7.11651e-20 0)
(5.11947 7.11628e-20 0)
(5.11947 7.11603e-20 0)
(5.11947 7.11578e-20 0)
(5.11947 7.11551e-20 0)
(5.11947 7.11523e-20 0)
(5.11947 7.11494e-20 0)
(5.11947 7.11464e-20 0)
(5.11947 7.11433e-20 0)
(5.11947 7.11401e-20 0)
(5.11947 7.11367e-20 0)
(5.11947 7.11332e-20 0)
(5.11947 7.11295e-20 0)
(5.11947 7.11257e-20 0)
(5.11947 7.11217e-20 0)
(5.11947 7.11175e-20 0)
(5.11947 7.11132e-20 0)
(5.11947 7.11088e-20 0)
(5.11947 7.11041e-20 0)
(5.11947 7.10992e-20 0)
(5.11947 7.10942e-20 0)
(5.11947 7.10889e-20 0)
(5.11947 7.10835e-20 0)
(5.11947 7.10778e-20 0)
(5.11947 7.10719e-20 0)
(5.11947 7.10658e-20 0)
(5.11947 7.10594e-20 0)
(5.11947 7.10528e-20 0)
(5.11947 7.10459e-20 0)
(5.11947 7.10388e-20 0)
(5.11947 7.10314e-20 0)
(5.11947 7.10237e-20 0)
(5.11947 7.10158e-20 0)
(5.11947 7.10076e-20 0)
(5.11947 7.0999e-20 0)
(5.11947 7.09902e-20 0)
(5.11947 7.0981e-20 0)
(5.11947 7.09715e-20 0)
(5.11947 7.09617e-20 0)
(5.11947 7.09515e-20 0)
(5.11947 7.0941e-20 0)
(5.11947 7.09301e-20 0)
(5.11947 7.09189e-20 0)
(5.11947 7.09073e-20 0)
(5.11947 7.08953e-20 0)
(5.11947 7.0883e-20 0)
(5.11947 7.08702e-20 0)
(5.11947 7.0857e-20 0)
(5.11947 7.08434e-20 0)
(5.11947 7.08294e-20 0)
(5.11947 7.0815e-20 0)
(5.11947 7.08002e-20 0)
(5.11947 7.07849e-20 0)
(5.11947 7.07691e-20 0)
(5.11947 7.07529e-20 0)
(5.11947 7.07363e-20 0)
(5.11947 7.07192e-20 0)
(5.11947 7.07016e-20 0)
(5.11947 7.06836e-20 0)
(5.11947 7.06651e-20 0)
(5.11947 7.06462e-20 0)
(5.11947 7.06267e-20 0)
(5.11947 7.06068e-20 0)
(5.11947 7.05865e-20 0)
(5.11947 7.05656e-20 0)
(5.11947 7.05443e-20 0)
(5.11947 7.05225e-20 0)
(5.11947 7.05003e-20 0)
(5.11947 7.04776e-20 0)
(5.11947 7.04545e-20 0)
(5.11947 7.04309e-20 0)
(5.11947 7.04069e-20 0)
(5.11947 7.03825e-20 0)
(5.11947 7.03577e-20 0)
(5.11947 7.03326e-20 0)
(5.11947 7.0307e-20 0)
(5.11947 7.02812e-20 0)
(5.11947 7.0255e-20 0)
(5.11947 7.02285e-20 0)
(5.11947 7.02018e-20 0)
(5.11947 7.01749e-20 0)
(5.11947 7.01477e-20 0)
(5.11947 7.01204e-20 0)
(5.11947 7.0093e-20 0)
(5.11947 7.00656e-20 0)
(5.11947 7.00381e-20 0)
(5.11947 7.00107e-20 0)
(5.11947 6.99834e-20 0)
(5.11947 6.99562e-20 0)
(5.11947 6.99293e-20 0)
(5.11947 6.99027e-20 0)
(5.11947 6.98765e-20 0)
(5.11947 6.98507e-20 0)
(5.11947 6.98256e-20 0)
(5.11947 6.9801e-20 0)
(5.11947 6.97773e-20 0)
(5.11947 6.97545e-20 0)
(5.11947 6.97326e-20 0)
(5.11947 6.97119e-20 0)
(5.11947 6.96924e-20 0)
(5.11947 6.96743e-20 0)
(5.11947 6.96578e-20 0)
(5.11947 6.9643e-20 0)
(5.11947 6.963e-20 0)
(5.11947 6.96191e-20 0)
(5.11947 6.96104e-20 0)
(5.11947 6.96042e-20 0)
(5.11947 6.96005e-20 0)
(5.11947 6.95997e-20 0)
(5.11947 6.9602e-20 0)
(5.11947 6.96076e-20 0)
(5.11947 6.96166e-20 0)
(5.11947 6.96295e-20 0)
(5.11947 6.96464e-20 0)
(5.11947 6.96676e-20 0)
(5.11947 6.96933e-20 0)
(5.11947 6.97239e-20 0)
(5.11947 6.97597e-20 0)
(5.11947 6.98009e-20 0)
(5.11947 6.98478e-20 0)
(5.11947 6.99008e-20 0)
(5.11947 6.99601e-20 0)
(5.11947 7.0026e-20 0)
(5.11947 7.0099e-20 0)
(5.11947 7.01792e-20 0)
(5.11947 7.0267e-20 0)
(5.11947 7.03626e-20 0)
(5.11947 7.04665e-20 0)
(5.11947 7.05788e-20 0)
(5.11947 7.06998e-20 0)
(5.11947 7.08297e-20 0)
(5.11947 7.09689e-20 0)
(5.11947 7.11174e-20 0)
(5.11948 7.12755e-20 0)
(5.11948 7.14433e-20 0)
(5.11948 7.16209e-20 0)
(5.11948 7.18083e-20 0)
(5.11948 7.20055e-20 0)
(5.11948 7.22126e-20 0)
(5.11948 7.24293e-20 0)
(5.11948 7.26554e-20 0)
(5.11948 7.28908e-20 0)
(5.11948 7.31351e-20 0)
(5.11948 7.33878e-20 0)
(5.11949 7.36485e-20 0)
(5.11949 7.39166e-20 0)
(5.11949 7.41914e-20 0)
(5.11949 7.44723e-20 0)
(5.11949 7.47583e-20 0)
(5.1195 7.50488e-20 0)
(5.1195 7.53428e-20 0)
(5.1195 7.56395e-20 0)
(5.1195 7.59381e-20 0)
(5.11951 7.62379e-20 0)
(5.11951 7.65386e-20 0)
(5.11952 7.68399e-20 0)
(5.11952 7.71421e-20 0)
(5.11953 7.7446e-20 0)
(5.11953 7.77531e-20 0)
(5.11954 7.8066e-20 0)
(5.11955 7.83885e-20 0)
(5.11955 7.87263e-20 0)
(5.11956 7.90869e-20 0)
(5.11957 7.94807e-20 0)
(5.11958 7.99214e-20 0)
(5.11959 8.04272e-20 0)
(5.11961 8.10217e-20 0)
(5.11962 8.1735e-20 0)
(5.11964 8.2606e-20 0)
(5.11965 8.36834e-20 0)
(5.11967 8.50282e-20 0)
(5.11969 8.67148e-20 0)
(5.11971 8.85235e-20 0)
(5.11974 8.88292e-20 0)
(5.11977 8.59772e-20 0)
(5.1198 8.06241e-20 0)
(5.11984 7.50854e-20 0)
(5.1199 7.18377e-20 0)
(5.11997 6.97498e-20 0)
(5.12008 6.69055e-20 0)
(5.12023 6.62163e-20 0)
(5.12044 6.68612e-20 0)
(5.12073 6.62458e-20 0)
(5.12114 6.64775e-20 0)
(5.12167 6.78436e-20 0)
(5.12235 7.05055e-20 0)
(5.12319 7.41582e-20 0)
(5.12418 7.30636e-20 0)
(5.12533 6.86307e-20 0)
(5.12661 7.17108e-20 0)
(5.12801 7.655e-20 0)
(5.12949 7.68829e-20 0)
(5.13106 7.57238e-20 0)
(5.13268 7.48931e-20 0)
(5.13435 7.50525e-20 0)
(5.13606 7.50162e-20 0)
(5.1378 7.35133e-20 0)
(5.13958 6.80208e-20 0)
(5.14137 6.19782e-20 0)
(5.1432 6.12179e-20 0)
(5.14504 6.55708e-20 0)
(5.1469 5.27965e-20 0)
(5.14878 4.8524e-20 0)
(5.15068 4.32619e-20 0)
(5.1526 3.36165e-20 0)
(5.15454 4.06543e-20 0)
(5.15649 4.21998e-20 0)
(5.15846 4.04612e-20 0)
(5.16045 3.48154e-20 0)
(5.16246 3.38088e-20 0)
(5.16448 3.65575e-20 0)
(5.16652 4.15172e-20 0)
(5.16858 4.71632e-20 0)
(5.17065 5.26594e-20 0)
(5.17274 5.81038e-20 0)
(5.17485 6.04215e-20 0)
(5.17697 5.69229e-20 0)
(5.17911 5.25337e-20 0)
(5.18127 5.16476e-20 0)
(5.18345 4.36843e-20 0)
(5.18564 4.87355e-20 0)
(5.18784 5.91887e-20 0)
(5.19007 5.78651e-20 0)
(5.19231 5.77573e-20 0)
(5.19456 5.26038e-20 0)
(5.19684 4.80777e-20 0)
(5.19913 4.74277e-20 0)
(5.20144 4.95641e-20 0)
(5.20376 5.28804e-20 0)
(5.2061 5.74069e-20 0)
(5.20846 6.32179e-20 0)
(5.21084 6.8784e-20 0)
(5.21323 7.34419e-20 0)
(5.21564 7.71967e-20 0)
(5.21806 8.07243e-20 0)
(5.22051 8.56239e-20 0)
(5.22297 9.12076e-20 0)
(5.22545 9.52105e-20 0)
(5.22794 9.77293e-20 0)
(5.23046 1.00224e-19 0)
(5.23299 1.043e-19 0)
(5.23553 1.08405e-19 0)
(5.2381 1.10964e-19 0)
(5.24068 1.13621e-19 0)
(5.24328 1.17235e-19 0)
(5.2459 1.19356e-19 0)
(5.24853 1.20041e-19 0)
(5.25118 1.21075e-19 0)
(5.25385 1.19965e-19 0)
(5.25654 1.1667e-19 0)
(5.25924 1.13943e-19 0)
(5.26197 1.15556e-19 0)
(5.26471 1.20283e-19 0)
(5.26747 1.21107e-19 0)
(5.27024 1.18747e-19 0)
(5.27304 1.2018e-19 0)
(5.27585 1.2526e-19 0)
(5.27868 1.28318e-19 0)
(5.28153 1.30654e-19 0)
(5.28439 1.31405e-19 0)
(5.28728 1.29117e-19 0)
(5.29018 1.30975e-19 0)
(5.2931 1.34496e-19 0)
(5.29604 1.21059e-19 0)
(5.299 1.06992e-19 0)
(5.30198 1.09482e-19 0)
(5.30497 1.10692e-19 0)
(5.30799 1.0819e-19 0)
(5.31102 1.08034e-19 0)
(5.31407 1.12061e-19 0)
(5.31715 1.18587e-19 0)
(5.32024 1.25407e-19 0)
(5.32335 1.31072e-19 0)
(5.32647 1.3467e-19 0)
(5.32962 1.36783e-19 0)
(5.33279 1.38433e-19 0)
(5.33598 1.41141e-19 0)
(5.33918 1.40172e-19 0)
(5.34241 1.34472e-19 0)
(5.34566 1.32463e-19 0)
(5.34893 1.3435e-19 0)
(5.35221 1.34037e-19 0)
(5.35552 1.34833e-19 0)
(5.35885 1.39374e-19 0)
(5.3622 1.40195e-19 0)
(5.36556 1.36665e-19 0)
(5.36895 1.33337e-19 0)
(5.37236 1.32442e-19 0)
(5.3758 1.30417e-19 0)
(5.37925 1.28387e-19 0)
(5.38272 1.25743e-19 0)
(5.38622 1.18716e-19 0)
(5.38973 1.13673e-19 0)
(5.39327 1.13847e-19 0)
(5.39683 1.11994e-19 0)
(5.40041 1.04995e-19 0)
(5.40401 9.87301e-20 0)
(5.40764 9.27357e-20 0)
(5.41128 8.5655e-20 0)
(5.41495 8.32969e-20 0)
(5.41865 8.42275e-20 0)
(5.42236 8.0477e-20 0)
(5.4261 7.29946e-20 0)
(5.42985 6.77862e-20 0)
(5.43364 6.75252e-20 0)
(5.43744 7.1447e-20 0)
(5.44127 7.61828e-20 0)
(5.44512 7.56443e-20 0)
(5.44899 6.9663e-20 0)
(5.45289 6.58575e-20 0)
(5.45681 6.78321e-20 0)
(5.46075 7.17909e-20 0)
(5.46472 7.15623e-20 0)
(5.46871 6.79293e-20 0)
(5.47272 6.63989e-20 0)
(5.47676 6.57495e-20 0)
(5.48082 6.33563e-20 0)
(5.4849 6.05213e-20 0)
(5.489 6.01715e-20 0)
(5.49313 6.0093e-20 0)
(5.49728 5.02574e-20 0)
(5.50146 4.04939e-20 0)
(5.50566 4.03529e-20 0)
(5.50988 3.93629e-20 0)
(5.51412 3.6672e-20 0)
(5.51838 3.58821e-20 0)
(5.52267 3.61954e-20 0)
(5.52698 3.91595e-20 0)
(5.53131 4.31537e-20 0)
(5.53566 4.45789e-20 0)
(5.54003 4.79028e-20 0)
(5.54442 5.05675e-20 0)
(5.54883 4.91776e-20 0)
(5.55326 4.80061e-20 0)
(5.5577 4.7138e-20 0)
(5.56217 4.98138e-20 0)
(5.56665 5.54487e-20 0)
(5.57115 5.86954e-20 0)
(5.57566 5.74752e-20 0)
(5.58019 5.37974e-20 0)
(5.58473 5.41452e-20 0)
(5.58928 5.58892e-20 0)
(5.59385 5.50264e-20 0)
(5.59842 5.42083e-20 0)
(5.60301 5.52717e-20 0)
(5.6076 5.33733e-20 0)
(5.6122 4.6858e-20 0)
(5.6168 4.10193e-20 0)
(5.62141 4.11301e-20 0)
(5.62601 4.59166e-20 0)
(5.63062 4.64586e-20 0)
(5.63522 4.40479e-20 0)
(5.63982 4.27208e-20 0)
(5.6444 4.09353e-20 0)
(5.64898 4.123e-20 0)
(5.65354 4.36188e-20 0)
(5.65808 4.45316e-20 0)
(5.6626 4.57941e-20 0)
(5.66709 4.84117e-20 0)
(5.67154 4.80602e-20 0)
(5.67596 4.47611e-20 0)
(5.68034 4.29174e-20 0)
(5.68467 4.06014e-20 0)
(5.68893 2.8248e-20 0)
(5.69314 1.95858e-20 0)
(5.69727 1.82465e-20 0)
(5.70131 1.44005e-20 0)
(5.70527 1.03099e-20 0)
(5.70911 4.62196e-21 0)
(5.71284 8.95508e-22 0)
(5.71644 2.68708e-22 0)
(5.71995 2.48301e-21 0)
(5.72341 6.12902e-21 0)
(5.72683 9.69577e-21 0)
(5.73021 1.39033e-20 0)
(5.73354 1.87898e-20 0)
(5.73681 2.06363e-20 0)
(5.74003 1.85654e-20 0)
(5.74318 1.67945e-20 0)
(5.74627 1.88899e-20 0)
(5.74927 2.21872e-20 0)
(5.7522 2.76363e-20 0)
(5.75504 3.26177e-20 0)
(5.75778 3.51115e-20 0)
(5.76041 3.76812e-20 0)
(5.76294 3.75939e-20 0)
(5.76534 3.77088e-20 0)
(5.7676 4.09257e-20 0)
(5.76973 4.42904e-20 0)
(5.7717 4.70783e-20 0)
(5.77351 5.15886e-20 0)
(5.77513 5.63941e-20 0)
(5.77657 5.93095e-20 0)
(5.77779 6.11099e-20 0)
(5.77879 6.23795e-20 0)
(5.77955 6.44826e-20 0)
(5.78006 6.89922e-20 0)
(5.7803 7.36339e-20 0)
(5.78025 7.71116e-20 0)
(5.77991 7.79644e-20 0)
(5.77925 7.58908e-20 0)
(5.77826 7.54592e-20 0)
(5.77692 7.73413e-20 0)
(5.77522 7.82481e-20 0)
(5.77315 7.93554e-20 0)
(5.77068 7.87921e-20 0)
(5.76781 7.80636e-20 0)
(5.76453 7.95461e-20 0)
(5.76081 8.13552e-20 0)
(5.75666 8.37061e-20 0)
(5.75206 8.5812e-20 0)
(5.747 8.67886e-20 0)
(5.74147 8.74253e-20 0)
(5.73547 8.85901e-20 0)
(5.72899 8.88362e-20 0)
(5.72202 8.48493e-20 0)
(5.71456 7.73914e-20 0)
(5.70661 7.00493e-20 0)
(5.69815 6.70317e-20 0)
(5.6892 7.2776e-20 0)
(5.67974 7.88217e-20 0)
(5.66978 8.02678e-20 0)
(5.65931 7.74405e-20 0)
(5.64833 6.97471e-20 0)
(5.63684 6.30924e-20 0)
(5.62484 5.87252e-20 0)
(5.61234 5.3689e-20 0)
(5.59932 4.86027e-20 0)
(5.58579 4.82109e-20 0)
(5.57175 4.78827e-20 0)
(5.55719 4.43912e-20 0)
(5.54212 4.06444e-20 0)
(5.52654 3.68208e-20 0)
(5.51045 3.46965e-20 0)
(5.49384 3.30197e-20 0)
(5.47671 3.16997e-20 0)
(5.45906 3.20344e-20 0)
(5.44089 2.95387e-20 0)
(5.4222 2.33057e-20 0)
(5.40298 1.74683e-20 0)
(5.38322 1.24911e-20 0)
(5.36294 5.54764e-21 0)
(5.34208 -8.87353e-21 0)
(5.32054 -2.30388e-20 0)
(5.29821 -2.9474e-20 0)
(5.27507 -3.29766e-20 0)
(5.25112 -3.52631e-20 0)
(5.22635 -3.788e-20 0)
(5.20077 -4.09255e-20 0)
(5.17439 -4.28333e-20 0)
(5.14721 -4.29693e-20 0)
(5.11925 -4.12988e-20 0)
(5.09051 -3.74333e-20 0)
(5.06099 -3.36988e-20 0)
(5.0307 -4.44544e-20 0)
(4.99964 -5.41119e-20 0)
(4.96782 -5.56562e-20 0)
(4.93524 -5.56077e-20 0)
(4.90189 -4.92616e-20 0)
(4.86778 -4.63113e-20 0)
(4.83287 -4.68961e-20 0)
(4.79717 -4.95344e-20 0)
(4.76063 -5.36656e-20 0)
(4.72326 -6.10336e-20 0)
(4.68503 -6.4769e-20 0)
(4.64591 -6.8319e-20 0)
(4.60588 -7.51051e-20 0)
(4.56491 -7.81961e-20 0)
(4.52299 -7.99875e-20 0)
(4.48007 -8.14637e-20 0)
(4.43614 -8.22069e-20 0)
(4.39114 -8.24162e-20 0)
(4.34505 -8.31002e-20 0)
(4.29783 -8.36279e-20 0)
(4.24943 -8.2513e-20 0)
(4.1998 -8.06772e-20 0)
(4.14889 -7.9044e-20 0)
(4.09663 -7.67274e-20 0)
(4.04298 -7.39986e-20 0)
(3.98784 -7.07125e-20 0)
(3.93115 -6.81583e-20 0)
(3.8728 -7.09057e-20 0)
(3.81262 -7.33897e-20 0)
(3.75043 -7.00265e-20 0)
(3.6861 -6.52307e-20 0)
(3.61955 -6.11628e-20 0)
(3.55065 -5.76766e-20 0)
(3.47926 -5.40844e-20 0)
(3.40521 -5.0469e-20 0)
(3.32834 -4.68802e-20 0)
(3.2484 -4.33576e-20 0)
(3.16518 -3.99311e-20 0)
(3.0784 -3.66218e-20 0)
(2.98779 -3.34437e-20 0)
(2.89302 -3.04051e-20 0)
(2.79378 -2.75101e-20 0)
(2.68971 -2.47597e-20 0)
(2.58048 -2.21529e-20 0)
(2.46569 -1.96874e-20 0)
(2.34462 -1.73529e-20 0)
(2.21646 -1.51395e-20 0)
(2.08085 -1.3046e-20 0)
(1.93775 -1.10764e-20 0)
(1.78746 -9.23811e-21 0)
(1.63065 -7.54136e-21 0)
(1.46833 -5.99791e-21 0)
(1.30172 -4.61873e-21 0)
(1.13205 -3.4121e-21 0)
(0.960335 -2.38272e-21 0)
(0.787311 -1.53194e-21 0)
(0.613417 -8.58816e-22 0)
(0.43887 -3.61215e-22 0)
(0.263756 -3.66593e-23 0)
(0.088099 4.1473e-23 0)
)
;

boundaryField
{
    top_wall
    {
        type            noSlip;
    }
    inlet
    {
        type            cyclic;
    }
    bot_wall
    {
        type            noSlip;
    }
    outlet
    {
        type            cyclic;
    }
    frontAndBack
    {
        type            empty;
    }
}


// ************************************************************************* //
