# y_plus_values_1, u_plus_values_1
1.574808, 1.573164
4.724428, 4.719481
7.874038, 5.817069
11.023653, 6.509822
14.173268, 7.202574
17.322884, 7.744801
20.472499, 8.139506
23.622114, 8.534186
26.771782, 8.905555
29.921397, 9.166943
33.071012, 9.428331
36.220627, 9.689696
39.370243, 9.893782
42.519858, 10.087332
45.669473, 10.280882
48.819088, 10.453695
51.968704, 10.606986
55.118266, 10.760301
58.267882, 10.908681
61.417497, 11.035538
64.567112, 11.162371
67.716727, 11.289203
70.866342, 11.400113
74.015958, 11.508306
77.165573, 11.616499
80.315188, 11.717445
83.464803, 11.811813
86.614419, 11.906204
89.764034, 11.998498
92.913649, 12.082235
96.063264, 12.165948
99.212879, 12.249685
102.362495, 12.326104
105.512110, 12.401379
108.661725, 12.476653
111.811340, 12.548281
114.960956, 12.616691
118.110571, 12.685101
121.260186, 12.752367
124.409801, 12.815080
127.559416, 12.877817
130.709032, 12.940554
133.858647, 12.999096
137.008262, 13.057066
140.157877, 13.115012
143.307493, 13.170741
146.457108, 13.224587
149.606723, 13.278457
152.756338, 13.331564
155.905953, 13.381906
159.055569, 13.432248
162.205184, 13.482591
165.354799, 13.530215
168.504414, 13.577483
171.654030, 13.624750
174.803645, 13.670539
177.953260, 13.715089
181.102875, 13.759639
184.252490, 13.803665
187.402106, 13.845831
190.551721, 13.887997
193.701336, 13.930164
196.850951, 13.970423
200.000567, 14.010444
203.150182, 14.050489
206.299797, 14.089414
209.449412, 14.127528
212.599027, 14.165642
215.748643, 14.203351
218.898258, 14.239701
222.047873, 14.276075
225.197488, 14.312449
228.347104, 14.347393
231.496719, 14.382194
234.646334, 14.416995
237.795949, 14.450962
240.945564, 14.484309
244.095180, 14.517656
247.244795, 14.550693
250.394410, 14.582752
253.544025, 14.614788
256.693641, 14.646848
259.843256, 14.677764
262.993395, 14.708608
266.143011, 14.739428
269.292626, 14.769629
272.442241, 14.799352
275.591856, 14.829076
278.741472, 14.858538
281.891087, 14.887237
285.040702, 14.915912
288.190317, 14.944611
291.339932, 14.972404
294.489548, 15.000125
297.639163, 15.027871
300.788778, 15.055068
303.938393, 15.081907
307.088009, 15.108747
310.237624, 15.135372
313.387239, 15.161401
316.536854, 15.187407
319.686469, 15.213436
322.836085, 15.238726
325.985700, 15.263945
329.135315, 15.289187
332.284930, 15.313977
335.434546, 15.338504
338.584161, 15.363008
341.733776, 15.387345
344.883391, 15.411157
348.033006, 15.434994
351.182622, 15.458806
354.332237, 15.482022
357.481852, 15.505215
360.631467, 15.528408
363.781083, 15.551195
366.930698, 15.573792
370.080313, 15.596365
373.229928, 15.618771
376.379543, 15.640772
379.529159, 15.662773
382.678774, 15.684774
385.828389, 15.706274
388.978004, 15.727750
392.127619, 15.749203
395.277235, 15.770346
398.426850, 15.791298
401.576465, 15.812250
404.726080, 15.833059
407.875696, 15.853510
411.025311, 15.873986
414.174926, 15.894437
417.324541, 15.914460
420.474156, 15.934458
423.623772, 15.954481
426.773387, 15.974193
429.923002, 15.993739
433.072617, 16.013309
436.222233, 16.032735
439.371848, 16.051876
442.521463, 16.071016
445.671078, 16.090157
448.820693, 16.108916
451.970309, 16.127651
455.119924, 16.146386
458.269539, 16.164883
461.419154, 16.183237
464.568770, 16.201591
467.718385, 16.219850
470.868000, 16.237846
474.017615, 16.255842
477.167230, 16.273839
480.316846, 16.291478
483.466461, 16.309116
486.616076, 16.326779
489.765691, 16.344203
492.915307, 16.361508
496.064922, 16.378814
499.214537, 16.396023
502.364152, 16.412995
505.513767, 16.429990
508.663383, 16.446961
511.812998, 16.463647
514.962613, 16.480332
518.112228, 16.497017
521.261844, 16.513488
524.411459, 16.529888
527.563172, 16.546263
530.709640, 16.562543
533.861353, 16.578657
537.007822, 16.594746
540.159535, 16.610836
543.311248, 16.626663
546.457717, 16.642490
549.609429, 16.658294
552.755898, 16.673954
555.907611, 16.689519
559.059324, 16.705060
562.205793, 16.720554
565.357506, 16.735857
568.503974, 16.751160
571.655687, 16.766439
574.807400, 16.781503
577.953869, 16.796568
581.105582, 16.811632
584.252050, 16.826530
587.403763, 16.841356
590.555476, 16.856182
593.701945, 16.870913
596.853658, 16.885524
600.000126, 16.900112
603.151839, 16.914700
606.303552, 16.929073
609.450021, 16.943423
612.601734, 16.957796
615.748203, 16.972026
618.899915, 16.986185
622.051628, 17.000344
625.198097, 17.014431
628.349810, 17.028375
631.496279, 17.042319
634.647992, 17.056263
637.799704, 17.070017
640.946173, 17.083770
644.097886, 17.097524
647.244355, 17.111134
650.396068, 17.124697
653.547781, 17.138260
656.694249, 17.151728
659.845962, 17.165100
662.992431, 17.178472
666.144144, 17.191820
669.295857, 17.205002
672.442325, 17.218183
675.594038, 17.231365
678.740507, 17.244427
681.892220, 17.257441
685.043933, 17.270432
688.190402, 17.283375
691.342114, 17.296223
694.488583, 17.309047
697.640296, 17.321871
700.792009, 17.334552
703.938478, 17.347209
707.090190, 17.359890
710.236659, 17.372427
713.388372, 17.384941
716.540085, 17.397455
719.686554, 17.409874
722.838267, 17.422221
725.984735, 17.434568
729.136448, 17.446892
732.288161, 17.459096
735.434630, 17.471276
738.586343, 17.483457
741.732811, 17.495542
744.884524, 17.507603
748.036237, 17.519640
751.182706, 17.531630
754.334419, 17.543524
757.480888, 17.555418
760.632600, 17.567289
763.784313, 17.579040
766.930782, 17.590791
770.082495, 17.602543
773.228964, 17.614198
776.380677, 17.625807
779.532389, 17.637439
782.678858, 17.648999
785.830571, 17.660465
788.977040, 17.671954
792.128753, 17.683395
795.280466, 17.694741
798.426934, 17.706087
801.578647, 17.717433
804.725116, 17.728684
807.876829, 17.739911
811.028542, 17.751114
814.175010, 17.762293
817.326723, 17.773377
820.473192, 17.784485
823.624905, 17.795568
826.776618, 17.806533
829.923086, 17.817498
833.074799, 17.828462
836.221268, 17.839332
839.372981, 17.850201
842.524694, 17.861047
845.671163, 17.871844
848.822875, 17.882571
851.969344, 17.893297
855.121057, 17.904023
858.272770, 17.914630
861.419239, 17.925238
864.570952, 17.935869
867.717420, 17.946404
870.869133, 17.956892
874.020846, 17.967404
877.167315, 17.977868
880.319028, 17.988261
883.465496, 17.998653
886.617209, 18.009046
889.768922, 18.019319
892.915391, 18.029617
896.067104, 18.039890
899.213573, 18.050092
902.365285, 18.060294
905.516998, 18.070472
908.663467, 18.080602
911.815180, 18.090685
914.961649, 18.100768
918.113362, 18.110827
921.265074, 18.120814
924.411543, 18.130801
927.563256, 18.140765
930.709725, 18.150681
933.861438, 18.160549
937.013150, 18.170441
940.159619, 18.180285
943.311332, 18.190058
946.457801, 18.199831
949.609514, 18.209604
952.761227, 18.219282
955.907695, 18.228983
959.059408, 18.238684
962.205877, 18.248290
965.357590, 18.257896
968.509303, 18.267502
971.655771, 18.277037
974.807484, 18.286547
977.953953, 18.296034
981.105666, 18.305521
984.257379, 18.314936
987.403848, 18.324376
990.555560, 18.333791
993.702029, 18.343135
996.853742, 18.352455
1000.005455, 18.361775
1003.151924, 18.371071
1006.303637, 18.380319
1009.450105, 18.389544
1012.601818, 18.398792
1015.753531, 18.407945
1018.900000, 18.417099
1022.051713, 18.426252
1025.198181, 18.435333
1028.349894, 18.444415
1031.501607, 18.453496
1034.648076, 18.462530
1037.799789, 18.471517
1040.946257, 18.480503
1044.097970, 18.489489
1047.249683, 18.498404
1050.396152, 18.507295
1053.547865, 18.516210
1056.699578, 18.525053
1059.846046, 18.533896
1062.997759, 18.542739
1066.144228, 18.551511
1069.295941, 18.560283
1072.447654, 18.569031
1075.594123, 18.577779
1078.745835, 18.586455
1081.892304, 18.595131
1085.044017, 18.603832
1088.195730, 18.612437
1091.342199, 18.621041
1094.493912, 18.629646
1097.640380, 18.638204
1100.792093, 18.646737
1103.943806, 18.655270
1107.090275, 18.663804
1110.241988, 18.672266
1113.388456, 18.680727
1116.540169, 18.689189
1119.691882, 18.697580
1122.838351, 18.705946
1125.990064, 18.714336
1129.136533, 18.722679
1132.288245, 18.731022
1135.439958, 18.739341
1138.586427, 18.747636
1141.738140, 18.755883
1144.884609, 18.764130
1148.036321, 18.772378
1151.188034, 18.780577
1154.334503, 18.788753
1157.486216, 18.796929
1160.632685, 18.805081
1163.784398, 18.813209
1166.936110, 18.821314
1170.082579, 18.829418
1173.234292, 18.837475
1176.380761, 18.845507
1179.532474, 18.853564
1182.684187, 18.861549
1185.830655, 18.869534
1188.982368, 18.877519
1192.128837, 18.885457
1195.280550, 18.893394
1198.432263, 18.901308
1201.578731, 18.909222
1204.730444, 18.917088
1207.876913, 18.924930
1211.028626, 18.932796
1214.180339, 18.940590
1217.326808, 18.948385
1220.478520, 18.956179
1223.624989, 18.963950
1226.776702, 18.971673
1229.928415, 18.979419
1233.074884, 18.987118
1236.226597, 18.994794
1239.373065, 19.002469
1242.524778, 19.010144
1245.676491, 19.017772
1248.822960, 19.025376
1251.974673, 19.033003
1255.121141, 19.040583
1258.272854, 19.048139
1261.424567, 19.055695
1264.571036, 19.063251
1267.722749, 19.070736
1270.869217, 19.078244
1274.020930, 19.085729
1277.172643, 19.093190
1280.319112, 19.100627
1283.470825, 19.108064
1286.617294, 19.115477
1289.769006, 19.122866
1292.920719, 19.130255
1296.067188, 19.137621
1299.218901, 19.144962
1302.365370, 19.152280
1305.517083, 19.159621
1308.668795, 19.166891
1311.815264, 19.174185
1314.966977, 19.181455
1318.113446, 19.188702
1321.265159, 19.195924
1324.416872, 19.203146
1327.563340, 19.210369
1330.715053, 19.217520
1333.861522, 19.224694
1337.013235, 19.231845
1340.164948, 19.238972
1343.311416, 19.246099
1346.463129, 19.253226
1349.609598, 19.260306
1352.761311, 19.267385
1355.913024, 19.274441
1359.059493, 19.281496
1362.211205, 19.288504
1365.357674, 19.295536
1368.509387, 19.302544
1371.661100, 19.309504
1374.807569, 19.316464
1377.959281, 19.323448
1381.105750, 19.330384
1384.257463, 19.337297
1387.409176, 19.344209
1390.555645, 19.351098
1393.707358, 19.357963
1396.853826, 19.364828
1400.005539, 19.371692
1403.157252, 19.378510
1406.303721, 19.385327
1409.455434, 19.392144
1412.601902, 19.398937
1415.753615, 19.405707
1418.905328, 19.412476
1422.051797, 19.419222
1425.203510, 19.425944
1428.349979, 19.432666
1431.501691, 19.439387
1434.653404, 19.446062
1437.799873, 19.452736
1440.951586, 19.459410
1444.098055, 19.466060
1447.249768, 19.472687
1450.401480, 19.479313
1453.547949, 19.485940
1456.699662, 19.492518
1459.846131, 19.499097
1462.997844, 19.505676
1466.149557, 19.512231
1469.296025, 19.518762
1472.447738, 19.525293
1475.594207, 19.531801
1478.745920, 19.538284
1481.897633, 19.544791
1485.044101, 19.551275
1488.195814, 19.557711
1491.342283, 19.564170
1494.493996, 19.570606
1497.645709, 19.577018
1500.792177, 19.583430
1503.943890, 19.589842
1507.090359, 19.596206
1510.242072, 19.602570
1513.393785, 19.608935
1516.540254, 19.615299
1519.691966, 19.621615
1522.838435, 19.627932
1525.990148, 19.634249
1529.141861, 19.640518
1532.288330, 19.646810
1535.440043, 19.653079
1538.586511, 19.659324
1541.738224, 19.665570
1544.889937, 19.671791
1548.036406, 19.678036
1551.188119, 19.684233
1554.334587, 19.690431
1557.486300, 19.696628
1560.638013, 19.702778
1563.784482, 19.708928
1566.936195, 19.715077
1570.082664, 19.721227
1573.234376, 19.727329
1576.386089, 19.733431
1579.532558, 19.739533
1582.684271, 19.745612
1585.830740, 19.751690
1588.982453, 19.757768
1592.134165, 19.763799
1595.280634, 19.769853
1598.432347, 19.775884
1601.578816, 19.781890
1604.730529, 19.787873
1607.882241, 19.793856
1611.028710, 19.799839
1614.180423, 19.805798
1617.326892, 19.811781
1620.478605, 19.817740
1623.630318, 19.823651
1626.776786, 19.829563
1629.928499, 19.835498
1633.074968, 19.841386
1636.226681, 19.847249
1639.378394, 19.853137
1642.524862, 19.859001
1645.676575, 19.864841
1648.823044, 19.870704
1651.974757, 19.876544
1655.126470, 19.882360
1658.272939, 19.888152
1661.424651, 19.893968
1664.571120, 19.899737
1667.722833, 19.905529
1670.874546, 19.911297
1674.021015, 19.917066
1677.172728, 19.922786
1680.319196, 19.928531
1683.470909, 19.934252
1686.622622, 19.939949
1689.769091, 19.945645
1692.920804, 19.951342
1696.067272, 19.957015
1699.218985, 19.962688
1702.370698, 19.968361
1705.517167, 19.974011
1708.668880, 19.979636
1711.815349, 19.985261
1714.967061, 19.990910
1718.118774, 19.996488
1721.265243, 20.002090
1724.416956, 20.007667
1727.563425, 20.013245
1730.715137, 20.018799
1733.866850, 20.024353
1737.013319, 20.029907
1740.165032, 20.035437
1743.311501, 20.040967
1746.463214, 20.046497
1749.614926, 20.051979
1752.761395, 20.057461
1755.913108, 20.062967
1759.059577, 20.068426
1762.211290, 20.073884
1765.363003, 20.079343
1768.509471, 20.084778
1771.661184, 20.090212
1774.807653, 20.095623
1777.959366, 20.101058
1781.111079, 20.106445
1784.257547, 20.111856
1787.409260, 20.117243
1790.555729, 20.122606
1793.707442, 20.127969
1796.859155, 20.133332
1800.005624, 20.138671
1803.157336, 20.144011
1806.303805, 20.149326
1809.455518, 20.154665
1812.607231, 20.159957
1815.753700, 20.165249
1818.905413, 20.170540
1822.051881, 20.175808
1825.203594, 20.181076
1828.355307, 20.186344
1831.501776, 20.191588
1834.653489, 20.196832
1837.799957, 20.202052
1840.951670, 20.207296
1844.103383, 20.212492
1847.249852, 20.217688
1850.401565, 20.222909
1853.548033, 20.228081
1856.699746, 20.233254
1859.851459, 20.238402
1862.997928, 20.243575
1866.149641, 20.248723
1869.296110, 20.253872
1872.447822, 20.258997
1875.599535, 20.264121
1878.746004, 20.269222
1881.897717, 20.274347
1885.044186, 20.279424
1888.195899, 20.284501
1891.347611, 20.289602
1894.494080, 20.294656
1897.645793, 20.299709
1900.792262, 20.304762
1903.943975, 20.309792
1907.095688, 20.314821
1910.242156, 20.319851
1913.393869, 20.324880
1916.540338, 20.329862
1919.692051, 20.334867
1922.843764, 20.339849
1925.990232, 20.344831
1929.141945, 20.349789
1932.288414, 20.354771
1935.440127, 20.359729
1938.591840, 20.364663
1941.738309, 20.369597
1944.890021, 20.374531
1948.036490, 20.379441
1951.188203, 20.384351
1954.339916, 20.389262
1957.486385, 20.394148
1960.638097, 20.399035
1963.784566, 20.403921
1966.936279, 20.408784
1970.087992, 20.413646
1973.234461, 20.418485
1976.386174, 20.423324
1979.532642, 20.428163
1982.684355, 20.432977
1985.836068, 20.437816
1988.982537, 20.442631
1992.134250, 20.447422
1995.280718, 20.452213
1998.432431, 20.457004
2001.584144, 20.461772
2004.730613, 20.466539
2007.882326, 20.471306
2011.028795, 20.476050
2014.180507, 20.480793
2017.332220, 20.485536
2020.478689, 20.490280
2023.630402, 20.494999
2026.776871, 20.499719
2029.928584, 20.504438
2033.080296, 20.509110
2036.226765, 20.513806
2039.378478, 20.518502
2042.524947, 20.523150
2045.676660, 20.527822
2048.828373, 20.532470
2051.974841, 20.537118
2055.126554, 20.541766
2058.273023, 20.546414
2061.424736, 20.551038
2064.576449, 20.555639
2067.722917, 20.560263
2070.874630, 20.564863
2074.021099, 20.569464
2077.172812, 20.574040
2080.324525, 20.578617
2083.470993, 20.583193
2086.622706, 20.587746
2089.769175, 20.592299
2092.920888, 20.596852
2096.072601, 20.601380
2099.219070, 20.605933
2102.370782, 20.610462
2105.522495, 20.614967
2108.668964, 20.619472
2111.820677, 20.623977
2114.967146, 20.628482
2118.118859, 20.632964
2121.270571, 20.637469
2124.417040, 20.641950
2127.568753, 20.646407
2130.715222, 20.650865
2133.866935, 20.655322
2137.018648, 20.659755
2140.165116, 20.664189
2143.316829, 20.668623
2146.463298, 20.673032
2149.615011, 20.677442
2152.766724, 20.681852
2155.913192, 20.686261
2159.064905, 20.690647
2162.211374, 20.695033
2165.363087, 20.699419
2168.514800, 20.703781
2171.661269, 20.708143
2174.812981, 20.712505
2177.959450, 20.716867
2181.111163, 20.721205
2184.262876, 20.725543
2187.409345, 20.729858
2190.561057, 20.734172
2193.707526, 20.738487
2196.859239, 20.742825
2200.010952, 20.747115
2203.157421, 20.751382
2206.309134, 20.755673
2209.455602, 20.759963
2212.607315, 20.764230
2215.759028, 20.768496
2218.905497, 20.772763
2222.057210, 20.777006
2225.203678, 20.781249
2228.355391, 20.785492
2231.507104, 20.789711
2234.653573, 20.793930
2237.805286, 20.798149
2240.951755, 20.802368
2244.103467, 20.806563
2247.255180, 20.810758
2250.401649, 20.814953
2253.553362, 20.819125
2256.699831, 20.823296
2259.851544, 20.827491
2263.003256, 20.831639
2266.149725, 20.835786
2269.301438, 20.839934
2272.447907, 20.844081
2275.599620, 20.848205
2278.751333, 20.852352
2281.897801, 20.856476
2285.049514, 20.860576
2288.195983, 20.864699
2291.347696, 20.868799
2294.499409, 20.872875
2297.645877, 20.876951
2300.797590, 20.881051
2303.944059, 20.885103
2307.095772, 20.889179
2310.247485, 20.893255
2313.393953, 20.897307
2316.545666, 20.901360
2319.692135, 20.905388
2322.843848, 20.909440
2325.995561, 20.913445
2329.142030, 20.917473
2332.293742, 20.921477
2335.440211, 20.925506
2338.591924, 20.929486
2341.743637, 20.933491
2344.890106, 20.937495
2348.041819, 20.941476
2351.188287, 20.945457
2354.340000, 20.949437
2357.491713, 20.953394
2360.638182, 20.957327
2363.789895, 20.961284
2366.936363, 20.965241
2370.088076, 20.969174
2373.239789, 20.973107
2376.386258, 20.977040
2379.537971, 20.980949
2382.684440, 20.984858
2385.836152, 20.988767
2388.987865, 20.992652
2392.134334, 20.996538
2395.286047, 21.000447
2398.432516, 21.004332
2401.584229, 21.008194
2404.735941, 21.012079
2407.882410, 21.015940
2411.034123, 21.019778
2414.180592, 21.023640
2417.332305, 21.027477
2420.484017, 21.031315
2423.630486, 21.035152
2426.782199, 21.038990
2429.928668, 21.042804
2433.080381, 21.046594
2436.232094, 21.050408
2439.378562, 21.054221
2442.530275, 21.058011
2445.676744, 21.061778
2448.828457, 21.065568
2451.980170, 21.069357
2455.126638, 21.073124
2458.278351, 21.076890
2461.424820, 21.080656
2464.576533, 21.084398
2467.728246, 21.088140
2470.874715, 21.091907
2474.026427, 21.095625
2477.172896, 21.099343
2480.324609, 21.103062
2483.476322, 21.106780
2486.622791, 21.110475
2489.774504, 21.114193
2492.920972, 21.117888
2496.072685, 21.121583
2499.224398, 21.125277
2502.370867, 21.128948
2505.522580, 21.132619
2508.669048, 21.136290
2511.820761, 21.139960
2514.972474, 21.143607
2518.118943, 21.147254
2521.270656, 21.150901
2524.417125, 21.154548
2527.568837, 21.158171
2530.720550, 21.161794
2533.867019, 21.165418
2537.018732, 21.169041
2540.165201, 21.172640
2543.316913, 21.176239
2546.468626, 21.179838
2549.615095, 21.183438
2552.766808, 21.187013
2555.913277, 21.190612
2559.064990, 21.194188
2562.216702, 21.197740
2565.363171, 21.201315
2568.514884, 21.204867
2571.661353, 21.208418
2574.813066, 21.211970
2577.964779, 21.215498
2581.111247, 21.219025
2584.262960, 21.222553
2587.409429, 21.226081
2590.561142, 21.229585
2593.712855, 21.233089
2596.859323, 21.236616
2600.011036, 21.240097
2603.157505, 21.243600
2606.309218, 21.247081
2609.460931, 21.250561
2612.607400, 21.254041
2615.759112, 21.257521
2618.905581, 21.260977
2622.057294, 21.264433
