# y_plus_values_1, u_plus_values_1
0.248912, 0.248879
0.547607, 0.540201
0.846302, 0.795087
1.145001, 1.049971
1.443696, 1.304857
1.742391, 1.529321
2.041085, 1.747812
2.339780, 1.966304
2.638475, 2.163711
2.937170, 2.340367
3.235864, 2.517044
3.534559, 2.687832
3.833254, 2.830363
4.131948, 2.972914
4.430643, 3.115466
4.729338, 3.237176
5.028032, 3.354927
5.326727, 3.472698
5.625422, 3.581364
5.924117, 3.681249
6.222811, 3.781153
6.521506, 3.878706
6.820201, 3.965366
7.118895, 4.052047
7.417590, 4.138727
7.716285, 4.216866
8.014980, 4.293437
8.313674, 4.370008
8.612369, 4.442500
8.911064, 4.511133
9.209758, 4.579785
9.508453, 4.647253
9.807148, 4.709494
10.105862, 4.771756
10.404507, 4.833998
10.703252, 4.891778
11.001897, 4.948774
11.300641, 5.005751
11.599286, 5.060476
11.898031, 5.113071
12.196675, 5.165666
12.495420, 5.217578
12.794065, 5.266435
13.092809, 5.315312
13.391454, 5.364169
13.690199, 5.410292
13.988844, 5.455954
14.287588, 5.501595
14.586233, 5.545789
14.884978, 5.588657
15.183623, 5.631525
15.482367, 5.673910
15.781012, 5.714326
16.079756, 5.754722
16.378401, 5.795138
16.677146, 5.833685
16.975791, 5.871951
17.274535, 5.910196
17.573180, 5.947416
17.871925, 5.983733
18.170570, 6.020049
18.469314, 6.056023
18.767959, 6.090591
19.066703, 6.125178
19.365348, 6.159746
19.664093, 6.192967
19.962738, 6.225987
20.261482, 6.259007
20.560127, 6.291264
20.858872, 6.322857
21.157517, 6.354430
21.456261, 6.385762
21.754906, 6.416069
22.053650, 6.446376
22.352295, 6.476663
22.651040, 6.505945
22.949685, 6.535066
23.248429, 6.564167
23.547074, 6.592705
23.845819, 6.620721
24.144464, 6.648757
24.443208, 6.676572
24.741853, 6.703583
25.040597, 6.730614
25.339242, 6.757625
25.637987, 6.783832
25.936632, 6.809918
26.235376, 6.836005
26.534021, 6.861629
26.832766, 6.886851
27.131411, 6.912094
27.430155, 6.937135
27.728800, 6.961574
28.027544, 6.985992
28.326189, 7.010410
28.624934, 7.034166
28.923579, 7.057840
29.222323, 7.081515
29.520968, 7.104808
29.819713, 7.127780
30.118358, 7.150751
30.417102, 7.173582
30.715747, 7.195890
31.014492, 7.218218
31.313136, 7.240526
31.611881, 7.262292
31.910526, 7.283977
32.209270, 7.305682
32.507915, 7.327046
32.806660, 7.348168
33.105305, 7.369270
33.404049, 7.390272
33.702694, 7.410832
34.001439, 7.431412
34.300083, 7.451971
34.598828, 7.472089
34.897473, 7.492126
35.196217, 7.512163
35.494862, 7.531939
35.793607, 7.551494
36.092252, 7.571049
36.390996, 7.590503
36.689641, 7.609596
36.988386, 7.628688
37.287031, 7.647781
37.585775, 7.666471
37.884420, 7.685122
38.183164, 7.703772
38.481809, 7.722182
38.780554, 7.740410
39.079199, 7.758638
39.377943, 7.776766
39.676588, 7.794593
39.975333, 7.812419
40.273978, 7.830245
40.572722, 7.847730
40.871367, 7.865195
41.170111, 7.882640
41.468756, 7.899883
41.767501, 7.916966
42.066146, 7.934049
42.364890, 7.951051
42.663535, 7.967772
42.962280, 7.984513
43.260925, 8.001255
43.559669, 8.017694
43.858314, 8.034094
44.157058, 8.050493
44.455703, 8.066732
44.754448, 8.082810
45.053093, 8.098908
45.351837, 8.114906
45.650482, 8.130702
45.949227, 8.146479
46.247872, 8.162255
46.546616, 8.177770
46.845261, 8.193266
47.144005, 8.208761
47.442650, 8.224075
47.741395, 8.239289
48.040040, 8.254503
48.338784, 8.269636
48.637429, 8.284568
48.936174, 8.299501
49.234819, 8.314433
49.533563, 8.329144
49.832208, 8.343836
50.130953, 8.358507
50.429597, 8.373037
50.728342, 8.387467
51.026987, 8.401897
51.325731, 8.416267
51.624376, 8.430456
51.923121, 8.444644
52.221766, 8.458833
52.520510, 8.472821
52.819155, 8.486769
53.117900, 8.500736
53.416544, 8.514543
53.715289, 8.528290
54.013934, 8.542017
54.312678, 8.555683
54.611323, 8.569208
54.910068, 8.582714
55.208713, 8.596239
55.507457, 8.609564
55.806102, 8.622889
56.104847, 8.636193
56.403492, 8.649397
56.702236, 8.662501
57.000881, 8.675604
57.299625, 8.688668
57.598270, 8.701570
57.897015, 8.714473
58.195660, 8.727395
58.494404, 8.740117
58.793049, 8.752839
59.091794, 8.765560
59.390439, 8.778182
59.689183, 8.790722
59.987828, 8.803263
60.286572, 8.815764
60.585217, 8.828124
60.883962, 8.840484
61.182607, 8.852864
61.481351, 8.865063
61.779996, 8.877242
62.078741, 8.889441
62.377386, 8.901540
62.676130, 8.913558
62.974775, 8.925596
63.273519, 8.937574
63.572164, 8.949432
63.870909, 8.961289
64.169554, 8.973147
64.468298, 8.984864
64.766943, 8.996581
65.065688, 9.008277
65.364333, 9.019894
65.663077, 9.031450
65.961722, 9.043006
66.260466, 9.054542
66.559111, 9.065937
66.857856, 9.077352
67.156501, 9.088747
67.455245, 9.100022
67.753890, 9.111277
68.052635, 9.122551
68.351280, 9.133725
68.650024, 9.144839
68.948669, 9.155973
69.247413, 9.167047
69.546058, 9.178040
69.844803, 9.189034
70.143448, 9.200007
70.442192, 9.210859
70.740837, 9.221712
71.039582, 9.232565
71.338227, 9.243337
71.636971, 9.254069
71.935616, 9.264801
72.234361, 9.275493
72.533005, 9.286084
72.831750, 9.296676
73.130395, 9.307287
73.429139, 9.317758
73.727784, 9.328249
74.026529, 9.338719
74.325174, 9.349130
74.623918, 9.359480
74.922563, 9.369830
75.221308, 9.380160
75.519952, 9.390390
75.818697, 9.400640
76.117342, 9.410869
76.416086, 9.420998
76.714731, 9.431127
77.013476, 9.441257
77.312121, 9.451305
77.610865, 9.461334
77.909510, 9.471342
78.208255, 9.481331
78.506900, 9.491219
78.805644, 9.501127
79.104289, 9.511035
79.403033, 9.520842
79.701678, 9.530650
80.000423, 9.540458
80.299068, 9.550185
80.597812, 9.559872
80.896457, 9.569579
81.195202, 9.579226
81.493847, 9.588832
81.792591, 9.598439
82.091236, 9.608025
82.389980, 9.617531
82.688625, 9.627017
82.987370, 9.636523
83.286015, 9.645949
83.584759, 9.655355
83.883404, 9.664740
84.182149, 9.674106
84.480794, 9.683431
84.779538, 9.692736
85.078183, 9.702041
85.376927, 9.711246
85.675572, 9.720470
85.974317, 9.729675
86.272962, 9.738819
86.571706, 9.747944
86.870351, 9.757068
87.169096, 9.766152
87.467741, 9.775196
87.766485, 9.784219
88.065130, 9.793243
88.363874, 9.802207
88.662519, 9.811150
88.961264, 9.820093
89.259909, 9.828976
89.558653, 9.837839
89.857298, 9.846702
90.156043, 9.855545
90.454688, 9.864308
90.753432, 9.873090
91.052077, 9.881873
91.350821, 9.890555
91.649466, 9.899257
91.948211, 9.907939
92.246856, 9.916581
92.545600, 9.925203
92.844245, 9.933825
93.142990, 9.942406
93.441635, 9.950948
93.740379, 9.959469
94.039024, 9.968011
94.337769, 9.976472
94.636413, 9.984933
94.935158, 9.993394
95.233803, 10.001794
95.532547, 10.010175
95.831192, 10.018556
96.129937, 10.026916
96.428582, 10.035237
96.727326, 10.043537
97.025971, 10.051837
97.324716, 10.060077
97.623360, 10.068317
97.922105, 10.076537
98.220750, 10.084737
98.519494, 10.092896
98.818139, 10.101076
99.116884, 10.109215
99.415529, 10.117294
99.714174, 10.125394
100.012719, 10.133473
100.311265, 10.141512
100.610805, 10.149531
100.909351, 10.157550
101.207896, 10.165528
101.506441, 10.173487
101.804987, 10.181445
102.103532, 10.189384
102.402078, 10.197262
102.701618, 10.205160
103.000164, 10.213039
103.298709, 10.220877
103.597255, 10.228695
103.895800, 10.236512
104.194345, 10.244290
104.493886, 10.252048
104.792431, 10.259805
105.090977, 10.267543
105.389522, 10.275240
105.688068, 10.282938
105.986613, 10.290635
106.285159, 10.298272
106.584699, 10.305889
106.883245, 10.313526
107.181790, 10.321123
107.480335, 10.328699
107.778881, 10.336276
108.077426, 10.343833
108.375972, 10.351349
108.675512, 10.358846
108.974058, 10.366362
109.272603, 10.373818
109.571149, 10.381254
109.869694, 10.388710
110.168239, 10.396126
110.467780, 10.403522
110.766325, 10.410918
111.064871, 10.418294
111.363416, 10.425629
111.661962, 10.432965
111.960507, 10.440300
112.259053, 10.447576
112.558593, 10.454851
112.857139, 10.462126
113.155684, 10.469381
113.454230, 10.476596
113.752775, 10.483811
114.051320, 10.491006
114.349866, 10.498181
114.649406, 10.505356
114.947952, 10.512511
115.246497, 10.519625
115.545043, 10.526760
115.843588, 10.533874
116.142134, 10.540948
116.441674, 10.548003
116.740220, 10.555057
117.038765, 10.562091
117.337310, 10.569105
117.635856, 10.576119
117.934401, 10.583133
118.232947, 10.590087
118.532487, 10.597040
118.831033, 10.603994
119.129578, 10.610908
119.428124, 10.617821
119.726669, 10.624735
120.025214, 10.631608
120.323760, 10.638461
120.623300, 10.645315
120.921846, 10.652168
121.220391, 10.658981
121.518937, 10.665774
121.817482, 10.672587
122.116028, 10.679360
122.415568, 10.686112
122.714114, 10.692865
123.012659, 10.699598
123.311204, 10.706310
123.609750, 10.713023
123.908295, 10.719735
124.206841, 10.726388
124.506381, 10.733040
124.804927, 10.739712
125.103472, 10.746344
125.402018, 10.752956
125.700563, 10.759568
125.999108, 10.766160
126.297654, 10.772732
126.597194, 10.779284
126.895740, 10.785856
127.194285, 10.792368
127.492831, 10.798899
127.791376, 10.805411
128.089922, 10.811902
128.389462, 10.818394
128.688008, 10.824865
128.986553, 10.831316
129.285099, 10.837748
129.583644, 10.844179
129.882189, 10.850610
130.180735, 10.857001
130.480275, 10.863372
130.778821, 10.869763
131.077366, 10.876114
131.375912, 10.882464
131.674457, 10.888815
131.973003, 10.895126
132.271548, 10.901436
132.571089, 10.907727
132.869634, 10.914017
133.168179, 10.920288
133.466725, 10.926558
133.765270, 10.932808
134.063816, 10.939039
134.363356, 10.945249
134.661902, 10.951459
134.960447, 10.957669
135.258993, 10.963839
135.557538, 10.970009
135.856083, 10.976199
136.154629, 10.982329
136.454169, 10.988438
136.752715, 10.994568
137.051260, 11.000678
137.349806, 11.006767
137.648351, 11.012857
137.946897, 11.018946
138.245442, 11.024995
138.544983, 11.031045
138.843528, 11.037114
139.142073, 11.043123
139.440619, 11.049132
139.739164, 11.055142
140.037710, 11.061111
140.337250, 11.067100
140.635796, 11.073069
140.934341, 11.079037
141.232887, 11.084966
141.531432, 11.090915
141.829977, 11.096844
142.128523, 11.102732
142.428063, 11.108621
142.726609, 11.114530
143.025154, 11.120378
143.323700, 11.126246
143.622245, 11.132095
143.920791, 11.137943
144.219336, 11.143771
144.518877, 11.149600
144.817422, 11.155428
145.115968, 11.161196
145.414513, 11.166984
145.713058, 11.172752
146.011604, 11.178520
146.311144, 11.184268
146.609690, 11.190016
146.908235, 11.195743
147.206781, 11.201451
147.505326, 11.207179
147.803872, 11.212886
148.102417, 11.218554
148.401958, 11.224241
148.700503, 11.229909
148.999048, 11.235556
149.297594, 11.241204
149.596139, 11.246851
149.894685, 11.252458
150.193230, 11.258065
150.492771, 11.263673
150.791316, 11.269280
151.089862, 11.274847
151.388407, 11.280414
151.686952, 11.286001
151.985498, 11.291548
152.285038, 11.297075
152.583584, 11.302601
152.882129, 11.308128
153.180675, 11.313615
153.479220, 11.319122
153.777766, 11.324628
154.076311, 11.330095
154.375852, 11.335561
154.674397, 11.341028
154.972942, 11.346474
155.271488, 11.351921
155.570033, 11.357347
155.868579, 11.362773
156.167124, 11.368159
156.466665, 11.373565
156.765210, 11.378972
157.063756, 11.384338
157.362301, 11.389704
157.660846, 11.395070
157.959392, 11.400416
158.258933, 11.405762
158.557478, 11.411087
158.856023, 11.416413
159.154569, 11.421719
159.453114, 11.427025
159.751660, 11.432310
160.050205, 11.437596
160.349746, 11.442861
160.648291, 11.448127
160.946837, 11.453372
161.245382, 11.458618
161.543927, 11.463843
161.842473, 11.469069
162.141018, 11.474294
162.440559, 11.479499
162.739104, 11.484704
163.037650, 11.489889
163.336195, 11.495055
163.634741, 11.500240
163.933286, 11.505385
164.232827, 11.510550
164.531372, 11.515695
164.829917, 11.520840
165.128463, 11.525944
165.427008, 11.531069
165.725554, 11.536174
166.024099, 11.541259
166.323640, 11.546343
166.622185, 11.551428
166.920731, 11.556492
167.219276, 11.561557
167.517821, 11.566601
167.816367, 11.571646
168.114912, 11.576670
168.414453, 11.581715
168.712998, 11.586739
169.011544, 11.591723
169.310089, 11.596728
169.608635, 11.601712
169.907180, 11.606696
170.206721, 11.611660
170.505266, 11.616644
170.803811, 11.621588
171.102357, 11.626532
171.400902, 11.631456
171.699448, 11.636400
171.997993, 11.641304
172.297534, 11.646207
172.596079, 11.651111
172.894625, 11.656015
173.193170, 11.660899
173.491715, 11.665782
173.790261, 11.670646
174.088806, 11.675509
174.388347, 11.680353
174.686892, 11.685196
174.985438, 11.690020
175.283983, 11.694843
175.582529, 11.699687
175.881074, 11.704490
176.180615, 11.709293
176.479160, 11.714097
176.777706, 11.718880
177.076251, 11.723643
177.374796, 11.728406
177.673342, 11.733169
177.971887, 11.737912
178.271428, 11.742655
178.569973, 11.747418
178.868519, 11.752121
179.167064, 11.756844
179.465610, 11.761547
179.764155, 11.766249
180.062700, 11.770932
180.362241, 11.775615
180.660786, 11.780318
180.959332, 11.784980
181.257877, 11.789643
181.556423, 11.794305
181.854968, 11.798948
182.154509, 11.803570
182.453054, 11.808213
182.751600, 11.812835
183.050145, 11.817458
183.348690, 11.822060
183.647236, 11.826662
183.945781, 11.831245
184.245322, 11.835827
184.543867, 11.840409
184.842413, 11.844971
185.140958, 11.849533
185.439504, 11.854075
185.738049, 11.858637
186.036594, 11.863159
186.336135, 11.867681
186.634680, 11.872223
186.933226, 11.876725
187.231771, 11.881227
187.530317, 11.885729
187.828862, 11.890210
188.128403, 11.894692
188.426948, 11.899174
188.725494, 11.903636
189.024039, 11.908097
189.322585, 11.912559
189.621130, 11.917000
189.919675, 11.921442
190.219216, 11.925863
190.517761, 11.930285
190.816307, 11.934686
191.114852, 11.939108
191.413398, 11.943509
191.711943, 11.947890
192.010489, 11.952271
192.310029, 11.956653
192.608575, 11.961034
192.907120, 11.965375
193.205665, 11.969736
193.504211, 11.974097
193.802756, 11.978438
194.102297, 11.982759
194.400842, 11.987100
194.699388, 11.991421
194.997933, 11.995722
195.296479, 12.000023
195.595024, 12.004324
195.893569, 12.008605
196.193110, 12.012885
196.491655, 12.017186
196.790201, 12.021447
197.088746, 12.025707
197.387292, 12.029968
197.685837, 12.034209
197.984383, 12.038449
198.283923, 12.042670
198.582469, 12.046910
198.881014, 12.051111
199.179559, 12.055331
199.478105, 12.059531
199.776650, 12.063732
200.076191, 12.067932
200.374736, 12.072112
200.673282, 12.076293
200.971827, 12.080453
201.270373, 12.084613
201.568918, 12.088773
201.867463, 12.092913
202.167004, 12.097053
202.465549, 12.101193
202.764095, 12.105313
203.062640, 12.109433
203.361186, 12.113553
203.659731, 12.117653
203.958277, 12.121753
204.257817, 12.125853
204.556363, 12.129953
204.854908, 12.134013
205.153454, 12.138092
205.451999, 12.142152
205.750544, 12.146212
206.050085, 12.150271
206.348630, 12.154331
206.647176, 12.158371
206.945721, 12.162390
207.244267, 12.166410
207.542812, 12.170429
207.841358, 12.174429
208.140898, 12.178448
208.439444, 12.182447
208.737989, 12.186427
209.036534, 12.190426
209.335080, 12.194405
209.633625, 12.198385
209.932171, 12.202344
210.231711, 12.206303
210.530257, 12.210262
210.828802, 12.214201
211.127348, 12.218140
211.425893, 12.222080
211.724438, 12.225999
212.023979, 12.229918
212.322524, 12.233837
212.621070, 12.237735
212.919615, 12.241634
213.218161, 12.245533
213.516706, 12.249432
213.815252, 12.253291
214.114792, 12.257170
214.413338, 12.261049
214.711883, 12.264907
215.010428, 12.268766
215.308974, 12.272605
215.607519, 12.276463
215.906065, 12.280282
216.205605, 12.284120
216.504151, 12.287939
216.802696, 12.291757
217.101242, 12.295576
217.399787, 12.299374
217.698332, 12.303173
217.997873, 12.306951
218.296418, 12.310749
218.594964, 12.314528
218.893509, 12.318286
219.192055, 12.322064
219.490600, 12.325823
219.789146, 12.329581
220.088686, 12.333319
220.387232, 12.337077
220.685777, 12.340795
220.984323, 12.344533
221.282868, 12.348251
221.581413, 12.351969
221.879959, 12.355687
222.179499, 12.359385
222.478045, 12.363103
222.776590, 12.366781
223.075136, 12.370479
223.373681, 12.374157
223.672227, 12.377815
223.971767, 12.381472
224.270313, 12.385150
224.568858, 12.388808
224.867403, 12.392446
225.165949, 12.396103
225.464494, 12.399741
225.763040, 12.403359
226.062580, 12.406996
226.361126, 12.410614
226.659671, 12.414231
226.958217, 12.417829
227.256762, 12.421446
227.555307, 12.425044
227.853853, 12.428621
228.153393, 12.432198
228.451939, 12.435776
228.750484, 12.439353
229.049030, 12.442910
229.347575, 12.446468
229.646121, 12.450025
229.945661, 12.453582
230.244207, 12.457119
230.542752, 12.460656
230.841297, 12.464193
231.139843, 12.467711
231.438388, 12.471248
231.736934, 12.474745
232.036474, 12.478242
232.335020, 12.481759
232.633565, 12.485256
232.932111, 12.488732
233.230656, 12.492229
233.529201, 12.495706
233.827747, 12.499183
234.127288, 12.502640
234.425833, 12.506117
234.724378, 12.509553
235.022924, 12.512990
235.321469, 12.516447
235.620015, 12.519883
235.919555, 12.523300
236.218101, 12.526737
236.516646, 12.530173
236.815192, 12.533570
237.113737, 12.536986
237.412282, 12.540403
237.710828, 12.543799
238.010368, 12.547176
238.308914, 12.550572
238.607459, 12.553949
238.906005, 12.557325
239.204550, 12.560701
239.503096, 12.564078
239.801641, 12.567434
240.101182, 12.570770
240.399727, 12.574126
240.698272, 12.577463
240.996818, 12.580799
241.295363, 12.584135
241.593909, 12.587451
241.893449, 12.590767
242.191995, 12.594083
242.490540, 12.597399
242.789086, 12.600695
243.087631, 12.603991
243.386176, 12.607287
243.684722, 12.610583
243.984262, 12.613859
244.282808, 12.617135
244.581353, 12.620411
244.879899, 12.623667
245.178444, 12.626922
245.476990, 12.630178
245.775535, 12.633434
246.075076, 12.636670
246.373621, 12.639905
246.672166, 12.643141
246.970712, 12.646377
247.269257, 12.649592
247.567803, 12.652808
247.867343, 12.656024
248.165889, 12.659219
248.464434, 12.662415
248.762980, 12.665610
249.061525, 12.668806
249.360070, 12.672001
249.658616, 12.675176
249.958157, 12.678352
250.256702, 12.681527
250.555247, 12.684683
250.853793, 12.687838
251.152338, 12.690993
251.450884, 12.694148
251.749429, 12.697284
252.048970, 12.700419
252.347515, 12.703554
252.646061, 12.706669
252.944606, 12.709804
253.243151, 12.712919
253.541697, 12.716035
253.841237, 12.719130
254.139783, 12.722225
254.438328, 12.725320
254.736874, 12.728415
255.035419, 12.731489
255.333965, 12.734584
255.632510, 12.737659
255.932051, 12.740714
256.230596, 12.743789
256.529141, 12.746844
256.827687, 12.749899
257.126232, 12.752954
257.424778, 12.755988
257.723323, 12.759023
258.022864, 12.762058
258.321409, 12.765092
258.619955, 12.768107
258.918500, 12.771122
259.217045, 12.774136
259.515591, 12.777151
259.815131, 12.780145
260.113677, 12.783160
260.412222, 12.786155
260.710768, 12.789129
261.009313, 12.792123
261.307859, 12.795098
261.606404, 12.798072
261.905945, 12.801027
262.204490, 12.804001
262.503035, 12.806955
262.801581, 12.809910
263.100126, 12.812844
263.398672, 12.815798
263.697217, 12.818732
263.996758, 12.821667
264.295303, 12.824601
264.593849, 12.827515
264.892394, 12.830429
265.190940, 12.833343
265.489485, 12.836237
265.789026, 12.839151
266.087571, 12.842046
266.386116, 12.844940
266.684662, 12.847834
266.983207, 12.850728
267.281753, 12.853602
267.580298, 12.856475
267.879839, 12.859349
268.178384, 12.862223
268.476930, 12.865077
268.775475, 12.867931
269.074020, 12.870785
269.372566, 12.873619
269.671111, 12.876452
269.970652, 12.879286
270.269197, 12.882120
270.567743, 12.884954
270.866288, 12.887767
271.164834, 12.890601
271.463379, 12.893394
271.762920, 12.896208
272.061465, 12.899002
272.360010, 12.901795
272.658556, 12.904589
272.957101, 12.907382
273.255647, 12.910156
273.554192, 12.912929
273.853733, 12.915703
274.152278, 12.918476
274.450824, 12.921250
274.749369, 12.924003
275.047914, 12.926756
275.346460, 12.929510
275.645005, 12.932243
275.944546, 12.934996
276.243091, 12.937729
276.541637, 12.940463
276.840182, 12.943176
277.138728, 12.945909
277.437273, 12.948622
277.736814, 12.951335
278.035359, 12.954049
278.333904, 12.956762
278.632450, 12.959455
278.930995, 12.962148
279.229541, 12.964841
279.528086, 12.967514
279.827627, 12.970207
280.126172, 12.972880
280.424718, 12.975553
280.723263, 12.978206
281.021809, 12.980879
281.320354, 12.983532
281.618899, 12.986184
281.918440, 12.988837
282.216985, 12.991490
282.515531, 12.994123
282.814076, 12.996756
283.112622, 12.999408
283.411167, 13.002021
283.710708, 13.004634
284.009253, 13.007246
284.307799, 13.009859
284.606344, 13.012472
284.904889, 13.015085
285.203435, 13.017677
285.501980, 13.020270
285.801521, 13.022862
286.100066, 13.025455
286.398612, 13.028027
286.697157, 13.030620
286.995703, 13.033192
287.294248, 13.035745
287.592793, 13.038317
287.892334, 13.040870
288.190879, 13.043422
288.489425, 13.045974
288.787970, 13.048527
289.086516, 13.051079
289.385061, 13.053611
289.684602, 13.056144
289.983147, 13.058656
290.281693, 13.061188
290.580238, 13.063700
290.878783, 13.066232
291.177329, 13.068745
291.475874, 13.071257
291.775415, 13.073749
292.073960, 13.076261
292.372506, 13.078753
292.671051, 13.081245
292.969597, 13.083737
293.268142, 13.086209
293.566687, 13.088681
293.866228, 13.091153
294.164773, 13.093625
294.463319, 13.096077
294.761864, 13.098549
295.060410, 13.101001
295.358955, 13.103453
295.658496, 13.105885
295.957041, 13.108337
296.255587, 13.110768
296.554132, 13.113220
296.852678, 13.115652
297.151223, 13.118084
297.449768, 13.120496
297.749309, 13.122927
298.047854, 13.125339
298.346400, 13.127731
298.644945, 13.130142
298.943491, 13.132534
299.242036, 13.134946
299.541577, 13.137337
299.840122, 13.139729
300.138668, 13.142120
300.437213, 13.144492
300.735758, 13.146863
301.034304, 13.149235
301.332849, 13.151606
301.632390, 13.153978
301.930935, 13.156329
302.229481, 13.158701
302.528026, 13.161032
302.826572, 13.163384
303.125117, 13.165735
303.423662, 13.168066
303.723203, 13.170418
304.021748, 13.172749
304.320294, 13.175080
304.618839, 13.177391
304.917385, 13.179723
305.215930, 13.182034
305.515471, 13.184345
305.814016, 13.186656
306.112562, 13.188947
306.411107, 13.191259
306.709652, 13.193550
307.008198, 13.195841
307.306743, 13.198112
307.606284, 13.200403
307.904829, 13.202694
308.203375, 13.204965
308.501920, 13.207236
308.800466, 13.209507
309.099011, 13.211758
309.397556, 13.214029
309.697097, 13.216280
309.995643, 13.218531
310.294188, 13.220782
310.592733, 13.223013
310.891279, 13.225264
311.189824, 13.227494
311.489365, 13.229725
311.787910, 13.231956
312.086456, 13.234187
312.385001, 13.236398
312.683547, 13.238628
312.982092, 13.240839
313.280637, 13.243050
313.580178, 13.245240
313.878723, 13.247451
314.177269, 13.249642
314.475814, 13.251832
314.774360, 13.254023
315.072905, 13.256214
315.371451, 13.258384
315.670991, 13.260575
315.969537, 13.262745
316.268082, 13.264916
316.566627, 13.267086
316.865173, 13.269257
317.163718, 13.271427
317.463259, 13.273578
317.761804, 13.275728
318.060350, 13.277879
318.358895, 13.280029
318.657441, 13.282159
318.955986, 13.284310
319.254531, 13.286440
319.554072, 13.288571
319.852617, 13.290681
320.151163, 13.292811
320.449708, 13.294921
320.748254, 13.297032
321.046799, 13.299142
321.345345, 13.301252
321.644885, 13.303342
321.943431, 13.305452
322.241976, 13.307543
322.540521, 13.309633
322.839067, 13.311743
323.137612, 13.313813
323.437153, 13.315903
323.735698, 13.317973
324.034244, 13.320063
324.332789, 13.322113
324.631335, 13.324183
324.929880, 13.326253
325.228426, 13.328303
325.527966, 13.330353
325.826512, 13.332423
326.125057, 13.334453
326.423602, 13.336503
326.722148, 13.338553
327.020693, 13.340603
327.319239, 13.342633
327.618779, 13.344662
327.917325, 13.346692
328.215870, 13.348702
328.514416, 13.350712
328.812961, 13.352742
329.111506, 13.354751
329.411047, 13.356761
329.709592, 13.358771
330.008138, 13.360761
330.306683, 13.362770
330.605229, 13.364760
330.903774, 13.366750
331.202320, 13.368739
331.501860, 13.370729
331.800406, 13.372719
332.098951, 13.374688
332.397496, 13.376658
332.696042, 13.378627
332.994587, 13.380597
333.293133, 13.382566
333.592673, 13.384516
333.891219, 13.386485
334.189764, 13.388435
334.488310, 13.390384
334.786855, 13.392334
335.085400, 13.394263
335.384941, 13.396212
335.683486, 13.398162
335.982032, 13.400091
336.280577, 13.402021
336.579123, 13.403930
336.877668, 13.405859
337.176214, 13.407768
337.475754, 13.409678
337.774300, 13.411607
338.072845, 13.413496
338.371390, 13.415405
338.669936, 13.417315
338.968481, 13.419224
339.267027, 13.421113
339.566567, 13.423002
339.865113, 13.424891
340.163658, 13.426781
340.462204, 13.428670
340.760749, 13.430539
341.059295, 13.432428
341.358835, 13.434297
341.657381, 13.436166
341.955926, 13.438035
342.254471, 13.439884
342.553017, 13.441733
342.851562, 13.443602
343.150108, 13.445451
343.449648, 13.447300
343.748194, 13.449129
344.046739, 13.450978
344.345285, 13.452827
344.643830, 13.454656
344.942375, 13.456485
345.240921, 13.458314
345.540461, 13.460142
345.839007, 13.461971
346.137552, 13.463780
346.436098, 13.465609
346.734643, 13.467418
347.033189, 13.469226
347.332729, 13.471035
347.631275, 13.472844
347.929820, 13.474633
348.228365, 13.476441
348.526911, 13.478230
348.825456, 13.480019
349.124002, 13.481807
349.423542, 13.483596
349.722088, 13.485365
350.020633, 13.487133
350.319179, 13.488922
350.617724, 13.490691
350.916269, 13.492459
351.214815, 13.494228
351.514355, 13.495996
351.812901, 13.497765
352.111446, 13.499513
352.409992, 13.501262
352.708537, 13.503010
353.007083, 13.504759
353.306623, 13.506487
353.605169, 13.508236
353.903714, 13.509984
354.202259, 13.511712
354.500805, 13.513441
354.799350, 13.515169
355.097896, 13.516898
355.397436, 13.518626
355.695982, 13.520354
355.994527, 13.522063
356.293073, 13.523771
356.591618, 13.525479
356.890164, 13.527167
357.188709, 13.528876
357.488250, 13.530584
357.786795, 13.532272
358.085340, 13.533980
358.383886, 13.535669
358.682431, 13.537357
358.980977, 13.539045
359.280517, 13.540713
359.579063, 13.542401
359.877608, 13.544069
360.176154, 13.545737
360.474699, 13.547426
360.773244, 13.549094
361.071790, 13.550742
361.371330, 13.552410
361.669876, 13.554078
361.968421, 13.555726
362.266967, 13.557374
362.565512, 13.559022
362.864058, 13.560670
363.162603, 13.562318
363.462144, 13.563966
363.760689, 13.565614
364.059234, 13.567242
364.357780, 13.568870
364.656325, 13.570497
364.954871, 13.572125
365.254411, 13.573753
365.552957, 13.575361
365.851502, 13.576989
366.150048, 13.578597
366.448593, 13.580205
366.747138, 13.581812
367.045684, 13.583420
367.345224, 13.585028
367.643770, 13.586636
367.942315, 13.588223
368.240861, 13.589811
368.539406, 13.591399
368.837952, 13.593007
369.136497, 13.594594
369.436038, 13.596162
369.734583, 13.597750
370.033129, 13.599337
370.331674, 13.600905
370.630219, 13.602472
370.928765, 13.604040
371.228305, 13.605608
371.526851, 13.607175
371.825396, 13.608723
372.123942, 13.610290
372.422487, 13.611838
372.721033, 13.613405
373.019578, 13.614953
373.319119, 13.616501
373.617664, 13.618048
373.916209, 13.619575
374.214755, 13.621123
374.513300, 13.622650
374.811846, 13.624178
375.110391, 13.625705
375.409932, 13.627253
375.708477, 13.628780
376.007023, 13.630287
376.305568, 13.631815
376.604113, 13.633342
376.902659, 13.634849
377.202199, 13.636357
377.500745, 13.637864
377.799290, 13.639371
378.097836, 13.640879
378.396381, 13.642366
378.694927, 13.643873
378.993472, 13.645360
379.293013, 13.646848
379.591558, 13.648335
379.890103, 13.649822
380.188649, 13.651309
380.487194, 13.652796
380.785740, 13.654264
381.084285, 13.655751
381.383826, 13.657218
381.682371, 13.658685
381.980917, 13.660152
382.279462, 13.661619
382.578007, 13.663086
382.876553, 13.664553
383.176093, 13.666001
383.474639, 13.667468
383.773184, 13.668915
384.071730, 13.670362
384.370275, 13.671809
384.668821, 13.673256
384.967366, 13.674703
385.266907, 13.676150
385.565452, 13.677597
385.863998, 13.679024
386.162543, 13.680451
386.461088, 13.681877
386.759634, 13.683304
387.058179, 13.684731
387.357720, 13.686158
387.656265, 13.687565
387.954811, 13.688992
388.253356, 13.690399
388.551902, 13.691806
388.850447, 13.693212
389.149988, 13.694619
389.448533, 13.696026
389.747078, 13.697433
390.045624, 13.698820
390.344169, 13.700226
390.642715, 13.701633
390.941260, 13.703020
391.240801, 13.704407
391.539346, 13.705793
391.837892, 13.707180
392.136437, 13.708547
392.434982, 13.709934
392.733528, 13.711300
393.032073, 13.712687
393.331614, 13.714053
393.630159, 13.715420
393.928705, 13.716787
394.227250, 13.718153
394.525796, 13.719520
394.824341, 13.720887
395.123882, 13.722233
395.422427, 13.723580
395.720972, 13.724926
396.019518, 13.726293
396.318063, 13.727639
396.616609, 13.728986
396.915154, 13.730332
397.214695, 13.731659
397.513240, 13.733005
397.811786, 13.734332
398.110331, 13.735678
398.408876, 13.737005
398.707422, 13.738331
399.005967, 13.739658
399.305508, 13.740964
399.604053, 13.742290
399.902599, 13.743617
400.201144, 13.744943
400.499690, 13.746250
400.798235, 13.747556
401.097776, 13.748862
401.396321, 13.750169
401.694867, 13.751475
401.993412, 13.752781
402.291957, 13.754068
402.590503, 13.755374
402.889048, 13.756660
403.188589, 13.757966
403.487134, 13.759253
403.785680, 13.760539
404.084225, 13.761825
404.382771, 13.763111
404.681316, 13.764398
404.979861, 13.765664
405.279402, 13.766950
405.577947, 13.768216
405.876493, 13.769502
406.175038, 13.770768
406.473584, 13.772035
406.772129, 13.773301
407.071670, 13.774567
407.370215, 13.775833
407.668761, 13.777079
407.967306, 13.778345
408.265851, 13.779591
408.564397, 13.780837
408.862942, 13.782103
409.162483, 13.783349
409.461028, 13.784596
409.759574, 13.785821
410.058119, 13.787068
410.356665, 13.788314
410.655210, 13.789539
410.953755, 13.790765
411.253296, 13.791991
411.551841, 13.793237
411.850387, 13.794443
412.148932, 13.795669
412.447478, 13.796895
412.746023, 13.798121
413.045564, 13.799347
413.344109, 13.800553
413.642655, 13.801779
413.941200, 13.802985
414.239745, 13.804191
414.538291, 13.805416
414.836836, 13.806602
415.136377, 13.807808
415.434922, 13.809014
415.733468, 13.810220
416.032013, 13.811406
416.330559, 13.812611
416.629104, 13.813797
416.927650, 13.815003
417.227190, 13.816189
417.525736, 13.817374
417.824281, 13.818560
418.122826, 13.819726
418.421372, 13.820912
418.719917, 13.822097
419.019458, 13.823263
419.318003, 13.824429
419.616549, 13.825594
419.915094, 13.826760
420.213640, 13.827946
420.512185, 13.829111
420.810730, 13.830257
421.110271, 13.831423
421.408816, 13.832588
421.707362, 13.833734
422.005907, 13.834899
422.304453, 13.836065
422.602998, 13.837211
422.901544, 13.838356
423.201084, 13.839502
423.499630, 13.840647
423.798175, 13.841793
424.096720, 13.842918
424.395266, 13.844064
424.693811, 13.845209
424.993352, 13.846335
425.291897, 13.847460
425.590443, 13.848586
425.888988, 13.849711
426.187534, 13.850837
426.486079, 13.851962
426.784624, 13.853088
427.084165, 13.854213
427.382710, 13.855318
427.681256, 13.856444
427.979801, 13.857569
428.278347, 13.858675
428.576892, 13.859780
428.875438, 13.860885
429.174978, 13.861991
429.473524, 13.863096
429.772069, 13.864202
430.070614, 13.865287
430.369160, 13.866392
430.667705, 13.867477
430.967246, 13.868583
431.265791, 13.869688
431.564337, 13.870773
431.862882, 13.871859
432.161428, 13.872944
432.459973, 13.874029
432.758519, 13.875114
433.058059, 13.876180
433.356605, 13.877265
433.655150, 13.878350
433.953695, 13.879415
434.252241, 13.880501
434.550786, 13.881566
434.849332, 13.882631
435.148872, 13.883696
435.447418, 13.884761
435.745963, 13.885826
436.044509, 13.886892
436.343054, 13.887957
436.641599, 13.889002
436.941140, 13.890067
437.239685, 13.891112
437.538231, 13.892177
437.836776, 13.893222
438.135322, 13.894267
438.433867, 13.895312
438.732413, 13.896357
439.031953, 13.897382
439.330499, 13.898427
439.629044, 13.899473
439.927589, 13.900497
440.226135, 13.901543
440.524680, 13.902568
440.823226, 13.903613
441.122766, 13.904638
441.421312, 13.905663
441.719857, 13.906687
442.018403, 13.907712
442.316948, 13.908717
442.615493, 13.909742
442.915034, 13.910767
443.213579, 13.911772
443.512125, 13.912797
443.810670, 13.913802
444.109216, 13.914827
444.407761, 13.915832
444.706307, 13.916837
445.005847, 13.917842
445.304393, 13.918867
445.602938, 13.919851
445.901484, 13.920856
446.200029, 13.921841
446.498574, 13.922846
446.797120, 13.923831
447.096660, 13.924835
447.395206, 13.925820
447.693751, 13.926805
447.992297, 13.927810
448.290842, 13.928795
448.589388, 13.929779
448.888928, 13.930744
449.187474, 13.931729
449.486019, 13.932694
449.784564, 13.933678
450.083110, 13.934663
450.381655, 13.935628
450.680201, 13.936613
450.979741, 13.937577
451.278287, 13.938542
451.576832, 13.939507
451.875378, 13.940471
452.173923, 13.941436
452.472468, 13.942401
452.771014, 13.943365
453.070554, 13.944330
453.369100, 13.945275
453.667645, 13.946239
453.966191, 13.947184
454.264736, 13.948149
454.563282, 13.949093
454.862822, 13.950038
455.161368, 13.950982
455.459913, 13.951927
455.758458, 13.952871
456.057004, 13.953816
456.355549, 13.954740
456.654095, 13.955685
456.953635, 13.956610
457.252181, 13.957554
457.550726, 13.958479
457.849272, 13.959403
458.147817, 13.960348
458.446362, 13.961272
458.744908, 13.962197
459.044448, 13.963121
459.342994, 13.964046
459.641539, 13.964970
459.940085, 13.965895
460.238630, 13.966799
460.537176, 13.967703
460.836716, 13.968628
461.135262, 13.969532
461.433807, 13.970437
461.732353, 13.971361
462.030898, 13.972265
462.329443, 13.973170
462.627989, 13.974074
462.927529, 13.974979
463.226075, 13.975883
463.524620, 13.976787
463.823166, 13.977692
464.121711, 13.978596
464.420257, 13.979480
464.718802, 13.980365
465.018343, 13.981249
465.316888, 13.982133
465.615433, 13.983018
465.913979, 13.983922
466.212524, 13.984806
466.511070, 13.985691
466.810610, 13.986575
467.109156, 13.987459
467.407701, 13.988343
467.706247, 13.989208
468.004792, 13.990092
468.303337, 13.990956
468.601883, 13.991840
468.901423, 13.992705
469.199969, 13.993569
469.498514, 13.994433
469.797060, 13.995297
470.095605, 13.996181
470.394151, 13.997026
470.692696, 13.997890
470.992237, 13.998754
471.290782, 13.999598
471.589327, 14.000462
471.887873, 14.001326
472.186418, 14.002170
472.484964, 14.003035
472.784504, 14.003879
473.083050, 14.004723
473.381595, 14.005567
473.680141, 14.006411
473.978686, 14.007255
474.277231, 14.008099
474.575777, 14.008943
474.875317, 14.009787
475.173863, 14.010631
475.472408, 14.011476
475.770954, 14.012300
476.069499, 14.013144
476.368045, 14.013968
476.666590, 14.014812
476.966131, 14.015636
477.264676, 14.016460
477.563222, 14.017284
477.861767, 14.018128
478.160312, 14.018952
478.458858, 14.019756
478.758398, 14.020580
479.056944, 14.021404
479.355489, 14.022228
479.654035, 14.023032
479.952580, 14.023856
480.251126, 14.024659
480.549671, 14.025463
480.849212, 14.026287
481.147757, 14.027091
481.446302, 14.027895
481.744848, 14.028699
482.043393, 14.029523
482.341939, 14.030327
482.640484, 14.031131
482.940025, 14.031915
483.238570, 14.032719
483.537116, 14.033522
483.835661, 14.034306
484.134206, 14.035110
484.432752, 14.035894
484.732292, 14.036698
485.030838, 14.037482
485.329383, 14.038265
485.627929, 14.039049
485.926474, 14.039833
486.225020, 14.040617
486.523565, 14.041401
486.823106, 14.042184
487.121651, 14.042968
487.420196, 14.043752
487.718742, 14.044536
488.017287, 14.045300
488.315833, 14.046083
488.614378, 14.046847
488.913919, 14.047631
489.212464, 14.048395
489.511010, 14.049158
489.809555, 14.049922
490.108100, 14.050706
490.406646, 14.051469
490.706187, 14.052233
491.004732, 14.052997
491.303277, 14.053761
491.601823, 14.054504
491.900368, 14.055268
492.198914, 14.056012
492.497459, 14.056775
492.797000, 14.057519
493.095545, 14.058283
493.394091, 14.059026
493.692636, 14.059790
493.991181, 14.060533
494.289727, 14.061277
494.588272, 14.062021
494.887813, 14.062764
495.186358, 14.063508
495.484904, 14.064251
495.783449, 14.064995
496.081995, 14.065739
496.380540, 14.066482
496.680081, 14.067206
496.978626, 14.067949
497.277171, 14.068673
497.575717, 14.069416
