/*--------------------------------*- C++ -*----------------------------------*\
| =========                 |                                                 |
| \\      /  F ield         | OpenFOAM: The Open Source CFD Toolbox           |
|  \\    /   O peration     | Version:  2312                                  |
|   \\  /    A nd           | Website:  www.openfoam.com                      |
|    \\/     M anipulation  |                                                 |
\*---------------------------------------------------------------------------*/
FoamFile
{
    version     2.0;
    format      ascii;
    arch        "LSB;label=32;scalar=64";
    class       volVectorField;
    location    "27.535";
    object      U;
}
// * * * * * * * * * * * * * * * * * * * * * * * * * * * * * * * * * * * * * //

dimensions      [0 1 -1 0 0 0 0];

internalField   nonuniform List<vector> 
2000
(
(0.0247548 -1.01817e-18 0)
(0.0670085 -3.14167e-18 0)
(0.103229 -2.67431e-18 0)
(0.132516 -2.69288e-18 0)
(0.156147 -2.66009e-18 0)
(0.175669 -2.63847e-18 0)
(0.192229 -2.63249e-18 0)
(0.206598 -2.62269e-18 0)
(0.219292 -2.59516e-18 0)
(0.230671 -2.57949e-18 0)
(0.24099 -2.57894e-18 0)
(0.250438 -2.58719e-18 0)
(0.259158 -2.5976e-18 0)
(0.267259 -2.61172e-18 0)
(0.274827 -2.63683e-18 0)
(0.281933 -2.65493e-18 0)
(0.288632 -2.65565e-18 0)
(0.294973 -2.65069e-18 0)
(0.300993 -2.64924e-18 0)
(0.306725 -2.64946e-18 0)
(0.312198 -2.6461e-18 0)
(0.317435 -2.6406e-18 0)
(0.322458 -2.63528e-18 0)
(0.327285 -2.63009e-18 0)
(0.331931 -2.62502e-18 0)
(0.33641 -2.62004e-18 0)
(0.340735 -2.61513e-18 0)
(0.344917 -2.61029e-18 0)
(0.348966 -2.6055e-18 0)
(0.35289 -2.60076e-18 0)
(0.356698 -2.59608e-18 0)
(0.360398 -2.59144e-18 0)
(0.363994 -2.58686e-18 0)
(0.367494 -2.58233e-18 0)
(0.370904 -2.57786e-18 0)
(0.374227 -2.57346e-18 0)
(0.377469 -2.56911e-18 0)
(0.380634 -2.56484e-18 0)
(0.383725 -2.56063e-18 0)
(0.386747 -2.5565e-18 0)
(0.389702 -2.55244e-18 0)
(0.392595 -2.54845e-18 0)
(0.395427 -2.54454e-18 0)
(0.398201 -2.54069e-18 0)
(0.400921 -2.53692e-18 0)
(0.403588 -2.53322e-18 0)
(0.406204 -2.52958e-18 0)
(0.408772 -2.52601e-18 0)
(0.411293 -2.52249e-18 0)
(0.413769 -2.51904e-18 0)
(0.416203 -2.51564e-18 0)
(0.418595 -2.51229e-18 0)
(0.420947 -2.50899e-18 0)
(0.423261 -2.50574e-18 0)
(0.425537 -2.50252e-18 0)
(0.427778 -2.49934e-18 0)
(0.429985 -2.4962e-18 0)
(0.432158 -2.49309e-18 0)
(0.434298 -2.49e-18 0)
(0.436407 -2.48694e-18 0)
(0.438486 -2.4839e-18 0)
(0.440536 -2.48088e-18 0)
(0.442557 -2.47788e-18 0)
(0.444551 -2.47489e-18 0)
(0.446517 -2.47192e-18 0)
(0.448458 -2.46895e-18 0)
(0.450374 -2.46599e-18 0)
(0.452265 -2.46304e-18 0)
(0.454132 -2.46009e-18 0)
(0.455976 -2.45714e-18 0)
(0.457797 -2.45419e-18 0)
(0.459596 -2.45125e-18 0)
(0.461374 -2.4483e-18 0)
(0.463131 -2.44535e-18 0)
(0.464868 -2.44239e-18 0)
(0.466585 -2.43944e-18 0)
(0.468282 -2.43648e-18 0)
(0.469961 -2.43351e-18 0)
(0.471621 -2.43054e-18 0)
(0.473263 -2.42756e-18 0)
(0.474888 -2.42458e-18 0)
(0.476495 -2.4216e-18 0)
(0.478086 -2.41861e-18 0)
(0.47966 -2.41561e-18 0)
(0.481218 -2.41261e-18 0)
(0.482761 -2.40961e-18 0)
(0.484288 -2.40661e-18 0)
(0.4858 -2.4036e-18 0)
(0.487297 -2.4006e-18 0)
(0.48878 -2.3976e-18 0)
(0.490249 -2.3946e-18 0)
(0.491704 -2.3916e-18 0)
(0.493145 -2.38861e-18 0)
(0.494573 -2.38563e-18 0)
(0.495988 -2.38266e-18 0)
(0.49739 -2.37971e-18 0)
(0.49878 -2.37677e-18 0)
(0.500157 -2.37384e-18 0)
(0.501522 -2.37094e-18 0)
(0.502876 -2.36806e-18 0)
(0.504217 -2.3652e-18 0)
(0.505547 -2.36238e-18 0)
(0.506866 -2.35958e-18 0)
(0.508174 -2.35683e-18 0)
(0.509471 -2.35412e-18 0)
(0.510757 -2.35145e-18 0)
(0.512033 -2.34883e-18 0)
(0.513298 -2.34627e-18 0)
(0.514554 -2.34376e-18 0)
(0.515799 -2.34132e-18 0)
(0.517034 -2.33895e-18 0)
(0.51826 -2.33665e-18 0)
(0.519476 -2.33442e-18 0)
(0.520683 -2.33227e-18 0)
(0.52188 -2.3302e-18 0)
(0.523068 -2.3282e-18 0)
(0.524248 -2.32625e-18 0)
(0.525418 -2.32435e-18 0)
(0.52658 -2.32247e-18 0)
(0.527733 -2.32058e-18 0)
(0.528878 -2.31862e-18 0)
(0.530014 -2.31654e-18 0)
(0.531142 -2.31425e-18 0)
(0.532262 -2.31164e-18 0)
(0.533374 -2.30859e-18 0)
(0.534478 -2.30508e-18 0)
(0.535575 -2.30091e-18 0)
(0.536663 -2.29589e-18 0)
(0.537744 -2.28991e-18 0)
(0.538818 -2.2827e-18 0)
(0.539884 -2.27413e-18 0)
(0.540942 -2.26404e-18 0)
(0.541994 -2.25199e-18 0)
(0.543038 -2.24082e-18 0)
(0.544076 -2.23021e-18 0)
(0.545106 -2.21685e-18 0)
(0.54613 -2.20055e-18 0)
(0.547146 -2.18078e-18 0)
(0.548156 -2.15738e-18 0)
(0.54916 -2.12788e-18 0)
(0.550156 -2.08513e-18 0)
(0.551147 -2.04331e-18 0)
(0.552131 -2.01323e-18 0)
(0.553108 -1.98504e-18 0)
(0.554079 -1.95606e-18 0)
(0.555045 -1.92887e-18 0)
(0.556003 -1.90576e-18 0)
(0.556956 -1.88617e-18 0)
(0.557903 -1.86969e-18 0)
(0.558844 -1.85603e-18 0)
(0.559779 -1.8449e-18 0)
(0.560708 -1.83602e-18 0)
(0.561632 -1.82912e-18 0)
(0.562549 -1.8238e-18 0)
(0.563461 -1.81985e-18 0)
(0.564368 -1.81707e-18 0)
(0.565269 -1.81515e-18 0)
(0.566164 -1.81398e-18 0)
(0.567054 -1.81332e-18 0)
(0.567939 -1.8131e-18 0)
(0.568818 -1.81316e-18 0)
(0.569692 -1.81335e-18 0)
(0.57056 -1.81355e-18 0)
(0.571424 -1.81377e-18 0)
(0.572282 -1.81393e-18 0)
(0.573136 -1.81397e-18 0)
(0.573984 -1.81385e-18 0)
(0.574827 -1.81354e-18 0)
(0.575665 -1.81304e-18 0)
(0.576499 -1.81108e-18 0)
(0.577327 -1.82489e-18 0)
(0.578151 -1.87286e-18 0)
(0.578969 -1.9204e-18 0)
(0.579783 -1.93294e-18 0)
(0.580593 -1.92926e-18 0)
(0.581397 -1.9265e-18 0)
(0.582197 -1.92334e-18 0)
(0.582993 -1.91991e-18 0)
(0.583783 -1.9162e-18 0)
(0.58457 -1.91221e-18 0)
(0.585351 -1.90794e-18 0)
(0.586128 -1.9034e-18 0)
(0.586901 -1.89859e-18 0)
(0.58767 -1.89352e-18 0)
(0.588434 -1.8882e-18 0)
(0.589193 -1.88266e-18 0)
(0.589949 -1.87691e-18 0)
(0.5907 -1.87097e-18 0)
(0.591447 -1.86486e-18 0)
(0.592189 -1.85862e-18 0)
(0.592928 -1.85228e-18 0)
(0.593662 -1.84589e-18 0)
(0.594392 -1.83951e-18 0)
(0.595118 -1.83326e-18 0)
(0.59584 -1.82727e-18 0)
(0.596558 -1.82176e-18 0)
(0.597272 -1.81699e-18 0)
(0.597982 -1.81337e-18 0)
(0.598688 -1.81172e-18 0)
(0.59939 -1.80993e-18 0)
(0.600088 -1.80613e-18 0)
(0.600783 -1.80439e-18 0)
(0.601473 -1.81126e-18 0)
(0.602159 -1.83461e-18 0)
(0.602842 -1.85858e-18 0)
(0.603521 -1.86377e-18 0)
(0.604196 -1.85768e-18 0)
(0.604868 -1.85017e-18 0)
(0.605535 -1.84542e-18 0)
(0.606199 -1.84141e-18 0)
(0.60686 -1.83602e-18 0)
(0.607517 -1.82992e-18 0)
(0.60817 -1.82342e-18 0)
(0.608819 -1.81683e-18 0)
(0.609465 -1.81043e-18 0)
(0.610107 -1.80433e-18 0)
(0.610746 -1.79861e-18 0)
(0.611381 -1.7933e-18 0)
(0.612013 -1.78839e-18 0)
(0.612641 -1.78389e-18 0)
(0.613266 -1.77975e-18 0)
(0.613887 -1.77604e-18 0)
(0.614505 -1.77271e-18 0)
(0.61512 -1.76973e-18 0)
(0.615731 -1.76703e-18 0)
(0.616338 -1.76459e-18 0)
(0.616943 -1.76235e-18 0)
(0.617544 -1.76028e-18 0)
(0.618142 -1.75835e-18 0)
(0.618736 -1.75662e-18 0)
(0.619327 -1.75505e-18 0)
(0.619915 -1.75361e-18 0)
(0.6205 -1.75228e-18 0)
(0.621081 -1.75101e-18 0)
(0.62166 -1.74981e-18 0)
(0.622235 -1.74863e-18 0)
(0.622806 -1.74748e-18 0)
(0.623375 -1.74634e-18 0)
(0.623941 -1.74518e-18 0)
(0.624503 -1.74402e-18 0)
(0.625063 -1.74283e-18 0)
(0.625619 -1.74161e-18 0)
(0.626172 -1.74036e-18 0)
(0.626722 -1.73907e-18 0)
(0.627269 -1.73773e-18 0)
(0.627813 -1.73636e-18 0)
(0.628354 -1.73493e-18 0)
(0.628892 -1.73346e-18 0)
(0.629427 -1.73194e-18 0)
(0.629959 -1.73038e-18 0)
(0.630488 -1.72876e-18 0)
(0.631015 -1.7271e-18 0)
(0.631538 -1.72539e-18 0)
(0.632058 -1.72364e-18 0)
(0.632576 -1.72184e-18 0)
(0.63309 -1.72e-18 0)
(0.633602 -1.71811e-18 0)
(0.634111 -1.71619e-18 0)
(0.634617 -1.71423e-18 0)
(0.63512 -1.71223e-18 0)
(0.63562 -1.7102e-18 0)
(0.636118 -1.70813e-18 0)
(0.636613 -1.70603e-18 0)
(0.637105 -1.7039e-18 0)
(0.637594 -1.70175e-18 0)
(0.638081 -1.69956e-18 0)
(0.638564 -1.69735e-18 0)
(0.639045 -1.69511e-18 0)
(0.639524 -1.69285e-18 0)
(0.64 -1.69057e-18 0)
(0.640473 -1.68827e-18 0)
(0.640943 -1.68594e-18 0)
(0.641411 -1.6836e-18 0)
(0.641876 -1.68124e-18 0)
(0.642338 -1.67887e-18 0)
(0.642798 -1.67647e-18 0)
(0.643255 -1.67407e-18 0)
(0.64371 -1.67165e-18 0)
(0.644162 -1.66921e-18 0)
(0.644612 -1.66676e-18 0)
(0.645059 -1.6643e-18 0)
(0.645503 -1.66183e-18 0)
(0.645945 -1.65935e-18 0)
(0.646385 -1.65685e-18 0)
(0.646822 -1.65435e-18 0)
(0.647256 -1.65183e-18 0)
(0.647688 -1.64931e-18 0)
(0.648118 -1.64678e-18 0)
(0.648545 -1.64423e-18 0)
(0.648969 -1.64168e-18 0)
(0.649392 -1.63912e-18 0)
(0.649811 -1.63656e-18 0)
(0.650229 -1.63398e-18 0)
(0.650644 -1.6314e-18 0)
(0.651057 -1.62881e-18 0)
(0.651467 -1.62621e-18 0)
(0.651875 -1.62361e-18 0)
(0.65228 -1.62099e-18 0)
(0.652684 -1.61837e-18 0)
(0.653085 -1.61575e-18 0)
(0.653483 -1.61312e-18 0)
(0.65388 -1.61048e-18 0)
(0.654274 -1.60783e-18 0)
(0.654666 -1.60518e-18 0)
(0.655055 -1.60253e-18 0)
(0.655443 -1.59987e-18 0)
(0.655828 -1.5972e-18 0)
(0.656211 -1.59452e-18 0)
(0.656591 -1.59184e-18 0)
(0.65697 -1.58916e-18 0)
(0.657346 -1.58647e-18 0)
(0.65772 -1.58377e-18 0)
(0.658092 -1.58107e-18 0)
(0.658462 -1.57837e-18 0)
(0.658829 -1.57566e-18 0)
(0.659195 -1.57294e-18 0)
(0.659558 -1.57022e-18 0)
(0.659919 -1.5675e-18 0)
(0.660279 -1.56477e-18 0)
(0.660636 -1.56203e-18 0)
(0.660991 -1.55929e-18 0)
(0.661344 -1.55655e-18 0)
(0.661694 -1.5538e-18 0)
(0.662043 -1.55105e-18 0)
(0.66239 -1.5483e-18 0)
(0.662735 -1.54554e-18 0)
(0.663077 -1.54277e-18 0)
(0.663418 -1.54001e-18 0)
(0.663757 -1.53723e-18 0)
(0.664094 -1.53446e-18 0)
(0.664428 -1.53168e-18 0)
(0.664761 -1.5289e-18 0)
(0.665092 -1.52611e-18 0)
(0.665421 -1.52332e-18 0)
(0.665748 -1.52053e-18 0)
(0.666073 -1.51773e-18 0)
(0.666396 -1.51493e-18 0)
(0.666718 -1.51213e-18 0)
(0.667037 -1.50932e-18 0)
(0.667354 -1.50651e-18 0)
(0.66767 -1.5037e-18 0)
(0.667984 -1.50089e-18 0)
(0.668296 -1.49807e-18 0)
(0.668606 -1.49525e-18 0)
(0.668914 -1.49242e-18 0)
(0.66922 -1.4896e-18 0)
(0.669525 -1.48677e-18 0)
(0.669828 -1.48394e-18 0)
(0.670129 -1.4811e-18 0)
(0.670428 -1.47827e-18 0)
(0.670726 -1.47543e-18 0)
(0.671021 -1.47259e-18 0)
(0.671315 -1.46974e-18 0)
(0.671608 -1.4669e-18 0)
(0.671898 -1.46405e-18 0)
(0.672187 -1.4612e-18 0)
(0.672474 -1.45835e-18 0)
(0.67276 -1.45549e-18 0)
(0.673043 -1.45264e-18 0)
(0.673325 -1.44978e-18 0)
(0.673606 -1.44692e-18 0)
(0.673884 -1.44406e-18 0)
(0.674161 -1.4412e-18 0)
(0.674437 -1.43834e-18 0)
(0.67471 -1.43547e-18 0)
(0.674983 -1.4326e-18 0)
(0.675253 -1.42974e-18 0)
(0.675522 -1.42687e-18 0)
(0.675789 -1.424e-18 0)
(0.676055 -1.42113e-18 0)
(0.676319 -1.41825e-18 0)
(0.676582 -1.41538e-18 0)
(0.676843 -1.41251e-18 0)
(0.677102 -1.40963e-18 0)
(0.67736 -1.40676e-18 0)
(0.677617 -1.40388e-18 0)
(0.677871 -1.401e-18 0)
(0.678125 -1.39813e-18 0)
(0.678377 -1.39525e-18 0)
(0.678627 -1.39237e-18 0)
(0.678876 -1.3895e-18 0)
(0.679123 -1.38662e-18 0)
(0.679369 -1.38374e-18 0)
(0.679613 -1.38086e-18 0)
(0.679856 -1.37798e-18 0)
(0.680098 -1.37511e-18 0)
(0.680338 -1.37223e-18 0)
(0.680577 -1.36935e-18 0)
(0.680814 -1.36647e-18 0)
(0.68105 -1.3636e-18 0)
(0.681284 -1.36072e-18 0)
(0.681517 -1.35785e-18 0)
(0.681749 -1.35497e-18 0)
(0.681979 -1.3521e-18 0)
(0.682208 -1.34923e-18 0)
(0.682435 -1.34635e-18 0)
(0.682662 -1.34348e-18 0)
(0.682886 -1.34061e-18 0)
(0.68311 -1.33774e-18 0)
(0.683332 -1.33488e-18 0)
(0.683553 -1.33201e-18 0)
(0.683772 -1.32914e-18 0)
(0.683991 -1.32628e-18 0)
(0.684207 -1.32342e-18 0)
(0.684423 -1.32056e-18 0)
(0.684637 -1.3177e-18 0)
(0.68485 -1.31484e-18 0)
(0.685062 -1.31199e-18 0)
(0.685273 -1.30913e-18 0)
(0.685482 -1.30628e-18 0)
(0.68569 -1.30343e-18 0)
(0.685897 -1.30058e-18 0)
(0.686102 -1.29774e-18 0)
(0.686306 -1.29489e-18 0)
(0.686509 -1.29205e-18 0)
(0.686711 -1.28921e-18 0)
(0.686912 -1.28637e-18 0)
(0.687111 -1.28354e-18 0)
(0.68731 -1.28071e-18 0)
(0.687507 -1.27788e-18 0)
(0.687703 -1.27505e-18 0)
(0.687897 -1.27223e-18 0)
(0.688091 -1.2694e-18 0)
(0.688283 -1.26659e-18 0)
(0.688475 -1.26377e-18 0)
(0.688665 -1.26096e-18 0)
(0.688854 -1.25815e-18 0)
(0.689042 -1.25534e-18 0)
(0.689228 -1.25253e-18 0)
(0.689414 -1.24973e-18 0)
(0.689599 -1.24693e-18 0)
(0.689782 -1.24414e-18 0)
(0.689964 -1.24135e-18 0)
(0.690146 -1.23856e-18 0)
(0.690326 -1.23577e-18 0)
(0.690505 -1.23299e-18 0)
(0.690683 -1.23021e-18 0)
(0.69086 -1.22743e-18 0)
(0.691036 -1.22466e-18 0)
(0.691211 -1.22189e-18 0)
(0.691385 -1.21913e-18 0)
(0.691557 -1.21636e-18 0)
(0.691729 -1.21361e-18 0)
(0.6919 -1.21085e-18 0)
(0.692069 -1.2081e-18 0)
(0.692238 -1.20535e-18 0)
(0.692406 -1.20261e-18 0)
(0.692573 -1.19987e-18 0)
(0.692738 -1.19713e-18 0)
(0.692903 -1.1944e-18 0)
(0.693067 -1.19167e-18 0)
(0.693229 -1.18895e-18 0)
(0.693391 -1.18623e-18 0)
(0.693552 -1.18351e-18 0)
(0.693712 -1.1808e-18 0)
(0.693871 -1.17809e-18 0)
(0.694029 -1.17538e-18 0)
(0.694186 -1.17268e-18 0)
(0.694342 -1.16998e-18 0)
(0.694497 -1.16729e-18 0)
(0.694651 -1.1646e-18 0)
(0.694805 -1.16191e-18 0)
(0.694957 -1.15923e-18 0)
(0.695108 -1.15656e-18 0)
(0.695259 -1.15388e-18 0)
(0.695409 -1.15122e-18 0)
(0.695558 -1.14855e-18 0)
(0.695705 -1.14589e-18 0)
(0.695852 -1.14323e-18 0)
(0.695999 -1.14058e-18 0)
(0.696144 -1.13793e-18 0)
(0.696288 -1.13529e-18 0)
(0.696432 -1.13265e-18 0)
(0.696574 -1.13002e-18 0)
(0.696716 -1.12739e-18 0)
(0.696857 -1.12476e-18 0)
(0.696997 -1.12214e-18 0)
(0.697137 -1.11952e-18 0)
(0.697275 -1.1169e-18 0)
(0.697413 -1.11429e-18 0)
(0.69755 -1.11169e-18 0)
(0.697686 -1.10909e-18 0)
(0.697821 -1.10649e-18 0)
(0.697955 -1.1039e-18 0)
(0.698089 -1.10131e-18 0)
(0.698222 -1.09873e-18 0)
(0.698354 -1.09615e-18 0)
(0.698485 -1.09357e-18 0)
(0.698615 -1.091e-18 0)
(0.698745 -1.08843e-18 0)
(0.698874 -1.08587e-18 0)
(0.699002 -1.08331e-18 0)
(0.699129 -1.08076e-18 0)
(0.699256 -1.07821e-18 0)
(0.699381 -1.07567e-18 0)
(0.699506 -1.07312e-18 0)
(0.699631 -1.07059e-18 0)
(0.699754 -1.06806e-18 0)
(0.699877 -1.06553e-18 0)
(0.699999 -1.063e-18 0)
(0.70012 -1.06048e-18 0)
(0.700241 -1.05797e-18 0)
(0.700361 -1.05546e-18 0)
(0.70048 -1.05295e-18 0)
(0.700598 -1.05045e-18 0)
(0.700716 -1.04795e-18 0)
(0.700833 -1.04546e-18 0)
(0.70095 -1.04297e-18 0)
(0.701065 -1.04048e-18 0)
(0.70118 -1.038e-18 0)
(0.701294 -1.03552e-18 0)
(0.701408 -1.03305e-18 0)
(0.701521 -1.03058e-18 0)
(0.701633 -1.02811e-18 0)
(0.701744 -1.02565e-18 0)
(0.701855 -1.0232e-18 0)
(0.701965 -1.02074e-18 0)
(0.702075 -1.0183e-18 0)
(0.702184 -1.01585e-18 0)
(0.702292 -1.01341e-18 0)
(0.7024 -1.01098e-18 0)
(0.702506 -1.00854e-18 0)
(0.702613 -1.00612e-18 0)
(0.702718 -1.00369e-18 0)
(0.702823 -1.00127e-18 0)
(0.702927 -9.98856e-19 0)
(0.703031 -9.96444e-19 0)
(0.703134 -9.94037e-19 0)
(0.703237 -9.91633e-19 0)
(0.703338 -9.89233e-19 0)
(0.70344 -9.86837e-19 0)
(0.70354 -9.84445e-19 0)
(0.70364 -9.82057e-19 0)
(0.70374 -9.79673e-19 0)
(0.703838 -9.77293e-19 0)
(0.703936 -9.74917e-19 0)
(0.704034 -9.72544e-19 0)
(0.704131 -9.70175e-19 0)
(0.704227 -9.67811e-19 0)
(0.704323 -9.6545e-19 0)
(0.704418 -9.63093e-19 0)
(0.704513 -9.60739e-19 0)
(0.704607 -9.5839e-19 0)
(0.704701 -9.56044e-19 0)
(0.704793 -9.53702e-19 0)
(0.704886 -9.51364e-19 0)
(0.704978 -9.49029e-19 0)
(0.705069 -9.46698e-19 0)
(0.705159 -9.44371e-19 0)
(0.705249 -9.42047e-19 0)
(0.705339 -9.39727e-19 0)
(0.705428 -9.37411e-19 0)
(0.705516 -9.35098e-19 0)
(0.705604 -9.32789e-19 0)
(0.705692 -9.30483e-19 0)
(0.705779 -9.28181e-19 0)
(0.705865 -9.25883e-19 0)
(0.705951 -9.23588e-19 0)
(0.706036 -9.21297e-19 0)
(0.70612 -9.19009e-19 0)
(0.706205 -9.16724e-19 0)
(0.706288 -9.14443e-19 0)
(0.706371 -9.12166e-19 0)
(0.706454 -9.09892e-19 0)
(0.706536 -9.07621e-19 0)
(0.706618 -9.05354e-19 0)
(0.706699 -9.0309e-19 0)
(0.706779 -9.00829e-19 0)
(0.70686 -8.98572e-19 0)
(0.706939 -8.96318e-19 0)
(0.707018 -8.94067e-19 0)
(0.707097 -8.9182e-19 0)
(0.707175 -8.89576e-19 0)
(0.707253 -8.87335e-19 0)
(0.70733 -8.85097e-19 0)
(0.707406 -8.82863e-19 0)
(0.707483 -8.80631e-19 0)
(0.707558 -8.78403e-19 0)
(0.707634 -8.76178e-19 0)
(0.707708 -8.73957e-19 0)
(0.707783 -8.71738e-19 0)
(0.707857 -8.69523e-19 0)
(0.70793 -8.6731e-19 0)
(0.708003 -8.65101e-19 0)
(0.708075 -8.62894e-19 0)
(0.708147 -8.60691e-19 0)
(0.708219 -8.58491e-19 0)
(0.70829 -8.56294e-19 0)
(0.708361 -8.54099e-19 0)
(0.708431 -8.51908e-19 0)
(0.7085 -8.4972e-19 0)
(0.70857 -8.47534e-19 0)
(0.708639 -8.45352e-19 0)
(0.708707 -8.43172e-19 0)
(0.708775 -8.40996e-19 0)
(0.708843 -8.38822e-19 0)
(0.70891 -8.36651e-19 0)
(0.708977 -8.34482e-19 0)
(0.709043 -8.32317e-19 0)
(0.709109 -8.30154e-19 0)
(0.709174 -8.27995e-19 0)
(0.709239 -8.25838e-19 0)
(0.709304 -8.23683e-19 0)
(0.709368 -8.21532e-19 0)
(0.709432 -8.19383e-19 0)
(0.709495 -8.17237e-19 0)
(0.709558 -8.15093e-19 0)
(0.709621 -8.12952e-19 0)
(0.709683 -8.10814e-19 0)
(0.709745 -8.08678e-19 0)
(0.709806 -8.06546e-19 0)
(0.709867 -8.04415e-19 0)
(0.709928 -8.02287e-19 0)
(0.709988 -8.00162e-19 0)
(0.710048 -7.98039e-19 0)
(0.710107 -7.95919e-19 0)
(0.710166 -7.93801e-19 0)
(0.710225 -7.91686e-19 0)
(0.710283 -7.89573e-19 0)
(0.710341 -7.87463e-19 0)
(0.710398 -7.85355e-19 0)
(0.710456 -7.8325e-19 0)
(0.710512 -7.81147e-19 0)
(0.710569 -7.79046e-19 0)
(0.710625 -7.76948e-19 0)
(0.71068 -7.74852e-19 0)
(0.710736 -7.72758e-19 0)
(0.710791 -7.70667e-19 0)
(0.710845 -7.68578e-19 0)
(0.7109 -7.66491e-19 0)
(0.710953 -7.64407e-19 0)
(0.711007 -7.62325e-19 0)
(0.71106 -7.60245e-19 0)
(0.711113 -7.58167e-19 0)
(0.711165 -7.56092e-19 0)
(0.711217 -7.54018e-19 0)
(0.711269 -7.51947e-19 0)
(0.711321 -7.49878e-19 0)
(0.711372 -7.47811e-19 0)
(0.711422 -7.45747e-19 0)
(0.711473 -7.43684e-19 0)
(0.711523 -7.41624e-19 0)
(0.711573 -7.39565e-19 0)
(0.711622 -7.37509e-19 0)
(0.711671 -7.35454e-19 0)
(0.71172 -7.33402e-19 0)
(0.711768 -7.31352e-19 0)
(0.711817 -7.29303e-19 0)
(0.711864 -7.27257e-19 0)
(0.711912 -7.25212e-19 0)
(0.711959 -7.2317e-19 0)
(0.712006 -7.21129e-19 0)
(0.712052 -7.19091e-19 0)
(0.712098 -7.17054e-19 0)
(0.712144 -7.15019e-19 0)
(0.71219 -7.12986e-19 0)
(0.712235 -7.10955e-19 0)
(0.71228 -7.08925e-19 0)
(0.712325 -7.06898e-19 0)
(0.712369 -7.04872e-19 0)
(0.712413 -7.02848e-19 0)
(0.712457 -7.00825e-19 0)
(0.7125 -6.98805e-19 0)
(0.712544 -6.96786e-19 0)
(0.712587 -6.94769e-19 0)
(0.712629 -6.92753e-19 0)
(0.712671 -6.90739e-19 0)
(0.712713 -6.88727e-19 0)
(0.712755 -6.86716e-19 0)
(0.712797 -6.84707e-19 0)
(0.712838 -6.827e-19 0)
(0.712879 -6.80694e-19 0)
(0.712919 -6.78689e-19 0)
(0.712959 -6.76687e-19 0)
(0.712999 -6.74685e-19 0)
(0.713039 -6.72685e-19 0)
(0.713079 -6.70687e-19 0)
(0.713118 -6.6869e-19 0)
(0.713157 -6.66694e-19 0)
(0.713195 -6.647e-19 0)
(0.713234 -6.62708e-19 0)
(0.713272 -6.60716e-19 0)
(0.71331 -6.58726e-19 0)
(0.713347 -6.56737e-19 0)
(0.713385 -6.5475e-19 0)
(0.713422 -6.52764e-19 0)
(0.713459 -6.50779e-19 0)
(0.713495 -6.48795e-19 0)
(0.713531 -6.46812e-19 0)
(0.713567 -6.44831e-19 0)
(0.713603 -6.42851e-19 0)
(0.713639 -6.40872e-19 0)
(0.713674 -6.38894e-19 0)
(0.713709 -6.36917e-19 0)
(0.713744 -6.34941e-19 0)
(0.713778 -6.32967e-19 0)
(0.713813 -6.30993e-19 0)
(0.713847 -6.2902e-19 0)
(0.71388 -6.27048e-19 0)
(0.713914 -6.25078e-19 0)
(0.713947 -6.23108e-19 0)
(0.71398 -6.21139e-19 0)
(0.714013 -6.1917e-19 0)
(0.714046 -6.17203e-19 0)
(0.714078 -6.15237e-19 0)
(0.71411 -6.13271e-19 0)
(0.714142 -6.11306e-19 0)
(0.714174 -6.09342e-19 0)
(0.714205 -6.07378e-19 0)
(0.714237 -6.05415e-19 0)
(0.714268 -6.03453e-19 0)
(0.714298 -6.01491e-19 0)
(0.714329 -5.9953e-19 0)
(0.714359 -5.97569e-19 0)
(0.714389 -5.95609e-19 0)
(0.714419 -5.9365e-19 0)
(0.714449 -5.91691e-19 0)
(0.714479 -5.89732e-19 0)
(0.714508 -5.87774e-19 0)
(0.714537 -5.85816e-19 0)
(0.714566 -5.83858e-19 0)
(0.714594 -5.81901e-19 0)
(0.714623 -5.79943e-19 0)
(0.714651 -5.77986e-19 0)
(0.714679 -5.7603e-19 0)
(0.714707 -5.74073e-19 0)
(0.714734 -5.72117e-19 0)
(0.714762 -5.7016e-19 0)
(0.714789 -5.68204e-19 0)
(0.714816 -5.66248e-19 0)
(0.714842 -5.64291e-19 0)
(0.714869 -5.62335e-19 0)
(0.714895 -5.60378e-19 0)
(0.714922 -5.58421e-19 0)
(0.714948 -5.56465e-19 0)
(0.714973 -5.54507e-19 0)
(0.714999 -5.5255e-19 0)
(0.715024 -5.50592e-19 0)
(0.71505 -5.48634e-19 0)
(0.715075 -5.46676e-19 0)
(0.715099 -5.44717e-19 0)
(0.715124 -5.42758e-19 0)
(0.715148 -5.40798e-19 0)
(0.715173 -5.38838e-19 0)
(0.715197 -5.36877e-19 0)
(0.715221 -5.34915e-19 0)
(0.715244 -5.32953e-19 0)
(0.715268 -5.3099e-19 0)
(0.715291 -5.29027e-19 0)
(0.715315 -5.27062e-19 0)
(0.715338 -5.25097e-19 0)
(0.71536 -5.23131e-19 0)
(0.715383 -5.21164e-19 0)
(0.715406 -5.19196e-19 0)
(0.715428 -5.17227e-19 0)
(0.71545 -5.15257e-19 0)
(0.715472 -5.13286e-19 0)
(0.715494 -5.11314e-19 0)
(0.715515 -5.09341e-19 0)
(0.715537 -5.07367e-19 0)
(0.715558 -5.05391e-19 0)
(0.715579 -5.03414e-19 0)
(0.7156 -5.01436e-19 0)
(0.715621 -4.99457e-19 0)
(0.715642 -4.97476e-19 0)
(0.715662 -4.95494e-19 0)
(0.715682 -4.9351e-19 0)
(0.715703 -4.91525e-19 0)
(0.715723 -4.89538e-19 0)
(0.715742 -4.8755e-19 0)
(0.715762 -4.8556e-19 0)
(0.715782 -4.83568e-19 0)
(0.715801 -4.81575e-19 0)
(0.71582 -4.79581e-19 0)
(0.715839 -4.77584e-19 0)
(0.715858 -4.75586e-19 0)
(0.715877 -4.73586e-19 0)
(0.715896 -4.71584e-19 0)
(0.715914 -4.6958e-19 0)
(0.715932 -4.67575e-19 0)
(0.715951 -4.65568e-19 0)
(0.715969 -4.63558e-19 0)
(0.715986 -4.61547e-19 0)
(0.716004 -4.59534e-19 0)
(0.716022 -4.57519e-19 0)
(0.716039 -4.55502e-19 0)
(0.716057 -4.53483e-19 0)
(0.716074 -4.51461e-19 0)
(0.716091 -4.49438e-19 0)
(0.716108 -4.47413e-19 0)
(0.716124 -4.45386e-19 0)
(0.716141 -4.43356e-19 0)
(0.716158 -4.41325e-19 0)
(0.716174 -4.39291e-19 0)
(0.71619 -4.37255e-19 0)
(0.716206 -4.35218e-19 0)
(0.716222 -4.33178e-19 0)
(0.716238 -4.31136e-19 0)
(0.716254 -4.29091e-19 0)
(0.716269 -4.27045e-19 0)
(0.716285 -4.24997e-19 0)
(0.7163 -4.22946e-19 0)
(0.716315 -4.20894e-19 0)
(0.71633 -4.18839e-19 0)
(0.716345 -4.16782e-19 0)
(0.71636 -4.14723e-19 0)
(0.716374 -4.12662e-19 0)
(0.716389 -4.10599e-19 0)
(0.716403 -4.08534e-19 0)
(0.716418 -4.06467e-19 0)
(0.716432 -4.04398e-19 0)
(0.716446 -4.02327e-19 0)
(0.71646 -4.00255e-19 0)
(0.716474 -3.9818e-19 0)
(0.716487 -3.96103e-19 0)
(0.716501 -3.94025e-19 0)
(0.716514 -3.91945e-19 0)
(0.716528 -3.89863e-19 0)
(0.716541 -3.87779e-19 0)
(0.716554 -3.85694e-19 0)
(0.716567 -3.83607e-19 0)
(0.71658 -3.81518e-19 0)
(0.716593 -3.79428e-19 0)
(0.716605 -3.77337e-19 0)
(0.716618 -3.75244e-19 0)
(0.71663 -3.7315e-19 0)
(0.716643 -3.71054e-19 0)
(0.716655 -3.68957e-19 0)
(0.716667 -3.66859e-19 0)
(0.716679 -3.6476e-19 0)
(0.716691 -3.6266e-19 0)
(0.716703 -3.60559e-19 0)
(0.716714 -3.58457e-19 0)
(0.716726 -3.56354e-19 0)
(0.716737 -3.5425e-19 0)
(0.716749 -3.52146e-19 0)
(0.71676 -3.50041e-19 0)
(0.716771 -3.47935e-19 0)
(0.716782 -3.45829e-19 0)
(0.716793 -3.43722e-19 0)
(0.716804 -3.41615e-19 0)
(0.716815 -3.39508e-19 0)
(0.716825 -3.374e-19 0)
(0.716836 -3.35292e-19 0)
(0.716846 -3.33184e-19 0)
(0.716857 -3.31077e-19 0)
(0.716867 -3.28969e-19 0)
(0.716877 -3.26861e-19 0)
(0.716887 -3.24753e-19 0)
(0.716897 -3.22645e-19 0)
(0.716907 -3.20538e-19 0)
(0.716917 -3.18431e-19 0)
(0.716927 -3.16324e-19 0)
(0.716936 -3.14217e-19 0)
(0.716946 -3.12111e-19 0)
(0.716955 -3.10005e-19 0)
(0.716965 -3.079e-19 0)
(0.716974 -3.05795e-19 0)
(0.716983 -3.0369e-19 0)
(0.716992 -3.01586e-19 0)
(0.717001 -2.99482e-19 0)
(0.71701 -2.97379e-19 0)
(0.717019 -2.95276e-19 0)
(0.717027 -2.93174e-19 0)
(0.717036 -2.91071e-19 0)
(0.717045 -2.88969e-19 0)
(0.717053 -2.86868e-19 0)
(0.717061 -2.84766e-19 0)
(0.71707 -2.82664e-19 0)
(0.717078 -2.80562e-19 0)
(0.717086 -2.7846e-19 0)
(0.717094 -2.76358e-19 0)
(0.717102 -2.74255e-19 0)
(0.71711 -2.72152e-19 0)
(0.717118 -2.70048e-19 0)
(0.717125 -2.67943e-19 0)
(0.717133 -2.65837e-19 0)
(0.717141 -2.63729e-19 0)
(0.717148 -2.6162e-19 0)
(0.717155 -2.59509e-19 0)
(0.717163 -2.57396e-19 0)
(0.71717 -2.55283e-19 0)
(0.717177 -2.53167e-19 0)
(0.717184 -2.5105e-19 0)
(0.717191 -2.4893e-19 0)
(0.717198 -2.46808e-19 0)
(0.717205 -2.44684e-19 0)
(0.717212 -2.42556e-19 0)
(0.717218 -2.40425e-19 0)
(0.717225 -2.38291e-19 0)
(0.717231 -2.36153e-19 0)
(0.717238 -2.3401e-19 0)
(0.717244 -2.31862e-19 0)
(0.717251 -2.2971e-19 0)
(0.717257 -2.27554e-19 0)
(0.717263 -2.25393e-19 0)
(0.717269 -2.23227e-19 0)
(0.717275 -2.21056e-19 0)
(0.717281 -2.18878e-19 0)
(0.717287 -2.16695e-19 0)
(0.717293 -2.14505e-19 0)
(0.717299 -2.12309e-19 0)
(0.717304 -2.10105e-19 0)
(0.71731 -2.07894e-19 0)
(0.717315 -2.05674e-19 0)
(0.717321 -2.03448e-19 0)
(0.717326 -2.01214e-19 0)
(0.717332 -1.98973e-19 0)
(0.717337 -1.96723e-19 0)
(0.717342 -1.94465e-19 0)
(0.717347 -1.92199e-19 0)
(0.717352 -1.89924e-19 0)
(0.717357 -1.8764e-19 0)
(0.717362 -1.85347e-19 0)
(0.717367 -1.83046e-19 0)
(0.717372 -1.80735e-19 0)
(0.717377 -1.78414e-19 0)
(0.717381 -1.76084e-19 0)
(0.717386 -1.73745e-19 0)
(0.71739 -1.71396e-19 0)
(0.717395 -1.69038e-19 0)
(0.717399 -1.6667e-19 0)
(0.717404 -1.64293e-19 0)
(0.717408 -1.61906e-19 0)
(0.717412 -1.5951e-19 0)
(0.717416 -1.57104e-19 0)
(0.71742 -1.54689e-19 0)
(0.717425 -1.52265e-19 0)
(0.717428 -1.49831e-19 0)
(0.717432 -1.47388e-19 0)
(0.717436 -1.44936e-19 0)
(0.71744 -1.42475e-19 0)
(0.717444 -1.40004e-19 0)
(0.717447 -1.37523e-19 0)
(0.717451 -1.35033e-19 0)
(0.717455 -1.32534e-19 0)
(0.717458 -1.30024e-19 0)
(0.717462 -1.27503e-19 0)
(0.717465 -1.24972e-19 0)
(0.717468 -1.22429e-19 0)
(0.717471 -1.19875e-19 0)
(0.717475 -1.17308e-19 0)
(0.717478 -1.14727e-19 0)
(0.717481 -1.12132e-19 0)
(0.717484 -1.09522e-19 0)
(0.717487 -1.06895e-19 0)
(0.71749 -1.04251e-19 0)
(0.717493 -1.01586e-19 0)
(0.717495 -9.89004e-20 0)
(0.717498 -9.61908e-20 0)
(0.717501 -9.34549e-20 0)
(0.717504 -9.06901e-20 0)
(0.717506 -8.78928e-20 0)
(0.717509 -8.50597e-20 0)
(0.717511 -8.2187e-20 0)
(0.717513 -7.927e-20 0)
(0.717516 -7.63039e-20 0)
(0.717518 -7.32831e-20 0)
(0.71752 -7.02016e-20 0)
(0.717522 -6.7053e-20 0)
(0.717525 -6.38298e-20 0)
(0.717527 -6.05243e-20 0)
(0.717529 -5.71278e-20 0)
(0.717531 -5.36311e-20 0)
(0.717533 -5.00246e-20 0)
(0.717534 -4.62983e-20 0)
(0.717536 -4.24415e-20 0)
(0.717538 -3.84432e-20 0)
(0.71754 -3.4292e-20 0)
(0.717541 -2.99768e-20 0)
(0.717543 -2.54865e-20 0)
(0.717544 -2.08105e-20 0)
(0.717546 -1.59384e-20 0)
(0.717547 -1.08613e-20 0)
(0.717549 -5.57121e-21 0)
(0.71755 -6.19335e-23 0)
(0.717551 5.6711e-21 0)
(0.717552 1.16299e-20 0)
(0.717554 1.78143e-20 0)
(0.717555 2.4221e-20 0)
(0.717556 3.08436e-20 0)
(0.717557 3.76726e-20 0)
(0.717558 4.46954e-20 0)
(0.717559 5.18957e-20 0)
(0.717559 5.92544e-20 0)
(0.71756 6.67491e-20 0)
(0.717561 7.43549e-20 0)
(0.717562 8.20449e-20 0)
(0.717562 8.97902e-20 0)
(0.717563 9.75614e-20 0)
(0.717563 1.05329e-19 0)
(0.717564 1.13063e-19 0)
(0.717564 1.20737e-19 0)
(0.717565 1.28329e-19 0)
(0.717565 1.35819e-19 0)
(0.717565 1.43197e-19 0)
(0.717565 1.50465e-19 0)
(0.717565 1.57639e-19 0)
(0.717566 1.64759e-19 0)
(0.717566 1.71902e-19 0)
(0.717566 1.79111e-19 0)
(0.717566 1.87536e-19 0)
(0.717565 1.83529e-19 0)
(0.717565 7.5938e-20 0)
(0.717565 -2.9787e-20 0)
(0.717565 -3.37227e-20 0)
(0.717565 -4.37183e-20 0)
(0.717564 -5.5685e-20 0)
(0.717564 -7.61665e-20 0)
(0.717563 -1.12431e-19 0)
(0.717563 -1.56981e-19 0)
(0.717562 -1.35298e-19 0)
(0.717562 -1.18983e-19 0)
(0.717561 -1.79896e-19 0)
(0.71756 -2.41871e-19 0)
(0.717559 -2.35198e-19 0)
(0.717559 -2.31131e-19 0)
(0.717558 -2.95902e-19 0)
(0.717557 -3.33156e-19 0)
(0.717556 -2.64631e-19 0)
(0.717555 -1.9392e-19 0)
(0.717554 -2.19555e-19 0)
(0.717552 -2.35654e-19 0)
(0.717551 -1.79622e-19 0)
(0.71755 -1.14185e-19 0)
(0.717549 -1.00073e-19 0)
(0.717547 -1.00546e-19 0)
(0.717546 -1.94707e-19 0)
(0.717544 -2.78229e-19 0)
(0.717543 -2.58007e-19 0)
(0.717541 -2.41301e-19 0)
(0.71754 -2.18015e-19 0)
(0.717538 -1.92583e-19 0)
(0.717536 -1.69553e-19 0)
(0.717534 -1.4114e-19 0)
(0.717533 -9.92704e-20 0)
(0.717531 -5.45782e-20 0)
(0.717529 -1.97144e-20 0)
(0.717527 3.34428e-20 0)
(0.717525 4.4863e-20 0)
(0.717523 5.31002e-20 0)
(0.71752 9.66704e-20 0)
(0.717518 1.17372e-19 0)
(0.717516 3.21974e-20 0)
(0.717513 -5.75388e-20 0)
(0.717511 -5.0491e-20 0)
(0.717509 -3.00784e-20 0)
(0.717506 1.97568e-20 0)
(0.717504 6.2952e-20 0)
(0.717501 6.3202e-20 0)
(0.717498 3.90672e-20 0)
(0.717495 5.0867e-20 0)
(0.717493 7.25328e-20 0)
(0.71749 7.38499e-20 0)
(0.717487 8.97764e-20 0)
(0.717484 8.82994e-20 0)
(0.717481 9.26441e-20 0)
(0.717478 1.2483e-19 0)
(0.717475 1.75404e-19 0)
(0.717472 2.14258e-19 0)
(0.717468 2.48556e-19 0)
(0.717465 2.90173e-19 0)
(0.717462 3.36056e-19 0)
(0.717458 4.29761e-19 0)
(0.717455 5.30088e-19 0)
(0.717451 5.91896e-19 0)
(0.717447 6.23349e-19 0)
(0.717444 6.00248e-19 0)
(0.71744 5.64552e-19 0)
(0.717436 5.66299e-19 0)
(0.717432 5.61117e-19 0)
(0.717428 4.82215e-19 0)
(0.717425 3.99858e-19 0)
(0.71742 3.82755e-19 0)
(0.717416 3.81757e-19 0)
(0.717412 4.01066e-19 0)
(0.717408 4.19743e-19 0)
(0.717404 4.15499e-19 0)
(0.717399 4.07164e-19 0)
(0.717395 3.76471e-19 0)
(0.71739 3.49378e-19 0)
(0.717386 3.5361e-19 0)
(0.717381 3.4864e-19 0)
(0.717377 3.67219e-19 0)
(0.717372 3.78858e-19 0)
(0.717367 3.58014e-19 0)
(0.717362 3.64691e-19 0)
(0.717357 3.71934e-19 0)
(0.717352 3.87349e-19 0)
(0.717347 4.18566e-19 0)
(0.717342 4.39091e-19 0)
(0.717337 4.82042e-19 0)
(0.717332 5.26591e-19 0)
(0.717326 5.5233e-19 0)
(0.717321 5.88075e-19 0)
(0.717315 6.03014e-19 0)
(0.71731 6.09412e-19 0)
(0.717304 6.17889e-19 0)
(0.717299 6.1828e-19 0)
(0.717293 5.84461e-19 0)
(0.717287 5.51939e-19 0)
(0.717281 5.49622e-19 0)
(0.717275 5.44377e-19 0)
(0.717269 5.9209e-19 0)
(0.717263 6.47519e-19 0)
(0.717257 6.60266e-19 0)
(0.717251 6.63614e-19 0)
(0.717244 6.83044e-19 0)
(0.717238 7.00026e-19 0)
(0.717231 7.03959e-19 0)
(0.717225 6.99639e-19 0)
(0.717218 6.4564e-19 0)
(0.717212 5.8772e-19 0)
(0.717205 5.69954e-19 0)
(0.717198 5.68182e-19 0)
(0.717191 5.89684e-19 0)
(0.717184 6.05731e-19 0)
(0.717177 5.86895e-19 0)
(0.71717 5.49527e-19 0)
(0.717163 5.23173e-19 0)
(0.717155 5.00798e-19 0)
(0.717148 4.77231e-19 0)
(0.717141 4.60318e-19 0)
(0.717133 4.51669e-19 0)
(0.717125 4.54658e-19 0)
(0.717118 4.72812e-19 0)
(0.71711 5.16814e-19 0)
(0.717102 5.53704e-19 0)
(0.717094 5.49467e-19 0)
(0.717086 5.47061e-19 0)
(0.717078 5.9031e-19 0)
(0.71707 6.38299e-19 0)
(0.717061 6.4376e-19 0)
(0.717053 6.50859e-19 0)
(0.717045 6.97162e-19 0)
(0.717036 7.35386e-19 0)
(0.717027 7.30838e-19 0)
(0.717019 7.27147e-19 0)
(0.71701 7.68033e-19 0)
(0.717001 8.14535e-19 0)
(0.716992 8.72626e-19 0)
(0.716983 8.6576e-19 0)
(0.716974 8.52278e-19 0)
(0.716965 8.42258e-19 0)
(0.716955 8.38926e-19 0)
(0.716946 8.92798e-19 0)
(0.716936 9.22635e-19 0)
(0.716927 9.65176e-19 0)
(0.716917 1.04395e-18 0)
(0.716907 1.11562e-18 0)
(0.716897 1.13729e-18 0)
(0.716887 1.13007e-18 0)
(0.716877 1.12828e-18 0)
(0.716867 1.12855e-18 0)
(0.716857 1.12866e-18 0)
(0.716847 1.15155e-18 0)
(0.716836 1.16324e-18 0)
(0.716825 1.17084e-18 0)
(0.716815 1.18565e-18 0)
(0.716804 1.20673e-18 0)
(0.716793 1.22696e-18 0)
(0.716782 1.25214e-18 0)
(0.716771 1.28795e-18 0)
(0.71676 1.3311e-18 0)
(0.716749 1.42369e-18 0)
(0.716737 1.52115e-18 0)
(0.716726 1.58119e-18 0)
(0.716714 1.61771e-18 0)
(0.716703 1.61192e-18 0)
(0.716691 1.60625e-18 0)
(0.716679 1.64491e-18 0)
(0.716667 1.68754e-18 0)
(0.716655 1.68761e-18 0)
(0.716643 1.6823e-18 0)
(0.71663 1.71239e-18 0)
(0.716618 1.76622e-18 0)
(0.716605 1.81327e-18 0)
(0.716593 1.85171e-18 0)
(0.71658 1.88386e-18 0)
(0.716567 1.90622e-18 0)
(0.716554 1.89846e-18 0)
(0.716541 1.89566e-18 0)
(0.716528 1.92944e-18 0)
(0.716514 1.94184e-18 0)
(0.716501 1.91e-18 0)
(0.716487 1.88436e-18 0)
(0.716474 1.9161e-18 0)
(0.71646 1.9736e-18 0)
(0.716446 2.05727e-18 0)
(0.716432 2.14611e-18 0)
(0.716418 2.21183e-18 0)
(0.716403 2.19419e-18 0)
(0.716389 2.12092e-18 0)
(0.716374 2.11184e-18 0)
(0.71636 2.15244e-18 0)
(0.716345 2.18578e-18 0)
(0.71633 2.17617e-18 0)
(0.716315 2.16666e-18 0)
(0.7163 2.2004e-18 0)
(0.716285 2.23844e-18 0)
(0.716269 2.24275e-18 0)
(0.716254 2.24794e-18 0)
(0.716238 2.28833e-18 0)
(0.716222 2.32552e-18 0)
(0.716206 2.24614e-18 0)
(0.71619 2.15544e-18 0)
(0.716174 2.15772e-18 0)
(0.716158 2.14989e-18 0)
(0.716141 2.16336e-18 0)
(0.716124 2.16928e-18 0)
(0.716108 2.1391e-18 0)
(0.716091 2.09948e-18 0)
(0.716074 2.015e-18 0)
(0.716057 1.92862e-18 0)
(0.716039 1.88123e-18 0)
(0.716022 1.85987e-18 0)
(0.716004 1.8847e-18 0)
(0.715987 1.91322e-18 0)
(0.715969 1.90323e-18 0)
(0.715951 1.86814e-18 0)
(0.715932 1.79561e-18 0)
(0.715914 1.72921e-18 0)
(0.715896 1.70832e-18 0)
(0.715877 1.69289e-18 0)
(0.715858 1.62037e-18 0)
(0.715839 1.56284e-18 0)
(0.71582 1.58525e-18 0)
(0.715801 1.63823e-18 0)
(0.715782 1.66658e-18 0)
(0.715762 1.69965e-18 0)
(0.715742 1.76719e-18 0)
(0.715723 1.74747e-18 0)
(0.715703 1.7283e-18 0)
(0.715682 1.76917e-18 0)
(0.715662 1.80196e-18 0)
(0.715642 1.83402e-18 0)
(0.715621 1.76054e-18 0)
(0.7156 1.68076e-18 0)
(0.715579 1.6983e-18 0)
(0.715558 1.73609e-18 0)
(0.715537 1.74256e-18 0)
(0.715515 1.74582e-18 0)
(0.715494 1.77826e-18 0)
(0.715472 1.81627e-18 0)
(0.71545 1.79191e-18 0)
(0.715428 1.77238e-18 0)
(0.715406 1.82013e-18 0)
(0.715383 1.84389e-18 0)
(0.71536 1.83294e-18 0)
(0.715338 1.82181e-18 0)
(0.715315 1.84634e-18 0)
(0.715291 1.87922e-18 0)
(0.715268 1.89346e-18 0)
(0.715244 1.86232e-18 0)
(0.715221 1.82835e-18 0)
(0.715197 1.83505e-18 0)
(0.715173 1.83986e-18 0)
(0.715148 1.77112e-18 0)
(0.715124 1.70005e-18 0)
(0.715099 1.70378e-18 0)
(0.715075 1.71245e-18 0)
(0.71505 1.65066e-18 0)
(0.715024 1.58698e-18 0)
(0.714999 1.594e-18 0)
(0.714973 1.62481e-18 0)
(0.714948 1.61954e-18 0)
(0.714922 1.61594e-18 0)
(0.714895 1.65153e-18 0)
(0.714869 1.67132e-18 0)
(0.714842 1.70048e-18 0)
(0.714816 1.73755e-18 0)
(0.714789 1.77689e-18 0)
(0.714762 1.81687e-18 0)
(0.714734 1.81056e-18 0)
(0.714707 1.79948e-18 0)
(0.714679 1.82941e-18 0)
(0.714651 1.88098e-18 0)
(0.714623 1.89285e-18 0)
(0.714594 1.90093e-18 0)
(0.714566 1.94704e-18 0)
(0.714537 1.97832e-18 0)
(0.714508 1.91024e-18 0)
(0.714479 1.83933e-18 0)
(0.714449 1.8613e-18 0)
(0.714419 1.9003e-18 0)
(0.71439 1.91197e-18 0)
(0.714359 1.92078e-18 0)
(0.714329 1.94889e-18 0)
(0.714299 1.97367e-18 0)
(0.714268 1.93419e-18 0)
(0.714237 1.89809e-18 0)
(0.714206 1.92905e-18 0)
(0.714174 1.9339e-18 0)
(0.714142 1.96768e-18 0)
(0.71411 1.99536e-18 0)
(0.714078 1.98195e-18 0)
(0.714046 1.98457e-18 0)
(0.714013 2.08614e-18 0)
(0.71398 2.17857e-18 0)
(0.713947 2.16036e-18 0)
(0.713914 2.11264e-18 0)
(0.71388 2.08399e-18 0)
(0.713847 2.05333e-18 0)
(0.713813 2.00155e-18 0)
(0.713778 1.95567e-18 0)
(0.713744 1.85282e-18 0)
(0.713709 1.75919e-18 0)
(0.713674 1.73518e-18 0)
(0.713639 1.70897e-18 0)
(0.713603 1.71189e-18 0)
(0.713567 1.72232e-18 0)
(0.713531 1.7124e-18 0)
(0.713495 1.71271e-18 0)
(0.713459 1.61222e-18 0)
(0.713422 1.50791e-18 0)
(0.713385 1.50099e-18 0)
(0.713347 1.50673e-18 0)
(0.71331 1.53266e-18 0)
(0.713272 1.54634e-18 0)
(0.713234 1.52022e-18 0)
(0.713195 1.47491e-18 0)
(0.713157 1.39966e-18 0)
(0.713118 1.32273e-18 0)
(0.713079 1.27243e-18 0)
(0.713039 1.23996e-18 0)
(0.712999 1.20279e-18 0)
(0.712959 1.16493e-18 0)
(0.712919 1.13099e-18 0)
(0.712879 1.0747e-18 0)
(0.712838 1.05059e-18 0)
(0.712797 1.02915e-18 0)
(0.712755 9.76441e-19 0)
(0.712713 9.15388e-19 0)
(0.712671 8.06015e-19 0)
(0.712629 7.77294e-19 0)
(0.712587 8.61491e-19 0)
(0.712544 8.86999e-19 0)
(0.712501 8.12142e-19 0)
(0.712457 7.23977e-19 0)
(0.712413 6.82299e-19 0)
(0.712369 6.65302e-19 0)
(0.712325 6.62563e-19 0)
(0.71228 6.73665e-19 0)
(0.712235 6.9185e-19 0)
(0.71219 7.05972e-19 0)
(0.712144 6.95276e-19 0)
(0.712099 6.8777e-19 0)
(0.712052 7.05639e-19 0)
(0.712006 7.15693e-19 0)
(0.711959 6.94572e-19 0)
(0.711912 6.86786e-19 0)
(0.711864 7.02623e-19 0)
(0.711817 7.41691e-19 0)
(0.711768 7.23144e-19 0)
(0.71172 6.94131e-19 0)
(0.711671 7.34583e-19 0)
(0.711622 7.61438e-19 0)
(0.711573 7.84367e-19 0)
(0.711523 8.02061e-19 0)
(0.711473 8.13253e-19 0)
(0.711423 8.3148e-19 0)
(0.711372 8.41665e-19 0)
(0.711321 8.46859e-19 0)
(0.711269 8.50346e-19 0)
(0.711217 8.3196e-19 0)
(0.711165 8.52967e-19 0)
(0.711113 8.755e-19 0)
(0.71106 8.64216e-19 0)
(0.711007 8.47929e-19 0)
(0.710953 8.542e-19 0)
(0.7109 8.60674e-19 0)
(0.710845 8.44286e-19 0)
(0.710791 8.43448e-19 0)
(0.710736 8.45111e-19 0)
(0.710681 8.50208e-19 0)
(0.710625 8.58213e-19 0)
(0.710569 8.69234e-19 0)
(0.710512 8.72672e-19 0)
(0.710456 8.80534e-19 0)
(0.710398 8.80875e-19 0)
(0.710341 8.62423e-19 0)
(0.710283 8.25844e-19 0)
(0.710225 8.521e-19 0)
(0.710166 8.73449e-19 0)
(0.710107 8.21571e-19 0)
(0.710048 7.88175e-19 0)
(0.709988 7.6257e-19 0)
(0.709928 7.46784e-19 0)
(0.709867 7.42004e-19 0)
(0.709806 7.5511e-19 0)
(0.709745 7.70838e-19 0)
(0.709683 8.01253e-19 0)
(0.709621 8.54074e-19 0)
(0.709558 8.90217e-19 0)
(0.709495 8.14478e-19 0)
(0.709432 7.47702e-19 0)
(0.709368 7.38461e-19 0)
(0.709304 7.34566e-19 0)
(0.709239 7.59228e-19 0)
(0.709174 7.75001e-19 0)
(0.709109 8.10036e-19 0)
(0.709043 8.43264e-19 0)
(0.708977 8.68743e-19 0)
(0.70891 8.88577e-19 0)
(0.708843 9.05019e-19 0)
(0.708775 9.03675e-19 0)
(0.708707 8.30836e-19 0)
(0.708639 7.52879e-19 0)
(0.70857 7.36345e-19 0)
(0.708501 7.20672e-19 0)
(0.708431 6.67843e-19 0)
(0.708361 6.1577e-19 0)
(0.70829 6.00322e-19 0)
(0.708219 6.0525e-19 0)
(0.708147 5.78259e-19 0)
(0.708075 5.53643e-19 0)
(0.708003 5.65306e-19 0)
(0.70793 5.66352e-19 0)
(0.707857 5.68125e-19 0)
(0.707783 5.74029e-19 0)
(0.707708 5.82984e-19 0)
(0.707634 5.8339e-19 0)
(0.707558 5.92653e-19 0)
(0.707483 6.04136e-19 0)
(0.707407 6.11792e-19 0)
(0.70733 6.22501e-19 0)
(0.707253 6.36855e-19 0)
(0.707175 6.50028e-19 0)
(0.707097 6.61598e-19 0)
(0.707018 7.01478e-19 0)
(0.706939 7.49286e-19 0)
(0.70686 8.0269e-19 0)
(0.70678 8.52753e-19 0)
(0.706699 8.84866e-19 0)
(0.706618 9.1233e-19 0)
(0.706536 9.34112e-19 0)
(0.706454 9.51308e-19 0)
(0.706371 9.48262e-19 0)
(0.706288 8.75299e-19 0)
(0.706205 8.1013e-19 0)
(0.706121 7.95071e-19 0)
(0.706036 7.77406e-19 0)
(0.705951 7.6451e-19 0)
(0.705865 7.3822e-19 0)
(0.705779 7.30088e-19 0)
(0.705692 7.21713e-19 0)
(0.705604 7.12017e-19 0)
(0.705516 6.95171e-19 0)
(0.705428 6.56196e-19 0)
(0.705339 6.34236e-19 0)
(0.70525 6.17834e-19 0)
(0.705159 6.16713e-19 0)
(0.705069 6.11336e-19 0)
(0.704978 6.13113e-19 0)
(0.704886 6.56305e-19 0)
(0.704793 6.83621e-19 0)
(0.704701 6.67329e-19 0)
(0.704607 6.26276e-19 0)
(0.704513 5.40567e-19 0)
(0.704418 4.55406e-19 0)
(0.704323 4.14927e-19 0)
(0.704227 4.07412e-19 0)
(0.704131 4.54197e-19 0)
(0.704034 5.0864e-19 0)
(0.703937 5.23462e-19 0)
(0.703838 5.291e-19 0)
(0.70374 5.3976e-19 0)
(0.70364 5.5364e-19 0)
(0.70354 5.69527e-19 0)
(0.70344 5.95919e-19 0)
(0.703339 5.89495e-19 0)
(0.703237 5.82772e-19 0)
(0.703134 6.08823e-19 0)
(0.703031 6.18471e-19 0)
(0.702928 5.97927e-19 0)
(0.702823 5.88757e-19 0)
(0.702718 5.75395e-19 0)
(0.702613 5.57119e-19 0)
(0.702506 5.99812e-19 0)
(0.7024 6.35159e-19 0)
(0.702292 6.46764e-19 0)
(0.702184 6.67964e-19 0)
(0.702075 6.882e-19 0)
(0.701965 7.08072e-19 0)
(0.701855 7.22069e-19 0)
(0.701744 7.12885e-19 0)
(0.701633 7.27807e-19 0)
(0.701521 7.4184e-19 0)
(0.701408 7.24893e-19 0)
(0.701294 7.04451e-19 0)
(0.70118 7.14207e-19 0)
(0.701065 7.33441e-19 0)
(0.70095 7.35447e-19 0)
(0.700833 7.50953e-19 0)
(0.700716 6.69253e-19 0)
(0.700599 5.88962e-19 0)
(0.70048 6.14613e-19 0)
(0.700361 6.4956e-19 0)
(0.700241 6.80513e-19 0)
(0.70012 7.10457e-19 0)
(0.699999 7.41312e-19 0)
(0.699877 7.76167e-19 0)
(0.699754 8.04224e-19 0)
(0.699631 7.97495e-19 0)
(0.699506 8.11051e-19 0)
(0.699381 8.4957e-19 0)
(0.699256 8.32282e-19 0)
(0.699129 8.08889e-19 0)
(0.699002 8.35398e-19 0)
(0.698874 8.88599e-19 0)
(0.698745 9.40558e-19 0)
(0.698615 9.79449e-19 0)
(0.698485 1.00829e-18 0)
(0.698354 1.02789e-18 0)
(0.698222 1.05277e-18 0)
(0.698089 1.06812e-18 0)
(0.697955 1.08322e-18 0)
(0.697821 1.11531e-18 0)
(0.697686 1.13655e-18 0)
(0.69755 1.05914e-18 0)
(0.697413 9.78095e-19 0)
(0.697275 9.88608e-19 0)
(0.697137 1.00667e-18 0)
(0.696997 1.00178e-18 0)
(0.696857 9.87001e-19 0)
(0.696716 9.73573e-19 0)
(0.696574 9.48928e-19 0)
(0.696432 9.29738e-19 0)
(0.696288 9.14678e-19 0)
(0.696144 9.02133e-19 0)
(0.695999 9.06388e-19 0)
(0.695852 8.90335e-19 0)
(0.695705 8.74718e-19 0)
(0.695558 8.80918e-19 0)
(0.695409 8.60691e-19 0)
(0.695259 7.78249e-19 0)
(0.695108 7.00688e-19 0)
(0.694957 6.90998e-19 0)
(0.694805 6.84311e-19 0)
(0.694651 7.06776e-19 0)
(0.694497 7.25558e-19 0)
(0.694342 7.13713e-19 0)
(0.694186 7.08119e-19 0)
(0.694029 6.92467e-19 0)
(0.693871 6.8051e-19 0)
(0.693712 7.01893e-19 0)
(0.693552 7.08036e-19 0)
(0.693391 7.46594e-19 0)
(0.69323 7.72186e-19 0)
(0.693067 7.23403e-19 0)
(0.692903 6.8049e-19 0)
(0.692738 6.12023e-19 0)
(0.692573 5.65418e-19 0)
(0.692406 5.57744e-19 0)
(0.692238 5.78428e-19 0)
(0.69207 6.65802e-19 0)
(0.6919 7.34899e-19 0)
(0.691729 7.41469e-19 0)
(0.691557 7.40174e-19 0)
(0.691385 7.41679e-19 0)
(0.691211 7.39643e-19 0)
(0.691036 7.33855e-19 0)
(0.69086 7.41201e-19 0)
(0.690683 8.10359e-19 0)
(0.690505 8.78349e-19 0)
(0.690326 8.82315e-19 0)
(0.690146 8.61136e-19 0)
(0.689964 8.44154e-19 0)
(0.689782 8.23433e-19 0)
(0.689599 7.9217e-19 0)
(0.689414 7.64663e-19 0)
(0.689228 7.10079e-19 0)
(0.689042 6.63358e-19 0)
(0.688854 6.59715e-19 0)
(0.688665 6.72955e-19 0)
(0.688475 6.93142e-19 0)
(0.688283 7.21456e-19 0)
(0.688091 7.59711e-19 0)
(0.687897 7.9611e-19 0)
(0.687703 8.0405e-19 0)
(0.687507 8.12223e-19 0)
(0.68731 8.50419e-19 0)
(0.687111 8.85633e-19 0)
(0.686912 9.29451e-19 0)
(0.686711 9.83938e-19 0)
(0.686509 9.99879e-19 0)
(0.686306 1.01143e-18 0)
(0.686102 1.0075e-18 0)
(0.685897 9.87297e-19 0)
(0.68569 1.00077e-18 0)
(0.685482 1.02056e-18 0)
(0.685273 1.02939e-18 0)
(0.685062 1.02572e-18 0)
(0.68485 1.01816e-18 0)
(0.684637 1.02368e-18 0)
(0.684423 1.06933e-18 0)
(0.684207 1.11822e-18 0)
(0.683991 1.12773e-18 0)
(0.683772 1.10975e-18 0)
(0.683553 1.11748e-18 0)
(0.683332 1.12422e-18 0)
(0.68311 1.10332e-18 0)
(0.682886 1.10683e-18 0)
(0.682662 1.17364e-18 0)
(0.682435 1.24115e-18 0)
(0.682208 1.24538e-18 0)
(0.681979 1.24e-18 0)
(0.681749 1.23983e-18 0)
(0.681517 1.24522e-18 0)
(0.681284 1.25693e-18 0)
(0.68105 1.28235e-18 0)
(0.680814 1.33842e-18 0)
(0.680577 1.38905e-18 0)
(0.680338 1.39831e-18 0)
(0.680098 1.37742e-18 0)
(0.679856 1.29538e-18 0)
(0.679613 1.22009e-18 0)
(0.679369 1.21571e-18 0)
(0.679123 1.2147e-18 0)
(0.678876 1.20963e-18 0)
(0.678627 1.19717e-18 0)
(0.678377 1.17776e-18 0)
(0.678125 1.18109e-18 0)
(0.677871 1.24728e-18 0)
(0.677617 1.30866e-18 0)
(0.67736 1.3026e-18 0)
(0.677102 1.28227e-18 0)
(0.676843 1.24641e-18 0)
(0.676582 1.23432e-18 0)
(0.676319 1.22898e-18 0)
(0.676055 1.20889e-18 0)
(0.675789 1.19012e-18 0)
(0.675522 1.19539e-18 0)
(0.675253 1.20098e-18 0)
(0.674983 1.18214e-18 0)
(0.67471 1.17636e-18 0)
(0.674437 1.16987e-18 0)
(0.674161 1.16296e-18 0)
(0.673884 1.15581e-18 0)
(0.673606 1.13808e-18 0)
(0.673325 1.05983e-18 0)
(0.673043 1.00058e-18 0)
(0.67276 1.07433e-18 0)
(0.672474 1.1466e-18 0)
(0.672187 1.15757e-18 0)
(0.671898 1.15518e-18 0)
(0.671608 1.14891e-18 0)
(0.671315 1.13896e-18 0)
(0.671022 1.14804e-18 0)
(0.670726 1.16053e-18 0)
(0.670428 1.1532e-18 0)
(0.670129 1.1543e-18 0)
(0.669828 1.14466e-18 0)
(0.669525 1.15043e-18 0)
(0.66922 1.16002e-18 0)
(0.668914 1.17761e-18 0)
(0.668606 1.25257e-18 0)
(0.668296 1.30776e-18 0)
(0.667984 1.29528e-18 0)
(0.66767 1.25461e-18 0)
(0.667354 1.28368e-18 0)
(0.667037 1.30994e-18 0)
(0.666718 1.26744e-18 0)
(0.666396 1.25607e-18 0)
(0.666073 1.24439e-18 0)
(0.665748 1.2345e-18 0)
(0.665421 1.22747e-18 0)
(0.665092 1.2068e-18 0)
(0.664761 1.18494e-18 0)
(0.664428 1.15945e-18 0)
(0.664094 1.1279e-18 0)
(0.663757 1.1027e-18 0)
(0.663418 1.17805e-18 0)
(0.663077 1.26363e-18 0)
(0.662735 1.28585e-18 0)
(0.66239 1.28997e-18 0)
(0.662043 1.29614e-18 0)
(0.661694 1.30093e-18 0)
(0.661344 1.28071e-18 0)
(0.660991 1.2589e-18 0)
(0.660636 1.26008e-18 0)
(0.660279 1.25672e-18 0)
(0.659919 1.22639e-18 0)
(0.659558 1.21187e-18 0)
(0.659195 1.19836e-18 0)
(0.658829 1.18822e-18 0)
(0.658462 1.18402e-18 0)
(0.658092 1.17238e-18 0)
(0.65772 1.12363e-18 0)
(0.657346 1.07862e-18 0)
(0.65697 1.07901e-18 0)
(0.656591 1.0853e-18 0)
(0.656211 1.05208e-18 0)
(0.655828 1.01271e-18 0)
(0.655443 1.0006e-18 0)
(0.655055 9.70107e-19 0)
(0.654666 8.86889e-19 0)
(0.654274 8.0376e-19 0)
(0.65388 7.66411e-19 0)
(0.653483 7.43907e-19 0)
(0.653085 7.20634e-19 0)
(0.652684 7.13209e-19 0)
(0.65228 6.84497e-19 0)
(0.651875 6.72841e-19 0)
(0.651467 6.57612e-19 0)
(0.651057 6.38365e-19 0)
(0.650644 6.73395e-19 0)
(0.650229 7.22002e-19 0)
(0.649811 7.68634e-19 0)
(0.649392 8.15572e-19 0)
(0.648969 8.6504e-19 0)
(0.648545 9.1234e-19 0)
(0.648118 9.3791e-19 0)
(0.647688 9.64358e-19 0)
(0.647256 1.00841e-18 0)
(0.646822 1.04266e-18 0)
(0.646385 1.10683e-18 0)
(0.645945 1.17254e-18 0)
(0.645503 1.20744e-18 0)
(0.645059 1.21617e-18 0)
(0.644612 1.11589e-18 0)
(0.644162 1.03594e-18 0)
(0.64371 1.06759e-18 0)
(0.643255 1.0931e-18 0)
(0.642798 1.00564e-18 0)
(0.642338 9.23944e-19 0)
(0.641876 9.00242e-19 0)
(0.641411 8.90719e-19 0)
(0.640943 9.15016e-19 0)
(0.640473 9.19087e-19 0)
(0.64 9.49473e-19 0)
(0.639524 9.84772e-19 0)
(0.639045 1.01281e-18 0)
(0.638564 1.03696e-18 0)
(0.638081 1.05974e-18 0)
(0.637594 1.06874e-18 0)
(0.637105 1.01279e-18 0)
(0.636613 9.58465e-19 0)
(0.636118 9.73607e-19 0)
(0.63562 9.91726e-19 0)
(0.63512 9.6974e-19 0)
(0.634617 9.45291e-19 0)
(0.634111 9.55897e-19 0)
(0.633602 9.63017e-19 0)
(0.63309 9.27829e-19 0)
(0.632576 8.87388e-19 0)
(0.632058 8.7769e-19 0)
(0.631538 8.75264e-19 0)
(0.631015 8.72004e-19 0)
(0.630488 8.70102e-19 0)
(0.629959 8.71524e-19 0)
(0.629427 8.79007e-19 0)
(0.628892 8.75425e-19 0)
(0.628354 8.20021e-19 0)
(0.627813 7.61983e-19 0)
(0.627269 7.50584e-19 0)
(0.626722 7.45196e-19 0)
(0.626172 7.06157e-19 0)
(0.625619 6.60215e-19 0)
(0.625063 6.39453e-19 0)
(0.624503 6.22397e-19 0)
(0.623941 6.02942e-19 0)
(0.623375 5.86589e-19 0)
(0.622806 5.99361e-19 0)
(0.622235 6.256e-19 0)
(0.62166 6.08087e-19 0)
(0.621081 5.74136e-19 0)
(0.6205 5.40862e-19 0)
(0.619915 5.0195e-19 0)
(0.619327 5.25925e-19 0)
(0.618736 5.52846e-19 0)
(0.618142 5.17743e-19 0)
(0.617544 4.60872e-19 0)
(0.616943 4.18977e-19 0)
(0.616338 3.85151e-19 0)
(0.615731 3.46667e-19 0)
(0.61512 3.26957e-19 0)
(0.614505 3.19805e-19 0)
(0.613887 3.2448e-19 0)
(0.613266 3.41244e-19 0)
(0.612641 3.52682e-19 0)
(0.612013 2.63808e-19 0)
(0.611381 1.85628e-19 0)
(0.610746 2.39882e-19 0)
(0.610107 2.85812e-19 0)
(0.609465 2.40309e-19 0)
(0.608819 1.89911e-19 0)
(0.60817 2.40594e-19 0)
(0.607517 2.91932e-19 0)
(0.60686 2.17052e-19 0)
(0.6062 1.35424e-19 0)
(0.605535 1.32059e-19 0)
(0.604868 1.45558e-19 0)
(0.604196 1.62151e-19 0)
(0.603521 1.79463e-19 0)
(0.602842 1.98804e-19 0)
(0.60216 2.05095e-19 0)
(0.601473 2.42613e-19 0)
(0.600783 2.78947e-19 0)
(0.600088 2.82444e-19 0)
(0.59939 2.85686e-19 0)
(0.598688 2.64905e-19 0)
(0.597982 2.48252e-19 0)
(0.597272 2.19693e-19 0)
(0.596558 1.91305e-19 0)
(0.59584 1.86099e-19 0)
(0.595118 1.67122e-19 0)
(0.594392 1.4703e-19 0)
(0.593662 1.39287e-19 0)
(0.592928 1.3465e-19 0)
(0.592189 1.32549e-19 0)
(0.591447 1.33735e-19 0)
(0.5907 1.45139e-19 0)
(0.589949 2.22505e-19 0)
(0.589193 3.06197e-19 0)
(0.588434 3.79443e-19 0)
(0.58767 4.27165e-19 0)
(0.586901 3.81616e-19 0)
(0.586129 3.28739e-19 0)
(0.585351 3.10022e-19 0)
(0.58457 2.96746e-19 0)
(0.583783 2.61613e-19 0)
(0.582993 2.26052e-19 0)
(0.582197 2.09995e-19 0)
(0.581397 2.02034e-19 0)
(0.580593 1.94714e-19 0)
(0.579783 1.90266e-19 0)
(0.578969 1.8839e-19 0)
(0.578151 1.72059e-19 0)
(0.577327 1.96595e-19 0)
(0.576499 2.23302e-19 0)
(0.575665 2.07165e-19 0)
(0.574827 1.93252e-19 0)
(0.573984 1.81247e-19 0)
(0.573136 1.66181e-19 0)
(0.572282 1.41908e-19 0)
(0.571424 1.18849e-19 0)
(0.570561 7.04268e-20 0)
(0.569692 2.17791e-20 0)
(0.568818 1.18506e-21 0)
(0.567939 -1.3937e-20 0)
(0.567054 -3.14341e-20 0)
(0.566164 -3.80306e-20 0)
(0.565269 -1.66477e-20 0)
(0.564368 1.5964e-20 0)
(0.563461 9.30633e-20 0)
(0.562549 1.5719e-19 0)
(0.561632 1.51995e-19 0)
(0.560708 1.47661e-19 0)
(0.559779 1.37585e-19 0)
(0.558844 1.26146e-19 0)
(0.557903 1.18519e-19 0)
(0.556956 1.15406e-19 0)
(0.556003 1.49205e-19 0)
(0.555045 1.905e-19 0)
(0.554079 2.02689e-19 0)
(0.553108 2.03214e-19 0)
(0.552131 2.06704e-19 0)
(0.551147 2.09039e-19 0)
(0.550156 2.07479e-19 0)
(0.54916 1.93282e-19 0)
(0.548156 2.20022e-19 0)
(0.547146 2.42326e-19 0)
(0.54613 2.14103e-19 0)
(0.545106 1.82607e-19 0)
(0.544076 1.94162e-19 0)
(0.543038 2.10696e-19 0)
(0.541994 1.93922e-19 0)
(0.540942 1.86532e-19 0)
(0.539884 2.05059e-19 0)
(0.538818 2.30969e-19 0)
(0.537744 2.45606e-19 0)
(0.536663 2.74287e-19 0)
(0.535575 3.01782e-19 0)
(0.534478 3.29634e-19 0)
(0.533374 3.71388e-19 0)
(0.532262 4.02905e-19 0)
(0.531142 4.23202e-19 0)
(0.530014 4.60273e-19 0)
(0.528878 4.49088e-19 0)
(0.527733 4.28802e-19 0)
(0.52658 4.40715e-19 0)
(0.525418 3.79656e-19 0)
(0.524248 3.10409e-19 0)
(0.523068 3.03722e-19 0)
(0.52188 3.06039e-19 0)
(0.520683 3.06587e-19 0)
(0.519476 3.05824e-19 0)
(0.51826 3.03535e-19 0)
(0.517034 2.93705e-19 0)
(0.515799 2.8832e-19 0)
(0.514554 2.80263e-19 0)
(0.513299 2.62007e-19 0)
(0.512033 2.37444e-19 0)
(0.510757 2.3956e-19 0)
(0.509471 2.42494e-19 0)
(0.508174 2.23238e-19 0)
(0.506866 2.11542e-19 0)
(0.505548 2.20064e-19 0)
(0.504217 2.26407e-19 0)
(0.502876 2.10186e-19 0)
(0.501522 1.99338e-19 0)
(0.500157 1.81545e-19 0)
(0.49878 1.64765e-19 0)
(0.49739 1.49675e-19 0)
(0.495988 1.35092e-19 0)
(0.494573 1.04444e-19 0)
(0.493145 6.41064e-20 0)
(0.491704 3.99257e-20 0)
(0.490249 2.60284e-20 0)
(0.48878 2.88097e-20 0)
(0.487297 3.32048e-20 0)
(0.4858 2.37315e-20 0)
(0.484288 1.08511e-20 0)
(0.482761 8.70397e-21 0)
(0.481218 7.28926e-21 0)
(0.47966 3.20523e-22 0)
(0.478086 -2.42107e-21 0)
(0.476495 -5.96699e-21 0)
(0.474888 -9.20204e-21 0)
(0.473263 -1.08586e-20 0)
(0.471621 -1.4815e-20 0)
(0.469961 -3.11564e-21 0)
(0.468282 1.25207e-20 0)
(0.466585 3.18459e-20 0)
(0.464868 5.37526e-20 0)
(0.463131 1.21158e-20 0)
(0.461374 -2.62132e-20 0)
(0.459596 -1.93694e-20 0)
(0.457797 -1.26686e-20 0)
(0.455976 2.87139e-21 0)
(0.454132 1.14905e-20 0)
(0.452265 1.53641e-20 0)
(0.450374 2.30919e-20 0)
(0.448458 2.89944e-20 0)
(0.446518 3.2538e-20 0)
(0.444551 3.29175e-20 0)
(0.442557 2.62655e-20 0)
(0.440536 2.31365e-20 0)
(0.438486 1.79156e-20 0)
(0.436407 4.12372e-21 0)
(0.434298 -1.22776e-20 0)
(0.432158 -1.20066e-20 0)
(0.429985 -2.40841e-21 0)
(0.427778 -2.03031e-20 0)
(0.425537 -3.45052e-20 0)
(0.423261 -7.63806e-20 0)
(0.420947 -1.20738e-19 0)
(0.418595 -1.14291e-19 0)
(0.416203 -1.02326e-19 0)
(0.413769 -9.10601e-20 0)
(0.411293 -8.071e-20 0)
(0.408772 -7.47437e-20 0)
(0.406204 -8.1379e-20 0)
(0.403588 -8.83881e-20 0)
(0.400921 -9.26898e-20 0)
(0.398201 -9.52538e-20 0)
(0.395427 -9.30927e-20 0)
(0.392595 -1.05744e-19 0)
(0.389702 -1.14808e-19 0)
(0.386747 -1.01599e-19 0)
(0.383725 -8.80516e-20 0)
(0.380634 -1.30127e-19 0)
(0.377469 -1.76442e-19 0)
(0.374227 -1.73931e-19 0)
(0.370904 -1.65511e-19 0)
(0.367495 -1.78237e-19 0)
(0.363994 -1.95528e-19 0)
(0.360398 -1.9955e-19 0)
(0.356698 -2.16478e-19 0)
(0.35289 -2.51394e-19 0)
(0.348966 -2.79803e-19 0)
(0.344917 -2.79968e-19 0)
(0.340735 -2.70672e-19 0)
(0.33641 -2.51917e-19 0)
(0.331931 -2.28319e-19 0)
(0.327285 -2.04687e-19 0)
(0.322458 -1.81959e-19 0)
(0.317435 -1.9345e-19 0)
(0.312198 -2.07807e-19 0)
(0.306725 -1.93587e-19 0)
(0.300993 -1.75716e-19 0)
(0.294973 -1.61281e-19 0)
(0.288632 -1.43417e-19 0)
(0.281933 -1.14847e-19 0)
(0.274827 -8.23828e-20 0)
(0.267259 -6.18948e-20 0)
(0.259158 -5.16823e-20 0)
(0.250438 -4.61242e-20 0)
(0.24099 -4.79885e-20 0)
(0.230671 -2.69548e-20 0)
(0.219292 -2.49505e-21 0)
(0.206598 -2.15285e-21 0)
(0.19223 -7.22057e-21 0)
(0.175669 -9.63772e-21 0)
(0.156147 -9.76293e-21 0)
(0.132516 -1.14789e-20 0)
(0.103229 -4.98042e-21 0)
(0.0670085 4.43932e-21 0)
(0.0247548 -6.22257e-21 0)
)
;

boundaryField
{
    top_wall
    {
        type            noSlip;
    }
    inlet
    {
        type            cyclic;
    }
    bot_wall
    {
        type            noSlip;
    }
    outlet
    {
        type            cyclic;
    }
    frontAndBack
    {
        type            empty;
    }
}


// ************************************************************************* //
