0.000250125 	0.0123836 	-5.0934e-19 	0
0.000550275 	0.0268791 	-1.12493e-18 	0
0.000850425 	0.0395616 	-1.7623e-18 	0
0.00115058 	0.052244 	-2.39967e-18 	0
0.00145073 	0.0649265 	-3.03704e-18 	0
0.00175088 	0.0760953 	-3.02442e-18 	0
0.00205103 	0.0869669 	-2.88414e-18 	0
0.00235118 	0.0978385 	-2.74386e-18 	0
0.00265133 	0.107661 	-2.67712e-18 	0
0.00295148 	0.116451 	-2.68269e-18 	0
0.00325163 	0.125242 	-2.68827e-18 	0
0.00355178 	0.13374 	-2.69118e-18 	0
0.00385193 	0.140832 	-2.68134e-18 	0
0.00415208 	0.147925 	-2.6715e-18 	0
0.00445223 	0.155018 	-2.66166e-18 	0
0.00475238 	0.161074 	-2.65463e-18 	0
0.00505253 	0.166933 	-2.64814e-18 	0
0.00535268 	0.172793 	-2.64166e-18 	0
0.00565283 	0.1782 	-2.63756e-18 	0
0.00595298 	0.18317 	-2.63576e-18 	0
0.00625313 	0.188141 	-2.63397e-18 	0
0.00655328 	0.192995 	-2.63197e-18 	0
0.00685343 	0.197307 	-2.62903e-18 	0
0.00715358 	0.20162 	-2.62608e-18 	0
0.00745373 	0.205933 	-2.62314e-18 	0
0.00775388 	0.209821 	-2.6157e-18 	0
0.00805403 	0.213631 	-2.60744e-18 	0
0.00835418 	0.217441 	-2.59917e-18 	0
0.00865433 	0.221048 	-2.59274e-18 	0
0.00895448 	0.224463 	-2.58804e-18 	0
0.00925463 	0.227879 	-2.58333e-18 	0
0.00955478 	0.231236 	-2.57946e-18 	0
0.00985493 	0.234333 	-2.57929e-18 	0
0.0101551 	0.237431 	-2.57913e-18 	0
0.0104552 	0.240528 	-2.57896e-18 	0
0.0107554 	0.243403 	-2.58105e-18 	0
0.0110555 	0.246239 	-2.58352e-18 	0
0.0113557 	0.249074 	-2.586e-18 	0
0.0116558 	0.251797 	-2.58881e-18 	0
0.011956 	0.254414 	-2.59194e-18 	0
0.0122561 	0.257031 	-2.59506e-18 	0
0.0125563 	0.259614 	-2.59839e-18 	0
0.0128564 	0.262045 	-2.60263e-18 	0
0.0131566 	0.264477 	-2.60687e-18 	0
0.0134567 	0.266908 	-2.61111e-18 	0
0.0137569 	0.269203 	-2.61817e-18 	0
0.014057 	0.271475 	-2.62571e-18 	0
0.0143572 	0.273746 	-2.63324e-18 	0
0.0146573 	0.275945 	-2.63968e-18 	0
0.0149575 	0.278078 	-2.64511e-18 	0
0.0152576 	0.280211 	-2.65054e-18 	0
0.0155578 	0.28232 	-2.65497e-18 	0
0.0158579 	0.284331 	-2.65519e-18 	0
0.0161581 	0.286341 	-2.6554e-18 	0
0.0164582 	0.288352 	-2.65562e-18 	0
0.0167584 	0.29027 	-2.65437e-18 	0
0.0170585 	0.292174 	-2.65288e-18 	0
0.0173587 	0.294077 	-2.65139e-18 	0
0.0176588 	0.295929 	-2.65046e-18 	0
0.017959 	0.297736 	-2.65002e-18 	0
0.0182591 	0.299543 	-2.64959e-18 	0
0.0185593 	0.301333 	-2.64925e-18 	0
0.0188594 	0.303053 	-2.64932e-18 	0
0.0191596 	0.304774 	-2.64939e-18 	0
0.0194597 	0.306494 	-2.64945e-18 	0
0.0197599 	0.308147 	-2.64859e-18 	0
0.02006 	0.30979 	-2.64758e-18 	0
0.0203602 	0.311433 	-2.64657e-18 	0
0.0206603 	0.313038 	-2.64522e-18 	0
0.0209605 	0.31461 	-2.64357e-18 	0
0.0212606 	0.316181 	-2.64192e-18 	0
0.0215608 	0.31774 	-2.64028e-18 	0
0.0218609 	0.319248 	-2.63868e-18 	0
0.0221611 	0.320756 	-2.63708e-18 	0
0.0224612 	0.322263 	-2.63549e-18 	0
0.0227614 	0.32372 	-2.63392e-18 	0
0.0230615 	0.325169 	-2.63237e-18 	0
0.0233617 	0.326617 	-2.63081e-18 	0
0.0236618 	0.328037 	-2.62927e-18 	0
0.023962 	0.329431 	-2.62775e-18 	0
0.0242621 	0.330826 	-2.62623e-18 	0
0.0245623 	0.33221 	-2.62471e-18 	0
0.0248624 	0.333554 	-2.62322e-18 	0
0.0251626 	0.334899 	-2.62172e-18 	0
0.0254627 	0.336243 	-2.62023e-18 	0
0.0257629 	0.337547 	-2.61875e-18 	0
0.026063 	0.338845 	-2.61728e-18 	0
0.0263632 	0.340143 	-2.6158e-18 	0
0.0266633 	0.341418 	-2.61434e-18 	0
0.0269635 	0.342673 	-2.61289e-18 	0
0.0272636 	0.343929 	-2.61143e-18 	0
0.0275638 	0.345175 	-2.60998e-18 	0
0.0278639 	0.346391 	-2.60855e-18 	0
0.0281641 	0.347606 	-2.60711e-18 	0
0.0284642 	0.348821 	-2.60567e-18 	0
0.0287644 	0.350003 	-2.60425e-18 	0
0.0290645 	0.351181 	-2.60282e-18 	0
0.0293647 	0.352359 	-2.6014e-18 	0
0.0296648 	0.353518 	-2.59999e-18 	0
0.029965 	0.354661 	-2.59858e-18 	0
0.0302651 	0.355804 	-2.59718e-18 	0
0.0305653 	0.35694 	-2.59578e-18 	0
0.0308654 	0.35805 	-2.59438e-18 	0
0.0311656 	0.359161 	-2.59299e-18 	0
0.0314657 	0.360271 	-2.5916e-18 	0
0.0317659 	0.361354 	-2.59022e-18 	0
0.032066 	0.362433 	-2.58885e-18 	0
0.0323662 	0.363513 	-2.58747e-18 	0
0.0326663 	0.364576 	-2.58611e-18 	0
0.0329665 	0.365627 	-2.58475e-18 	0
0.0332666 	0.366677 	-2.58339e-18 	0
0.0335668 	0.367722 	-2.58203e-18 	0
0.0338669 	0.368745 	-2.58069e-18 	0
0.0341671 	0.369769 	-2.57935e-18 	0
0.0344672 	0.370792 	-2.57801e-18 	0
0.0347674 	0.371793 	-2.57668e-18 	0
0.0350675 	0.37279 	-2.57536e-18 	0
0.0353677 	0.373787 	-2.57404e-18 	0
0.0356678 	0.374771 	-2.57273e-18 	0
0.035968 	0.375744 	-2.57142e-18 	0
0.0362681 	0.376717 	-2.57012e-18 	0
0.0365683 	0.377685 	-2.56882e-18 	0
0.0368684 	0.378635 	-2.56754e-18 	0
0.0371686 	0.379585 	-2.56626e-18 	0
0.0374687 	0.380535 	-2.56497e-18 	0
0.0377689 	0.381465 	-2.56371e-18 	0
0.038069 	0.382393 	-2.56244e-18 	0
0.0383692 	0.383321 	-2.56118e-18 	0
0.0386693 	0.384237 	-2.55993e-18 	0
0.0389695 	0.385144 	-2.55869e-18 	0
0.0392696 	0.386051 	-2.55745e-18 	0
0.0395698 	0.386953 	-2.55622e-18 	0
0.0398699 	0.38784 	-2.555e-18 	0
0.0401701 	0.388727 	-2.55378e-18 	0
0.0404702 	0.389614 	-2.55256e-18 	0
0.0407704 	0.390484 	-2.55136e-18 	0
0.0410705 	0.391353 	-2.55016e-18 	0
0.0413707 	0.392221 	-2.54897e-18 	0
0.0416708 	0.393079 	-2.54778e-18 	0
0.041971 	0.393929 	-2.54661e-18 	0
0.0422711 	0.394779 	-2.54543e-18 	0
0.0425713 	0.395625 	-2.54427e-18 	0
0.0428714 	0.396457 	-2.54311e-18 	0
0.0431716 	0.39729 	-2.54195e-18 	0
0.0434717 	0.398123 	-2.5408e-18 	0
0.0437719 	0.398941 	-2.53966e-18 	0
0.044072 	0.399757 	-2.53853e-18 	0
0.0443722 	0.400573 	-2.5374e-18 	0
0.0446723 	0.401381 	-2.53628e-18 	0
0.0449725 	0.402181 	-2.53517e-18 	0
0.0452726 	0.402982 	-2.53406e-18 	0
0.0455728 	0.403778 	-2.53296e-18 	0
0.0458729 	0.404564 	-2.53186e-18 	0
0.0461731 	0.405349 	-2.53077e-18 	0
0.0464732 	0.406134 	-2.52968e-18 	0
0.0467734 	0.406906 	-2.5286e-18 	0
0.0470735 	0.407677 	-2.52753e-18 	0
0.0473737 	0.408448 	-2.52646e-18 	0
0.0476738 	0.40921 	-2.5254e-18 	0
0.047974 	0.409967 	-2.52434e-18 	0
0.0482741 	0.410724 	-2.52329e-18 	0
0.0485743 	0.411477 	-2.52223e-18 	0
0.0488744 	0.41222 	-2.5212e-18 	0
0.0491746 	0.412963 	-2.52016e-18 	0
0.0494747 	0.413706 	-2.51913e-18 	0
0.0497749 	0.414438 	-2.51811e-18 	0
0.050075 	0.415169 	-2.51708e-18 	0
0.0503752 	0.415899 	-2.51606e-18 	0
0.0506753 	0.416622 	-2.51505e-18 	0
0.0509755 	0.41734 	-2.51405e-18 	0
0.0512756 	0.418058 	-2.51304e-18 	0
0.0515758 	0.418773 	-2.51204e-18 	0
0.0518759 	0.419479 	-2.51105e-18 	0
0.0521761 	0.420185 	-2.51006e-18 	0
0.0524762 	0.420891 	-2.50907e-18 	0
0.0527764 	0.421587 	-2.50809e-18 	0
0.0530765 	0.422281 	-2.50712e-18 	0
0.0533767 	0.422976 	-2.50614e-18 	0
0.0536768 	0.423663 	-2.50517e-18 	0
0.053977 	0.424347 	-2.5042e-18 	0
0.0542771 	0.42503 	-2.50324e-18 	0
0.0545773 	0.42571 	-2.50227e-18 	0
0.0548774 	0.426383 	-2.50132e-18 	0
0.0551776 	0.427055 	-2.50037e-18 	0
0.0554777 	0.427728 	-2.49941e-18 	0
0.0557779 	0.428391 	-2.49847e-18 	0
0.056078 	0.429054 	-2.49752e-18 	0
0.0563782 	0.429716 	-2.49658e-18 	0
0.0566783 	0.430373 	-2.49565e-18 	0
0.0569785 	0.431025 	-2.49471e-18 	0
0.0572786 	0.431677 	-2.49378e-18 	0
0.0575788 	0.432327 	-2.49285e-18 	0
0.0578789 	0.432969 	-2.49192e-18 	0
0.0581791 	0.433611 	-2.49099e-18 	0
0.0584792 	0.434254 	-2.49006e-18 	0
0.0587794 	0.434887 	-2.48915e-18 	0
0.0590795 	0.43552 	-2.48823e-18 	0
0.0593797 	0.436153 	-2.48731e-18 	0
0.0596798 	0.436781 	-2.48639e-18 	0
0.05998 	0.437405 	-2.48548e-18 	0
0.0602801 	0.438029 	-2.48457e-18 	0
0.0605803 	0.438651 	-2.48366e-18 	0
0.0608804 	0.439266 	-2.48275e-18 	0
0.0611806 	0.439881 	-2.48184e-18 	0
0.0614807 	0.440497 	-2.48094e-18 	0
0.0617809 	0.441104 	-2.48004e-18 	0
0.062081 	0.44171 	-2.47914e-18 	0
0.0623812 	0.442317 	-2.47824e-18 	0
0.0626813 	0.442919 	-2.47734e-18 	0
0.0629815 	0.443517 	-2.47644e-18 	0
0.0632816 	0.444116 	-2.47554e-18 	0
0.0635818 	0.444712 	-2.47465e-18 	0
0.0638819 	0.445302 	-2.47376e-18 	0
0.0641821 	0.445892 	-2.47286e-18 	0
0.0644822 	0.446482 	-2.47197e-18 	0
0.0647824 	0.447065 	-2.47108e-18 	0
0.0650825 	0.447648 	-2.47019e-18 	0
0.0653827 	0.44823 	-2.4693e-18 	0
0.0656828 	0.448808 	-2.46841e-18 	0
0.065983 	0.449383 	-2.46752e-18 	0
0.0662831 	0.449958 	-2.46663e-18 	0
0.0665833 	0.450532 	-2.46574e-18 	0
0.0668834 	0.451099 	-2.46486e-18 	0
0.0671836 	0.451667 	-2.46397e-18 	0
0.0674837 	0.452234 	-2.46309e-18 	0
0.0677839 	0.452795 	-2.4622e-18 	0
0.068084 	0.453355 	-2.46132e-18 	0
0.0683842 	0.453916 	-2.46043e-18 	0
0.0686843 	0.454472 	-2.45955e-18 	0
0.0689845 	0.455025 	-2.45866e-18 	0
0.0692846 	0.455579 	-2.45778e-18 	0
0.0695848 	0.45613 	-2.45689e-18 	0
0.0698849 	0.456677 	-2.456e-18 	0
0.0701851 	0.457224 	-2.45512e-18 	0
0.0704852 	0.45777 	-2.45423e-18 	0
0.0707854 	0.45831 	-2.45335e-18 	0
0.0710855 	0.45885 	-2.45247e-18 	0
0.0713857 	0.45939 	-2.45159e-18 	0
0.0716858 	0.459926 	-2.4507e-18 	0
0.071986 	0.46046 	-2.44982e-18 	0
0.0722861 	0.460994 	-2.44893e-18 	0
0.0725863 	0.461526 	-2.44805e-18 	0
0.0728864 	0.462053 	-2.44716e-18 	0
0.0731866 	0.46258 	-2.44627e-18 	0
0.0734867 	0.463108 	-2.44539e-18 	0
0.0737869 	0.463629 	-2.4445e-18 	0
0.074087 	0.464151 	-2.44361e-18 	0
0.0743872 	0.464672 	-2.44272e-18 	0
0.0746873 	0.46519 	-2.44184e-18 	0
0.0749875 	0.465705 	-2.44095e-18 	0
0.0752876 	0.46622 	-2.44007e-18 	0
0.0755878 	0.466734 	-2.43918e-18 	0
0.0758879 	0.467243 	-2.43829e-18 	0
0.0761881 	0.467753 	-2.4374e-18 	0
0.0764882 	0.468262 	-2.43651e-18 	0
0.0767884 	0.468766 	-2.43562e-18 	0
0.0770885 	0.46927 	-2.43473e-18 	0
0.0773887 	0.469774 	-2.43384e-18 	0
0.0776888 	0.470274 	-2.43295e-18 	0
0.077989 	0.470773 	-2.43206e-18 	0
0.0782891 	0.471271 	-2.43117e-18 	0
0.0785893 	0.471768 	-2.43027e-18 	0
0.0788894 	0.47226 	-2.42938e-18 	0
0.0791896 	0.472753 	-2.42849e-18 	0
0.0794897 	0.473246 	-2.42759e-18 	0
0.0797899 	0.473734 	-2.4267e-18 	0
0.08009 	0.474222 	-2.4258e-18 	0
0.0803902 	0.47471 	-2.42491e-18 	0
0.0806903 	0.475194 	-2.42401e-18 	0
0.0809905 	0.475676 	-2.42312e-18 	0
0.0812906 	0.476159 	-2.42222e-18 	0
0.0815908 	0.476639 	-2.42133e-18 	0
0.0818909 	0.477117 	-2.42043e-18 	0
0.0821911 	0.477595 	-2.41953e-18 	0
0.0824912 	0.478072 	-2.41864e-18 	0
0.0827914 	0.478545 	-2.41774e-18 	0
0.0830915 	0.479017 	-2.41684e-18 	0
0.0833917 	0.47949 	-2.41593e-18 	0
0.0836918 	0.479959 	-2.41503e-18 	0
0.083992 	0.480427 	-2.41413e-18 	0
0.0842921 	0.480894 	-2.41323e-18 	0
0.0845923 	0.48136 	-2.41233e-18 	0
0.0848924 	0.481824 	-2.41143e-18 	0
0.0851926 	0.482287 	-2.41053e-18 	0
0.0854927 	0.48275 	-2.40963e-18 	0
0.0857929 	0.483208 	-2.40873e-18 	0
0.086093 	0.483667 	-2.40783e-18 	0
0.0863932 	0.484125 	-2.40693e-18 	0
0.0866933 	0.48458 	-2.40603e-18 	0
0.0869935 	0.485034 	-2.40512e-18 	0
0.0872936 	0.485488 	-2.40422e-18 	0
0.0875938 	0.48594 	-2.40332e-18 	0
0.0878939 	0.48639 	-2.40242e-18 	0
0.0881941 	0.486839 	-2.40152e-18 	0
0.0884942 	0.487288 	-2.40062e-18 	0
0.0887944 	0.487734 	-2.39972e-18 	0
0.0890945 	0.488179 	-2.39882e-18 	0
0.0893947 	0.488624 	-2.39792e-18 	0
0.0896948 	0.489066 	-2.39702e-18 	0
0.089995 	0.489507 	-2.39612e-18 	0
0.0902951 	0.489948 	-2.39521e-18 	0
0.0905953 	0.490388 	-2.39431e-18 	0
0.0908954 	0.490824 	-2.39341e-18 	0
0.0911956 	0.491261 	-2.39251e-18 	0
0.0914957 	0.491698 	-2.39161e-18 	0
0.0917959 	0.49213 	-2.39072e-18 	0
0.092096 	0.492563 	-2.38982e-18 	0
0.0923962 	0.492995 	-2.38892e-18 	0
0.0926963 	0.493425 	-2.38802e-18 	0
0.0929965 	0.493854 	-2.38713e-18 	0
0.0932966 	0.494283 	-2.38624e-18 	0
0.0935968 	0.49471 	-2.38534e-18 	0
0.0938969 	0.495135 	-2.38445e-18 	0
0.0941971 	0.495559 	-2.38356e-18 	0
0.0944972 	0.495984 	-2.38267e-18 	0
0.0947974 	0.496405 	-2.38178e-18 	0
0.0950975 	0.496826 	-2.3809e-18 	0
0.0953977 	0.497247 	-2.38001e-18 	0
0.0956978 	0.497665 	-2.37913e-18 	0
0.095998 	0.498082 	-2.37825e-18 	0
0.0962981 	0.498499 	-2.37736e-18 	0
0.0965983 	0.498915 	-2.37648e-18 	0
0.0968984 	0.499329 	-2.3756e-18 	0
0.0971986 	0.499742 	-2.37472e-18 	0
0.0974987 	0.500155 	-2.37384e-18 	0
0.0977989 	0.500565 	-2.37297e-18 	0
0.098099 	0.500975 	-2.3721e-18 	0
0.0983992 	0.501384 	-2.37123e-18 	0
0.0986993 	0.501792 	-2.37037e-18 	0
0.0989995 	0.502198 	-2.3695e-18 	0
0.0992996 	0.502605 	-2.36864e-18 	0
0.0995998 	0.50301 	-2.36777e-18 	0
0.0998999 	0.503412 	-2.36692e-18 	0
0.1002 	0.503815 	-2.36606e-18 	0
0.1005 	0.504217 	-2.3652e-18 	0
0.1008 	0.504617 	-2.36435e-18 	0
0.101101 	0.505016 	-2.36351e-18 	0
0.101401 	0.505415 	-2.36266e-18 	0
0.101701 	0.505812 	-2.36182e-18 	0
0.102001 	0.506208 	-2.36098e-18 	0
0.102301 	0.506604 	-2.36014e-18 	0
0.102601 	0.506999 	-2.3593e-18 	0
0.102901 	0.507391 	-2.35848e-18 	0
0.103202 	0.507784 	-2.35765e-18 	0
0.103502 	0.508176 	-2.35683e-18 	0
0.103802 	0.508566 	-2.35601e-18 	0
0.104102 	0.508955 	-2.3552e-18 	0
0.104402 	0.509344 	-2.35439e-18 	0
0.104702 	0.509731 	-2.35358e-18 	0
0.105003 	0.510117 	-2.35278e-18 	0
0.105303 	0.510503 	-2.35198e-18 	0
0.105603 	0.510888 	-2.35118e-18 	0
0.105903 	0.511271 	-2.35039e-18 	0
0.106203 	0.511654 	-2.34961e-18 	0
0.106503 	0.512037 	-2.34882e-18 	0
0.106803 	0.512417 	-2.34805e-18 	0
0.107104 	0.512796 	-2.34728e-18 	0
0.107404 	0.513176 	-2.34652e-18 	0
0.107704 	0.513554 	-2.34576e-18 	0
0.108004 	0.513931 	-2.345e-18 	0
0.108304 	0.514308 	-2.34425e-18 	0
0.108604 	0.514684 	-2.34351e-18 	0
0.108904 	0.515058 	-2.34277e-18 	0
0.109205 	0.515431 	-2.34204e-18 	0
0.109505 	0.515805 	-2.34131e-18 	0
0.109805 	0.516176 	-2.3406e-18 	0
0.110105 	0.516546 	-2.33989e-18 	0
0.110405 	0.516917 	-2.33917e-18 	0
0.110705 	0.517286 	-2.33848e-18 	0
0.111006 	0.517654 	-2.33779e-18 	0
0.111306 	0.518022 	-2.3371e-18 	0
0.111606 	0.518389 	-2.33641e-18 	0
0.111906 	0.518754 	-2.33574e-18 	0
0.112206 	0.519119 	-2.33508e-18 	0
0.112506 	0.519484 	-2.33441e-18 	0
0.112806 	0.519846 	-2.33376e-18 	0
0.113107 	0.520208 	-2.33312e-18 	0
0.113407 	0.52057 	-2.33247e-18 	0
0.113707 	0.520931 	-2.33184e-18 	0
0.114007 	0.52129 	-2.33122e-18 	0
0.114307 	0.521649 	-2.3306e-18 	0
0.114607 	0.522007 	-2.32999e-18 	0
0.114907 	0.522364 	-2.32939e-18 	0
0.115208 	0.522721 	-2.32878e-18 	0
0.115508 	0.523077 	-2.32818e-18 	0
0.115808 	0.523431 	-2.3276e-18 	0
0.116108 	0.523786 	-2.32701e-18 	0
0.116408 	0.52414 	-2.32643e-18 	0
0.116708 	0.524492 	-2.32585e-18 	0
0.117009 	0.524843 	-2.32528e-18 	0
0.117309 	0.525194 	-2.32471e-18 	0
0.117609 	0.525544 	-2.32415e-18 	0
0.117909 	0.525893 	-2.32358e-18 	0
0.118209 	0.526242 	-2.32302e-18 	0
0.118509 	0.526591 	-2.32245e-18 	0
0.118809 	0.526937 	-2.32189e-18 	0
0.11911 	0.527283 	-2.32132e-18 	0
0.11941 	0.527629 	-2.32075e-18 	0
0.11971 	0.527973 	-2.32017e-18 	0
0.12001 	0.528317 	-2.31958e-18 	0
0.12031 	0.528661 	-2.31899e-18 	0
0.12061 	0.529003 	-2.31839e-18 	0
0.12091 	0.529344 	-2.31777e-18 	0
0.121211 	0.529685 	-2.31714e-18 	0
0.121511 	0.530026 	-2.31652e-18 	0
0.121811 	0.530365 	-2.31583e-18 	0
0.122111 	0.530703 	-2.31514e-18 	0
0.122411 	0.531042 	-2.31445e-18 	0
0.122711 	0.531379 	-2.3137e-18 	0
0.123012 	0.531715 	-2.31291e-18 	0
0.123312 	0.532051 	-2.31213e-18 	0
0.123612 	0.532386 	-2.3113e-18 	0
0.123912 	0.53272 	-2.31038e-18 	0
0.124212 	0.533054 	-2.30947e-18 	0
0.124512 	0.533388 	-2.30855e-18 	0
0.124812 	0.533719 	-2.30749e-18 	0
0.125113 	0.53405 	-2.30644e-18 	0
0.125413 	0.534382 	-2.30539e-18 	0
0.125713 	0.534712 	-2.30419e-18 	0
0.126013 	0.535041 	-2.30294e-18 	0
0.126313 	0.53537 	-2.30169e-18 	0
0.126613 	0.535698 	-2.30034e-18 	0
0.126913 	0.536025 	-2.29883e-18 	0
0.127214 	0.536351 	-2.29733e-18 	0
0.127514 	0.536678 	-2.29581e-18 	0
0.127814 	0.537002 	-2.29401e-18 	0
0.128114 	0.537327 	-2.29222e-18 	0
0.128414 	0.537651 	-2.29042e-18 	0
0.128714 	0.537974 	-2.28836e-18 	0
0.129015 	0.538297 	-2.2862e-18 	0
0.129315 	0.538619 	-2.28404e-18 	0
0.129615 	0.53894 	-2.28172e-18 	0
0.129915 	0.53926 	-2.27914e-18 	0
0.130215 	0.53958 	-2.27657e-18 	0
0.130515 	0.5399 	-2.27398e-18 	0
0.130815 	0.540218 	-2.27095e-18 	0
0.131116 	0.540535 	-2.26792e-18 	0
0.131416 	0.540853 	-2.26489e-18 	0
0.131716 	0.541169 	-2.26144e-18 	0
0.132016 	0.541485 	-2.25782e-18 	0
0.132316 	0.541801 	-2.25421e-18 	0
0.132616 	0.542115 	-2.25069e-18 	0
0.132916 	0.542429 	-2.24734e-18 	0
0.133217 	0.542742 	-2.24399e-18 	0
0.133517 	0.543055 	-2.24064e-18 	0
0.133817 	0.543367 	-2.23746e-18 	0
0.134117 	0.543679 	-2.23427e-18 	0
0.134417 	0.54399 	-2.23109e-18 	0
0.134717 	0.5443 	-2.22731e-18 	0
0.135018 	0.544609 	-2.2233e-18 	0
0.135318 	0.544918 	-2.21929e-18 	0
0.135618 	0.545227 	-2.21493e-18 	0
0.135918 	0.545534 	-2.21004e-18 	0
0.136218 	0.545841 	-2.20514e-18 	0
0.136518 	0.546149 	-2.20019e-18 	0
0.136818 	0.546454 	-2.19426e-18 	0
0.137119 	0.546758 	-2.18832e-18 	0
0.137419 	0.547063 	-2.18239e-18 	0
0.137719 	0.547367 	-2.17566e-18 	0
0.138019 	0.54767 	-2.16864e-18 	0
0.138319 	0.547973 	-2.16161e-18 	0
0.138619 	0.548276 	-2.15386e-18 	0
0.138919 	0.548577 	-2.14501e-18 	0
0.13922 	0.548878 	-2.13615e-18 	0
0.13952 	0.54918 	-2.12704e-18 	0
0.13982 	0.549479 	-2.1142e-18 	0
0.14012 	0.549778 	-2.10137e-18 	0
0.14042 	0.550077 	-2.08854e-18 	0
0.14072 	0.550374 	-2.07591e-18 	0
0.141021 	0.550672 	-2.06336e-18 	0
0.141321 	0.550969 	-2.05081e-18 	0
0.141621 	0.551266 	-2.03968e-18 	0
0.141921 	0.551561 	-2.03065e-18 	0
0.142221 	0.551857 	-2.02162e-18 	0
0.142521 	0.552152 	-2.01263e-18 	0
0.142821 	0.552445 	-2.00417e-18 	0
0.143122 	0.552738 	-1.99571e-18 	0
0.143422 	0.553032 	-1.98725e-18 	0
0.143722 	0.553323 	-1.97861e-18 	0
0.144022 	0.553615 	-1.96991e-18 	0
0.144322 	0.553906 	-1.96121e-18 	0
0.144622 	0.554197 	-1.95273e-18 	0
0.144922 	0.554487 	-1.94457e-18 	0
0.145223 	0.554777 	-1.93641e-18 	0
0.145523 	0.555067 	-1.92834e-18 	0
0.145823 	0.555354 	-1.92141e-18 	0
0.146123 	0.555642 	-1.91447e-18 	0
0.146423 	0.555929 	-1.90753e-18 	0
0.146723 	0.556216 	-1.90138e-18 	0
0.147024 	0.556502 	-1.8955e-18 	0
0.147324 	0.556788 	-1.88962e-18 	0
0.147624 	0.557073 	-1.88413e-18 	0
0.147924 	0.557357 	-1.87918e-18 	0
0.148224 	0.557642 	-1.87424e-18 	0
0.148524 	0.557926 	-1.86936e-18 	0
0.148824 	0.558208 	-1.86526e-18 	0
0.149125 	0.558491 	-1.86116e-18 	0
0.149425 	0.558773 	-1.85706e-18 	0
0.149725 	0.559054 	-1.85353e-18 	0
0.150025 	0.559335 	-1.85019e-18 	0
0.150325 	0.559616 	-1.84685e-18 	0
0.150625 	0.559895 	-1.84379e-18 	0
0.150925 	0.560174 	-1.84112e-18 	0
0.151226 	0.560453 	-1.83846e-18 	0
0.151526 	0.560732 	-1.83584e-18 	0
0.151826 	0.561009 	-1.83377e-18 	0
0.152126 	0.561286 	-1.8317e-18 	0
0.152426 	0.561564 	-1.82963e-18 	0
0.152726 	0.56184 	-1.82792e-18 	0
0.153027 	0.562115 	-1.82632e-18 	0
0.153327 	0.56239 	-1.82472e-18 	0
0.153627 	0.562665 	-1.8233e-18 	0
0.153927 	0.562938 	-1.82211e-18 	0
0.154227 	0.563212 	-1.82093e-18 	0
0.154527 	0.563486 	-1.81977e-18 	0
0.154827 	0.563758 	-1.81894e-18 	0
0.155128 	0.56403 	-1.81811e-18 	0
0.155428 	0.564302 	-1.81727e-18 	0
0.155728 	0.564573 	-1.81663e-18 	0
0.156028 	0.564844 	-1.81606e-18 	0
0.156328 	0.565114 	-1.81548e-18 	0
0.156628 	0.565384 	-1.815e-18 	0
0.156928 	0.565652 	-1.81465e-18 	0
0.157229 	0.565921 	-1.8143e-18 	0
0.157529 	0.56619 	-1.81396e-18 	0
0.157829 	0.566457 	-1.81376e-18 	0
0.158129 	0.566724 	-1.81356e-18 	0
0.158429 	0.566991 	-1.81337e-18 	0
0.158729 	0.567257 	-1.81327e-18 	0
0.15903 	0.567523 	-1.8132e-18 	0
0.15933 	0.567788 	-1.81314e-18 	0
0.15963 	0.568053 	-1.81311e-18 	0
0.15993 	0.568317 	-1.81313e-18 	0
0.16023 	0.568581 	-1.81314e-18 	0
0.16053 	0.568844 	-1.81317e-18 	0
0.16083 	0.569107 	-1.81322e-18 	0
0.161131 	0.569369 	-1.81328e-18 	0
0.161431 	0.569631 	-1.81334e-18 	0
0.161731 	0.569892 	-1.8134e-18 	0
0.162031 	0.570153 	-1.81346e-18 	0
0.162331 	0.570413 	-1.81352e-18 	0
0.162631 	0.570673 	-1.81358e-18 	0
0.162931 	0.570933 	-1.81364e-18 	0
0.163232 	0.571192 	-1.81371e-18 	0
0.163532 	0.571451 	-1.81378e-18 	0
0.163832 	0.571709 	-1.81382e-18 	0
0.164132 	0.571966 	-1.81387e-18 	0
0.164432 	0.572224 	-1.81392e-18 	0
0.164732 	0.57248 	-1.81394e-18 	0
0.165033 	0.572737 	-1.81395e-18 	0
0.165333 	0.572993 	-1.81396e-18 	0
0.165633 	0.573249 	-1.81395e-18 	0
0.165933 	0.573503 	-1.81392e-18 	0
0.166233 	0.573758 	-1.81388e-18 	0
0.166533 	0.574012 	-1.81384e-18 	0
0.166833 	0.574265 	-1.81375e-18 	0
0.167134 	0.574518 	-1.81365e-18 	0
0.167434 	0.574771 	-1.81356e-18 	0
0.167734 	0.575023 	-1.81342e-18 	0
0.168034 	0.575275 	-1.81327e-18 	0
0.168334 	0.575526 	-1.81312e-18 	0
0.168634 	0.575777 	-1.81278e-18 	0
0.168934 	0.576027 	-1.81219e-18 	0
0.169235 	0.576278 	-1.8116e-18 	0
0.169535 	0.576528 	-1.81156e-18 	0
0.169835 	0.576776 	-1.81571e-18 	0
0.170135 	0.577025 	-1.81985e-18 	0
0.170435 	0.577273 	-1.824e-18 	0
0.170735 	0.577521 	-1.83618e-18 	0
0.171036 	0.577768 	-1.85058e-18 	0
0.171336 	0.578016 	-1.86498e-18 	0
0.171636 	0.578262 	-1.87932e-18 	0
0.171936 	0.578508 	-1.89359e-18 	0
0.172236 	0.578753 	-1.90786e-18 	0
0.172536 	0.578999 	-1.92085e-18 	0
0.172836 	0.579243 	-1.92462e-18 	0
0.173137 	0.579487 	-1.92838e-18 	0
0.173437 	0.579731 	-1.93215e-18 	0
0.173737 	0.579975 	-1.93207e-18 	0
0.174037 	0.580218 	-1.93096e-18 	0
0.174337 	0.580461 	-1.92986e-18 	0
0.174637 	0.580703 	-1.92888e-18 	0
0.174937 	0.580945 	-1.92805e-18 	0
0.175238 	0.581186 	-1.92722e-18 	0
0.175538 	0.581427 	-1.92638e-18 	0
0.175838 	0.581667 	-1.92543e-18 	0
0.176138 	0.581907 	-1.92448e-18 	0
0.176438 	0.582148 	-1.92354e-18 	0
0.176738 	0.582387 	-1.92252e-18 	0
0.177039 	0.582626 	-1.92149e-18 	0
0.177339 	0.582865 	-1.92046e-18 	0
0.177639 	0.583103 	-1.91939e-18 	0
0.177939 	0.58334 	-1.91828e-18 	0
0.178239 	0.583577 	-1.91717e-18 	0
0.178539 	0.583814 	-1.91604e-18 	0
0.178839 	0.58405 	-1.91485e-18 	0
0.17914 	0.584286 	-1.91365e-18 	0
0.17944 	0.584523 	-1.91245e-18 	0
0.17974 	0.584757 	-1.91119e-18 	0
0.18004 	0.584992 	-1.9099e-18 	0
0.18034 	0.585226 	-1.90862e-18 	0
0.18064 	0.58546 	-1.9073e-18 	0
0.18094 	0.585693 	-1.90594e-18 	0
0.181241 	0.585926 	-1.90458e-18 	0
0.181541 	0.58616 	-1.9032e-18 	0
0.181841 	0.586392 	-1.90176e-18 	0
0.182141 	0.586624 	-1.90032e-18 	0
0.182441 	0.586856 	-1.89887e-18 	0
0.182741 	0.587087 	-1.89737e-18 	0
0.183042 	0.587317 	-1.89584e-18 	0
0.183342 	0.587548 	-1.89432e-18 	0
0.183642 	0.587778 	-1.89277e-18 	0
0.183942 	0.588008 	-1.89117e-18 	0
0.184242 	0.588237 	-1.88957e-18 	0
0.184542 	0.588466 	-1.88797e-18 	0
0.184842 	0.588694 	-1.8863e-18 	0
0.185143 	0.588922 	-1.88464e-18 	0
0.185443 	0.58915 	-1.88298e-18 	0
0.185743 	0.589377 	-1.88126e-18 	0
0.186043 	0.589604 	-1.87954e-18 	0
0.186343 	0.58983 	-1.87781e-18 	0
0.186643 	0.590057 	-1.87606e-18 	0
0.186943 	0.590282 	-1.87428e-18 	0
0.187244 	0.590507 	-1.87249e-18 	0
0.187544 	0.590733 	-1.8707e-18 	0
0.187844 	0.590957 	-1.86887e-18 	0
0.188144 	0.591181 	-1.86703e-18 	0
0.188444 	0.591405 	-1.8652e-18 	0
0.188744 	0.591628 	-1.86334e-18 	0
0.189045 	0.591851 	-1.86146e-18 	0
0.189345 	0.592074 	-1.85959e-18 	0
0.189645 	0.592296 	-1.8577e-18 	0
0.189945 	0.592518 	-1.8558e-18 	0
0.190245 	0.59274 	-1.8539e-18 	0
0.190545 	0.592961 	-1.85199e-18 	0
0.190845 	0.593182 	-1.85007e-18 	0
0.191146 	0.593402 	-1.84815e-18 	0
0.191446 	0.593622 	-1.84624e-18 	0
0.191746 	0.593841 	-1.84432e-18 	0
0.192046 	0.594061 	-1.84241e-18 	0
0.192346 	0.59428 	-1.84049e-18 	0
0.192646 	0.594498 	-1.8386e-18 	0
0.192946 	0.594716 	-1.83672e-18 	0
0.193247 	0.594934 	-1.83484e-18 	0
0.193547 	0.595152 	-1.83298e-18 	0
0.193847 	0.595368 	-1.83118e-18 	0
0.194147 	0.595585 	-1.82938e-18 	0
0.194447 	0.595802 	-1.82759e-18 	0
0.194747 	0.596018 	-1.82591e-18 	0
0.195048 	0.596233 	-1.82425e-18 	0
0.195348 	0.596449 	-1.8226e-18 	0
0.195648 	0.596664 	-1.82105e-18 	0
0.195948 	0.596878 	-1.81962e-18 	0
0.196248 	0.597092 	-1.81819e-18 	0
0.196548 	0.597306 	-1.81682e-18 	0
0.196848 	0.597519 	-1.81573e-18 	0
0.197149 	0.597732 	-1.81464e-18 	0
0.197449 	0.597946 	-1.81356e-18 	0
0.197749 	0.598158 	-1.81296e-18 	0
0.198049 	0.59837 	-1.81246e-18 	0
0.198349 	0.598582 	-1.81197e-18 	0
0.198649 	0.598793 	-1.81145e-18 	0
0.198949 	0.599004 	-1.81092e-18 	0
0.19925 	0.599214 	-1.81038e-18 	0
0.19955 	0.599425 	-1.80974e-18 	0
0.19985 	0.599634 	-1.8086e-18 	0
0.20015 	0.599844 	-1.80746e-18 	0
0.20045 	0.600053 	-1.80632e-18 	0
0.20075 	0.600262 	-1.80569e-18 	0
0.201051 	0.600471 	-1.80517e-18 	0
0.201351 	0.600679 	-1.80465e-18 	0
0.201651 	0.600887 	-1.80543e-18 	0
0.201951 	0.601094 	-1.80749e-18 	0
0.202251 	0.601301 	-1.80955e-18 	0
0.202551 	0.601508 	-1.81246e-18 	0
0.202851 	0.601714 	-1.81947e-18 	0
0.203152 	0.60192 	-1.82647e-18 	0
0.203452 	0.602126 	-1.83348e-18 	0
0.203752 	0.602331 	-1.84065e-18 	0
0.204052 	0.602536 	-1.84784e-18 	0
0.204352 	0.602741 	-1.85504e-18 	0
0.204652 	0.602945 	-1.85937e-18 	0
0.204952 	0.603149 	-1.86093e-18 	0
0.205253 	0.603353 	-1.86249e-18 	0
0.205553 	0.603557 	-1.86345e-18 	0
0.205853 	0.603759 	-1.86162e-18 	0
0.206153 	0.603962 	-1.85979e-18 	0
0.206453 	0.604164 	-1.85796e-18 	0
0.206753 	0.604366 	-1.85578e-18 	0
0.207054 	0.604568 	-1.85352e-18 	0
0.207354 	0.60477 	-1.85127e-18 	0
0.207654 	0.604971 	-1.84944e-18 	0
0.207954 	0.605171 	-1.84801e-18 	0
0.208254 	0.605371 	-1.84659e-18 	0
0.208554 	0.605571 	-1.8452e-18 	0
0.208854 	0.60577 	-1.844e-18 	0
0.209155 	0.60597 	-1.8428e-18 	0
0.209455 	0.606169 	-1.84159e-18 	0
0.209755 	0.606367 	-1.84004e-18 	0
0.210055 	0.606566 	-1.83842e-18 	0
0.210355 	0.606764 	-1.8368e-18 	0
0.210655 	0.606962 	-1.83507e-18 	0
0.210955 	0.607159 	-1.83324e-18 	0
0.211256 	0.607356 	-1.83141e-18 	0
0.211556 	0.607553 	-1.82956e-18 	0
0.211856 	0.607749 	-1.82761e-18 	0
0.212156 	0.607945 	-1.82566e-18 	0
0.212456 	0.608141 	-1.8237e-18 	0
0.212756 	0.608336 	-1.82173e-18 	0
0.213057 	0.608531 	-1.81975e-18 	0
0.213357 	0.608726 	-1.81777e-18 	0
0.213657 	0.60892 	-1.81583e-18 	0
0.213957 	0.609114 	-1.81391e-18 	0
0.214257 	0.609308 	-1.81198e-18 	0
0.214557 	0.609502 	-1.81008e-18 	0
0.214857 	0.609694 	-1.80825e-18 	0
0.215158 	0.609887 	-1.80642e-18 	0
0.215458 	0.61008 	-1.80459e-18 	0
0.215758 	0.610272 	-1.80285e-18 	0
0.216058 	0.610464 	-1.80114e-18 	0
0.216358 	0.610655 	-1.79942e-18 	0
0.216658 	0.610847 	-1.79777e-18 	0
0.216958 	0.611037 	-1.79618e-18 	0
0.217259 	0.611228 	-1.79458e-18 	0
0.217559 	0.611418 	-1.79301e-18 	0
0.217859 	0.611608 	-1.79154e-18 	0
0.218159 	0.611798 	-1.79006e-18 	0
0.218459 	0.611987 	-1.78859e-18 	0
0.218759 	0.612176 	-1.78722e-18 	0
0.21906 	0.612364 	-1.78587e-18 	0
0.21936 	0.612553 	-1.78452e-18 	0
0.21966 	0.612741 	-1.78323e-18 	0
0.21996 	0.612928 	-1.78199e-18 	0
0.22026 	0.613116 	-1.78074e-18 	0
0.22056 	0.613303 	-1.77953e-18 	0
0.22086 	0.61349 	-1.77841e-18 	0
0.221161 	0.613676 	-1.7773e-18 	0
0.221461 	0.613863 	-1.77619e-18 	0
0.221761 	0.614048 	-1.77517e-18 	0
0.222061 	0.614234 	-1.77417e-18 	0
0.222361 	0.614419 	-1.77317e-18 	0
0.222661 	0.614604 	-1.77223e-18 	0
0.222961 	0.614789 	-1.77133e-18 	0
0.223262 	0.614973 	-1.77044e-18 	0
0.223562 	0.615158 	-1.76956e-18 	0
0.223862 	0.615341 	-1.76875e-18 	0
0.224162 	0.615525 	-1.76794e-18 	0
0.224462 	0.615708 	-1.76713e-18 	0
0.224762 	0.61589 	-1.76639e-18 	0
0.225063 	0.616072 	-1.76566e-18 	0
0.225363 	0.616255 	-1.76493e-18 	0
0.225663 	0.616437 	-1.76423e-18 	0
0.225963 	0.616618 	-1.76355e-18 	0
0.226263 	0.6168 	-1.76288e-18 	0
0.226563 	0.616981 	-1.76222e-18 	0
0.226863 	0.617161 	-1.7616e-18 	0
0.227164 	0.617342 	-1.76098e-18 	0
0.227464 	0.617522 	-1.76036e-18 	0
0.227764 	0.617702 	-1.75977e-18 	0
0.228064 	0.617881 	-1.75919e-18 	0
0.228364 	0.618061 	-1.75861e-18 	0
0.228664 	0.61824 	-1.75807e-18 	0
0.228964 	0.618418 	-1.75755e-18 	0
0.229265 	0.618596 	-1.75703e-18 	0
0.229565 	0.618774 	-1.75652e-18 	0
0.229865 	0.618952 	-1.75605e-18 	0
0.230165 	0.619129 	-1.75558e-18 	0
0.230465 	0.619306 	-1.7551e-18 	0
0.230765 	0.619483 	-1.75467e-18 	0
0.231066 	0.61966 	-1.75424e-18 	0
0.231366 	0.619836 	-1.7538e-18 	0
0.231666 	0.620012 	-1.75339e-18 	0
0.231966 	0.620188 	-1.75299e-18 	0
0.232266 	0.620363 	-1.75259e-18 	0
0.232566 	0.620539 	-1.7522e-18 	0
0.232866 	0.620713 	-1.75181e-18 	0
0.233167 	0.620887 	-1.75143e-18 	0
0.233467 	0.621062 	-1.75105e-18 	0
0.233767 	0.621236 	-1.75069e-18 	0
0.234067 	0.621409 	-1.75033e-18 	0
0.234367 	0.621583 	-1.74997e-18 	0
0.234667 	0.621756 	-1.74961e-18 	0
0.234967 	0.621929 	-1.74926e-18 	0
0.235268 	0.622101 	-1.7489e-18 	0
0.235568 	0.622274 	-1.74855e-18 	0
0.235868 	0.622445 	-1.74821e-18 	0
0.236168 	0.622616 	-1.74786e-18 	0
0.236468 	0.622788 	-1.74752e-18 	0
0.236768 	0.622959 	-1.74717e-18 	0
0.237069 	0.623129 	-1.74683e-18 	0
0.237369 	0.6233 	-1.74649e-18 	0
0.237669 	0.623471 	-1.74614e-18 	0
0.237969 	0.62364 	-1.7458e-18 	0
0.238269 	0.62381 	-1.74545e-18 	0
0.238569 	0.62398 	-1.7451e-18 	0
0.238869 	0.624149 	-1.74475e-18 	0
0.23917 	0.624317 	-1.7444e-18 	0
0.23947 	0.624486 	-1.74406e-18 	0
0.23977 	0.624654 	-1.7437e-18 	0
0.24007 	0.624822 	-1.74334e-18 	0
0.24037 	0.62499 	-1.74298e-18 	0
0.24067 	0.625158 	-1.74262e-18 	0
0.24097 	0.625325 	-1.74226e-18 	0
0.241271 	0.625491 	-1.74189e-18 	0
0.241571 	0.625658 	-1.74152e-18 	0
0.241871 	0.625824 	-1.74115e-18 	0
0.242171 	0.62599 	-1.74077e-18 	0
0.242471 	0.626156 	-1.7404e-18 	0
0.242771 	0.626321 	-1.74001e-18 	0
0.243072 	0.626486 	-1.73962e-18 	0
0.243372 	0.626651 	-1.73924e-18 	0
0.243672 	0.626816 	-1.73884e-18 	0
0.243972 	0.62698 	-1.73844e-18 	0
0.244272 	0.627144 	-1.73804e-18 	0
0.244572 	0.627308 	-1.73763e-18 	0
0.244872 	0.627472 	-1.73722e-18 	0
0.245173 	0.627635 	-1.73681e-18 	0
0.245473 	0.627798 	-1.7364e-18 	0
0.245773 	0.627961 	-1.73597e-18 	0
0.246073 	0.628123 	-1.73554e-18 	0
0.246373 	0.628285 	-1.73511e-18 	0
0.246673 	0.628447 	-1.73468e-18 	0
0.246973 	0.628609 	-1.73423e-18 	0
0.247274 	0.62877 	-1.73379e-18 	0
0.247574 	0.628931 	-1.73335e-18 	0
0.247874 	0.629092 	-1.73289e-18 	0
0.248174 	0.629253 	-1.73244e-18 	0
0.248474 	0.629413 	-1.73198e-18 	0
0.248774 	0.629573 	-1.73151e-18 	0
0.249075 	0.629733 	-1.73104e-18 	0
0.249375 	0.629892 	-1.73058e-18 	0
0.249675 	0.630051 	-1.7301e-18 	0
0.249975 	0.63021 	-1.72961e-18 	0
0.250275 	0.630369 	-1.72912e-18 	0
0.250575 	0.630528 	-1.72864e-18 	0
0.250875 	0.630686 	-1.72814e-18 	0
0.251176 	0.630844 	-1.72764e-18 	0
0.251476 	0.631002 	-1.72714e-18 	0
0.251776 	0.631159 	-1.72663e-18 	0
0.252076 	0.631316 	-1.72611e-18 	0
0.252376 	0.631473 	-1.7256e-18 	0
0.252676 	0.63163 	-1.72508e-18 	0
0.252976 	0.631786 	-1.72456e-18 	0
0.253277 	0.631942 	-1.72403e-18 	0
0.253577 	0.632098 	-1.7235e-18 	0
0.253877 	0.632253 	-1.72296e-18 	0
0.254177 	0.632409 	-1.72242e-18 	0
0.254477 	0.632564 	-1.72188e-18 	0
0.254777 	0.632719 	-1.72133e-18 	0
0.255078 	0.632873 	-1.72078e-18 	0
0.255378 	0.633027 	-1.72023e-18 	0
0.255678 	0.633181 	-1.71966e-18 	0
0.255978 	0.633335 	-1.7191e-18 	0
0.256278 	0.633488 	-1.71853e-18 	0
0.256578 	0.633642 	-1.71796e-18 	0
0.256878 	0.633795 	-1.71738e-18 	0
0.257179 	0.633947 	-1.71681e-18 	0
0.257479 	0.6341 	-1.71623e-18 	0
0.257779 	0.634252 	-1.71564e-18 	0
0.258079 	0.634404 	-1.71506e-18 	0
0.258379 	0.634556 	-1.71447e-18 	0
0.258679 	0.634707 	-1.71387e-18 	0
0.258979 	0.634858 	-1.71327e-18 	0
0.25928 	0.635009 	-1.71267e-18 	0
0.25958 	0.63516 	-1.71207e-18 	0
0.25988 	0.63531 	-1.71146e-18 	0
0.26018 	0.63546 	-1.71085e-18 	0
0.26048 	0.63561 	-1.71024e-18 	0
0.26078 	0.63576 	-1.70962e-18 	0
0.261081 	0.635909 	-1.709e-18 	0
0.261381 	0.636059 	-1.70838e-18 	0
0.261681 	0.636208 	-1.70775e-18 	0
0.261981 	0.636356 	-1.70712e-18 	0
0.262281 	0.636505 	-1.70649e-18 	0
0.262581 	0.636653 	-1.70586e-18 	0
0.262881 	0.636801 	-1.70522e-18 	0
0.263182 	0.636948 	-1.70458e-18 	0
0.263482 	0.637096 	-1.70394e-18 	0
0.263782 	0.637243 	-1.70329e-18 	0
0.264082 	0.63739 	-1.70265e-18 	0
0.264382 	0.637536 	-1.702e-18 	0
0.264682 	0.637683 	-1.70135e-18 	0
0.264982 	0.637829 	-1.70069e-18 	0
0.265283 	0.637975 	-1.70004e-18 	0
0.265583 	0.638121 	-1.69938e-18 	0
0.265883 	0.638266 	-1.69871e-18 	0
0.266183 	0.638411 	-1.69805e-18 	0
0.266483 	0.638556 	-1.69739e-18 	0
0.266783 	0.6387 	-1.69672e-18 	0
0.267084 	0.638845 	-1.69604e-18 	0
0.267384 	0.638989 	-1.69537e-18 	0
0.267684 	0.639133 	-1.69469e-18 	0
0.267984 	0.639277 	-1.69402e-18 	0
0.268284 	0.639421 	-1.69334e-18 	0
0.268584 	0.639564 	-1.69266e-18 	0
0.268884 	0.639707 	-1.69197e-18 	0
0.269185 	0.63985 	-1.69129e-18 	0
0.269485 	0.639993 	-1.6906e-18 	0
0.269785 	0.640135 	-1.68991e-18 	0
0.270085 	0.640277 	-1.68922e-18 	0
0.270385 	0.640419 	-1.68853e-18 	0
0.270685 	0.64056 	-1.68784e-18 	0
0.270985 	0.640701 	-1.68714e-18 	0
0.271286 	0.640842 	-1.68644e-18 	0
0.271586 	0.640983 	-1.68574e-18 	0
0.271886 	0.641124 	-1.68504e-18 	0
0.272186 	0.641264 	-1.68433e-18 	0
0.272486 	0.641405 	-1.68363e-18 	0
0.272786 	0.641544 	-1.68292e-18 	0
0.273087 	0.641684 	-1.68222e-18 	0
0.273387 	0.641823 	-1.68151e-18 	0
0.273687 	0.641962 	-1.6808e-18 	0
0.273987 	0.642101 	-1.68009e-18 	0
0.274287 	0.64224 	-1.67937e-18 	0
0.274587 	0.642378 	-1.67866e-18 	0
0.274887 	0.642516 	-1.67794e-18 	0
0.275188 	0.642654 	-1.67722e-18 	0
0.275488 	0.642792 	-1.6765e-18 	0
0.275788 	0.64293 	-1.67578e-18 	0
0.276088 	0.643067 	-1.67506e-18 	0
0.276388 	0.643204 	-1.67434e-18 	0
0.276688 	0.643341 	-1.67361e-18 	0
0.276988 	0.643477 	-1.67289e-18 	0
0.277289 	0.643614 	-1.67216e-18 	0
0.277589 	0.64375 	-1.67143e-18 	0
0.277889 	0.643886 	-1.6707e-18 	0
0.278189 	0.644021 	-1.66997e-18 	0
0.278489 	0.644157 	-1.66924e-18 	0
0.278789 	0.644292 	-1.6685e-18 	0
0.27909 	0.644427 	-1.66777e-18 	0
0.27939 	0.644562 	-1.66703e-18 	0
0.27969 	0.644697 	-1.66629e-18 	0
0.27999 	0.644831 	-1.66555e-18 	0
0.28029 	0.644965 	-1.66482e-18 	0
0.28059 	0.645099 	-1.66408e-18 	0
0.28089 	0.645232 	-1.66334e-18 	0
0.281191 	0.645366 	-1.66259e-18 	0
0.281491 	0.645499 	-1.66185e-18 	0
0.281791 	0.645632 	-1.66111e-18 	0
0.282091 	0.645764 	-1.66036e-18 	0
0.282391 	0.645897 	-1.65962e-18 	0
0.282691 	0.646029 	-1.65887e-18 	0
0.282991 	0.646161 	-1.65812e-18 	0
0.283292 	0.646293 	-1.65737e-18 	0
0.283592 	0.646425 	-1.65662e-18 	0
0.283892 	0.646556 	-1.65587e-18 	0
0.284192 	0.646687 	-1.65512e-18 	0
0.284492 	0.646819 	-1.65437e-18 	0
0.284792 	0.646949 	-1.65361e-18 	0
0.285093 	0.647079 	-1.65286e-18 	0
0.285393 	0.647209 	-1.6521e-18 	0
0.285693 	0.647339 	-1.65134e-18 	0
0.285993 	0.647469 	-1.65059e-18 	0
0.286293 	0.647599 	-1.64983e-18 	0
0.286593 	0.647728 	-1.64907e-18 	0
0.286893 	0.647857 	-1.64831e-18 	0
0.287194 	0.647986 	-1.64756e-18 	0
0.287494 	0.648115 	-1.6468e-18 	0
0.287794 	0.648243 	-1.64603e-18 	0
0.288094 	0.648372 	-1.64527e-18 	0
0.288394 	0.6485 	-1.6445e-18 	0
0.288694 	0.648627 	-1.64373e-18 	0
0.288994 	0.648755 	-1.64297e-18 	0
0.289295 	0.648882 	-1.6422e-18 	0
0.289595 	0.649009 	-1.64144e-18 	0
0.289895 	0.649136 	-1.64067e-18 	0
0.290195 	0.649263 	-1.6399e-18 	0
0.290495 	0.64939 	-1.63913e-18 	0
0.290795 	0.649516 	-1.63836e-18 	0
0.291096 	0.649642 	-1.6376e-18 	0
0.291396 	0.649767 	-1.63683e-18 	0
0.291696 	0.649893 	-1.63605e-18 	0
0.291996 	0.650018 	-1.63528e-18 	0
0.292296 	0.650144 	-1.63451e-18 	0
0.292596 	0.650269 	-1.63373e-18 	0
0.292896 	0.650394 	-1.63296e-18 	0
0.293197 	0.650518 	-1.63218e-18 	0
0.293497 	0.650643 	-1.63141e-18 	0
0.293797 	0.650767 	-1.63063e-18 	0
0.294097 	0.650891 	-1.62985e-18 	0
0.294397 	0.651015 	-1.62908e-18 	0
0.294697 	0.651138 	-1.6283e-18 	0
0.294997 	0.651261 	-1.62752e-18 	0
0.295298 	0.651384 	-1.62674e-18 	0
0.295598 	0.651507 	-1.62596e-18 	0
0.295898 	0.651629 	-1.62518e-18 	0
0.296198 	0.651752 	-1.62439e-18 	0
0.296498 	0.651874 	-1.62361e-18 	0
0.296798 	0.651996 	-1.62283e-18 	0
0.297099 	0.652117 	-1.62204e-18 	0
0.297399 	0.652239 	-1.62126e-18 	0
0.297699 	0.65236 	-1.62047e-18 	0
0.297999 	0.652482 	-1.61968e-18 	0
0.298299 	0.652603 	-1.6189e-18 	0
0.298599 	0.652724 	-1.61811e-18 	0
0.298899 	0.652844 	-1.61732e-18 	0
0.2992 	0.652965 	-1.61654e-18 	0
0.2995 	0.653085 	-1.61575e-18 	0
0.2998 	0.653204 	-1.61496e-18 	0
0.3001 	0.653324 	-1.61417e-18 	0
0.3004 	0.653443 	-1.61338e-18 	0
0.3007 	0.653563 	-1.61259e-18 	0
0.301001 	0.653682 	-1.6118e-18 	0
0.301301 	0.653801 	-1.61101e-18 	0
0.301601 	0.65392 	-1.61021e-18 	0
0.301901 	0.654038 	-1.60942e-18 	0
0.302201 	0.654156 	-1.60862e-18 	0
0.302501 	0.654274 	-1.60783e-18 	0
0.302801 	0.654392 	-1.60703e-18 	0
0.303102 	0.65451 	-1.60624e-18 	0
0.303402 	0.654627 	-1.60544e-18 	0
0.303702 	0.654745 	-1.60465e-18 	0
0.304002 	0.654861 	-1.60385e-18 	0
0.304302 	0.654978 	-1.60305e-18 	0
0.304602 	0.655095 	-1.60226e-18 	0
0.304902 	0.655211 	-1.60146e-18 	0
0.305203 	0.655328 	-1.60066e-18 	0
0.305503 	0.655444 	-1.59986e-18 	0
0.305803 	0.65556 	-1.59906e-18 	0
0.306103 	0.655675 	-1.59826e-18 	0
0.306403 	0.655791 	-1.59746e-18 	0
0.306703 	0.655906 	-1.59666e-18 	0
0.307004 	0.656021 	-1.59585e-18 	0
0.307304 	0.656136 	-1.59505e-18 	0
0.307604 	0.65625 	-1.59424e-18 	0
0.307904 	0.656365 	-1.59344e-18 	0
0.308204 	0.656479 	-1.59263e-18 	0
0.308504 	0.656593 	-1.59183e-18 	0
0.308804 	0.656706 	-1.59102e-18 	0
0.309105 	0.65682 	-1.59022e-18 	0
0.309405 	0.656934 	-1.58942e-18 	0
0.309705 	0.657047 	-1.58861e-18 	0
0.310005 	0.65716 	-1.5878e-18 	0
0.310305 	0.657273 	-1.58699e-18 	0
0.310605 	0.657385 	-1.58619e-18 	0
0.310905 	0.657498 	-1.58538e-18 	0
0.311206 	0.65761 	-1.58456e-18 	0
0.311506 	0.657722 	-1.58375e-18 	0
0.311806 	0.657834 	-1.58294e-18 	0
0.312106 	0.657945 	-1.58213e-18 	0
0.312406 	0.658057 	-1.58132e-18 	0
0.312706 	0.658168 	-1.58051e-18 	0
0.313007 	0.658279 	-1.5797e-18 	0
0.313307 	0.65839 	-1.57889e-18 	0
0.313607 	0.658501 	-1.57808e-18 	0
0.313907 	0.658611 	-1.57727e-18 	0
0.314207 	0.658722 	-1.57645e-18 	0
0.314507 	0.658832 	-1.57564e-18 	0
0.314807 	0.658942 	-1.57482e-18 	0
0.315108 	0.659051 	-1.57401e-18 	0
0.315408 	0.659161 	-1.57319e-18 	0
0.315708 	0.65927 	-1.57237e-18 	0
0.316008 	0.659379 	-1.57156e-18 	0
0.316308 	0.659488 	-1.57074e-18 	0
0.316608 	0.659597 	-1.56993e-18 	0
0.316908 	0.659705 	-1.56911e-18 	0
0.317209 	0.659814 	-1.56829e-18 	0
0.317509 	0.659922 	-1.56748e-18 	0
0.317809 	0.66003 	-1.56666e-18 	0
0.318109 	0.660138 	-1.56584e-18 	0
0.318409 	0.660246 	-1.56502e-18 	0
0.318709 	0.660354 	-1.5642e-18 	0
0.31901 	0.660461 	-1.56337e-18 	0
0.31931 	0.660568 	-1.56255e-18 	0
0.31961 	0.660675 	-1.56173e-18 	0
0.31991 	0.660782 	-1.56091e-18 	0
0.32021 	0.660888 	-1.56008e-18 	0
0.32051 	0.660995 	-1.55926e-18 	0
0.32081 	0.661101 	-1.55844e-18 	0
0.321111 	0.661207 	-1.55762e-18 	0
0.321411 	0.661312 	-1.55679e-18 	0
0.321711 	0.661418 	-1.55597e-18 	0
0.322011 	0.661523 	-1.55514e-18 	0
0.322311 	0.661628 	-1.55432e-18 	0
0.322611 	0.661733 	-1.55349e-18 	0
0.322911 	0.661838 	-1.55267e-18 	0
0.323212 	0.661942 	-1.55184e-18 	0
0.323512 	0.662047 	-1.55102e-18 	0
0.323812 	0.662151 	-1.55019e-18 	0
0.324112 	0.662255 	-1.54937e-18 	0
0.324412 	0.66236 	-1.54854e-18 	0
0.324712 	0.662463 	-1.54771e-18 	0
0.325013 	0.662567 	-1.54689e-18 	0
0.325313 	0.66267 	-1.54606e-18 	0
0.325613 	0.662774 	-1.54523e-18 	0
0.325913 	0.662876 	-1.5444e-18 	0
0.326213 	0.662979 	-1.54356e-18 	0
0.326513 	0.663082 	-1.54273e-18 	0
0.326813 	0.663184 	-1.5419e-18 	0
0.327114 	0.663286 	-1.54108e-18 	0
0.327414 	0.663389 	-1.54025e-18 	0
0.327714 	0.66349 	-1.53942e-18 	0
0.328014 	0.663592 	-1.53858e-18 	0
0.328314 	0.663694 	-1.53775e-18 	0
0.328614 	0.663796 	-1.53691e-18 	0
0.328914 	0.663897 	-1.53608e-18 	0
0.329215 	0.663998 	-1.53525e-18 	0
0.329515 	0.664099 	-1.53442e-18 	0
0.329815 	0.664199 	-1.53358e-18 	0
0.330115 	0.664299 	-1.53275e-18 	0
0.330415 	0.6644 	-1.53192e-18 	0
0.330715 	0.6645 	-1.53108e-18 	0
0.331016 	0.6646 	-1.53025e-18 	0
0.331316 	0.6647 	-1.52941e-18 	0
0.331616 	0.664799 	-1.52858e-18 	0
0.331916 	0.664899 	-1.52774e-18 	0
0.332216 	0.664998 	-1.5269e-18 	0
0.332516 	0.665097 	-1.52606e-18 	0
0.332816 	0.665196 	-1.52523e-18 	0
0.333117 	0.665295 	-1.52439e-18 	0
0.333417 	0.665394 	-1.52355e-18 	0
0.333717 	0.665492 	-1.52271e-18 	0
0.334017 	0.66559 	-1.52188e-18 	0
0.334317 	0.665688 	-1.52104e-18 	0
0.334617 	0.665786 	-1.5202e-18 	0
0.334917 	0.665884 	-1.51936e-18 	0
0.335218 	0.665981 	-1.51852e-18 	0
0.335518 	0.666079 	-1.51768e-18 	0
0.335818 	0.666176 	-1.51684e-18 	0
0.336118 	0.666273 	-1.516e-18 	0
0.336418 	0.66637 	-1.51516e-18 	0
0.336718 	0.666466 	-1.51432e-18 	0
0.337019 	0.666563 	-1.51348e-18 	0
0.337319 	0.66666 	-1.51264e-18 	0
0.337619 	0.666756 	-1.5118e-18 	0
0.337919 	0.666852 	-1.51095e-18 	0
0.338219 	0.666947 	-1.51011e-18 	0
0.338519 	0.667043 	-1.50927e-18 	0
0.338819 	0.667138 	-1.50842e-18 	0
0.33912 	0.667233 	-1.50758e-18 	0
0.33942 	0.667329 	-1.50674e-18 	0
0.33972 	0.667423 	-1.50589e-18 	0
0.34002 	0.667518 	-1.50505e-18 	0
0.34032 	0.667613 	-1.50421e-18 	0
0.34062 	0.667708 	-1.50336e-18 	0
0.34092 	0.667802 	-1.50252e-18 	0
0.341221 	0.667896 	-1.50168e-18 	0
0.341521 	0.66799 	-1.50083e-18 	0
0.341821 	0.668084 	-1.49999e-18 	0
0.342121 	0.668178 	-1.49914e-18 	0
0.342421 	0.668271 	-1.49829e-18 	0
0.342721 	0.668365 	-1.49745e-18 	0
0.343022 	0.668458 	-1.4966e-18 	0
0.343322 	0.668551 	-1.49575e-18 	0
0.343622 	0.668644 	-1.49491e-18 	0
0.343922 	0.668736 	-1.49406e-18 	0
0.344222 	0.668828 	-1.49321e-18 	0
0.344522 	0.668921 	-1.49236e-18 	0
0.344822 	0.669013 	-1.49151e-18 	0
0.345123 	0.669105 	-1.49066e-18 	0
0.345423 	0.669196 	-1.48982e-18 	0
0.345723 	0.669288 	-1.48897e-18 	0
0.346023 	0.66938 	-1.48812e-18 	0
0.346323 	0.669471 	-1.48727e-18 	0
0.346623 	0.669562 	-1.48642e-18 	0
0.346923 	0.669653 	-1.48557e-18 	0
0.347224 	0.669744 	-1.48472e-18 	0
0.347524 	0.669835 	-1.48387e-18 	0
0.347824 	0.669925 	-1.48302e-18 	0
0.348124 	0.670016 	-1.48217e-18 	0
0.348424 	0.670106 	-1.48132e-18 	0
0.348724 	0.670196 	-1.48047e-18 	0
0.349025 	0.670286 	-1.47962e-18 	0
0.349325 	0.670376 	-1.47877e-18 	0
0.349625 	0.670465 	-1.47792e-18 	0
0.349925 	0.670555 	-1.47706e-18 	0
0.350225 	0.670644 	-1.47621e-18 	0
0.350525 	0.670733 	-1.47536e-18 	0
0.350825 	0.670822 	-1.47451e-18 	0
0.351126 	0.670911 	-1.47365e-18 	0
0.351426 	0.670999 	-1.4728e-18 	0
0.351726 	0.671087 	-1.47195e-18 	0
0.352026 	0.671176 	-1.47109e-18 	0
0.352326 	0.671264 	-1.47024e-18 	0
0.352626 	0.671352 	-1.46938e-18 	0
0.352926 	0.67144 	-1.46853e-18 	0
0.353227 	0.671528 	-1.46768e-18 	0
0.353527 	0.671616 	-1.46682e-18 	0
0.353827 	0.671703 	-1.46597e-18 	0
0.354127 	0.67179 	-1.46511e-18 	0
0.354427 	0.671877 	-1.46426e-18 	0
0.354727 	0.671964 	-1.4634e-18 	0
0.355028 	0.67205 	-1.46255e-18 	0
0.355328 	0.672137 	-1.46169e-18 	0
0.355628 	0.672224 	-1.46084e-18 	0
0.355928 	0.67231 	-1.45998e-18 	0
0.356228 	0.672396 	-1.45912e-18 	0
0.356528 	0.672482 	-1.45827e-18 	0
0.356828 	0.672568 	-1.45741e-18 	0
0.357129 	0.672654 	-1.45655e-18 	0
0.357429 	0.67274 	-1.45569e-18 	0
0.357729 	0.672825 	-1.45484e-18 	0
0.358029 	0.67291 	-1.45398e-18 	0
0.358329 	0.672995 	-1.45313e-18 	0
0.358629 	0.673079 	-1.45227e-18 	0
0.358929 	0.673164 	-1.45141e-18 	0
0.35923 	0.673249 	-1.45055e-18 	0
0.35953 	0.673333 	-1.44969e-18 	0
0.35983 	0.673418 	-1.44884e-18 	0
0.36013 	0.673502 	-1.44798e-18 	0
0.36043 	0.673586 	-1.44712e-18 	0
0.36073 	0.67367 	-1.44626e-18 	0
0.361031 	0.673753 	-1.4454e-18 	0
0.361331 	0.673837 	-1.44454e-18 	0
0.361631 	0.67392 	-1.44369e-18 	0
0.361931 	0.674003 	-1.44283e-18 	0
0.362231 	0.674087 	-1.44197e-18 	0
0.362531 	0.67417 	-1.44111e-18 	0
0.362831 	0.674252 	-1.44025e-18 	0
0.363132 	0.674335 	-1.43939e-18 	0
0.363432 	0.674418 	-1.43854e-18 	0
0.363732 	0.6745 	-1.43767e-18 	0
0.364032 	0.674582 	-1.43681e-18 	0
0.364332 	0.674664 	-1.43595e-18 	0
0.364632 	0.674746 	-1.43509e-18 	0
0.364932 	0.674828 	-1.43423e-18 	0
0.365233 	0.67491 	-1.43337e-18 	0
0.365533 	0.674992 	-1.43251e-18 	0
0.365833 	0.675073 	-1.43165e-18 	0
0.366133 	0.675154 	-1.43079e-18 	0
0.366433 	0.675235 	-1.42993e-18 	0
0.366733 	0.675316 	-1.42907e-18 	0
0.367034 	0.675397 	-1.42821e-18 	0
0.367334 	0.675477 	-1.42735e-18 	0
0.367634 	0.675558 	-1.42649e-18 	0
0.367934 	0.675638 	-1.42562e-18 	0
0.368234 	0.675718 	-1.42476e-18 	0
0.368534 	0.675798 	-1.4239e-18 	0
0.368834 	0.675878 	-1.42304e-18 	0
0.369135 	0.675958 	-1.42218e-18 	0
0.369435 	0.676038 	-1.42132e-18 	0
0.369735 	0.676117 	-1.42045e-18 	0
0.370035 	0.676196 	-1.41959e-18 	0
0.370335 	0.676275 	-1.41872e-18 	0
0.370635 	0.676355 	-1.41786e-18 	0
0.370935 	0.676434 	-1.417e-18 	0
0.371236 	0.676512 	-1.41614e-18 	0
0.371536 	0.676591 	-1.41528e-18 	0
0.371836 	0.67667 	-1.41442e-18 	0
0.372136 	0.676748 	-1.41355e-18 	0
0.372436 	0.676826 	-1.41269e-18 	0
0.372736 	0.676904 	-1.41183e-18 	0
0.373037 	0.676982 	-1.41096e-18 	0
0.373337 	0.67706 	-1.4101e-18 	0
0.373637 	0.677137 	-1.40924e-18 	0
0.373937 	0.677215 	-1.40838e-18 	0
0.374237 	0.677292 	-1.40751e-18 	0
0.374537 	0.67737 	-1.40665e-18 	0
0.374837 	0.677447 	-1.40579e-18 	0
0.375138 	0.677524 	-1.40492e-18 	0
0.375438 	0.677601 	-1.40406e-18 	0
0.375738 	0.677677 	-1.40319e-18 	0
0.376038 	0.677754 	-1.40233e-18 	0
0.376338 	0.67783 	-1.40147e-18 	0
0.376638 	0.677906 	-1.4006e-18 	0
0.376938 	0.677982 	-1.39974e-18 	0
0.377239 	0.678059 	-1.39888e-18 	0
0.377539 	0.678135 	-1.39802e-18 	0
0.377839 	0.67821 	-1.39715e-18 	0
0.378139 	0.678286 	-1.39629e-18 	0
0.378439 	0.678362 	-1.39543e-18 	0
0.378739 	0.678437 	-1.39456e-18 	0
0.37904 	0.678512 	-1.3937e-18 	0
0.37934 	0.678587 	-1.39283e-18 	0
0.37964 	0.678662 	-1.39197e-18 	0
0.37994 	0.678737 	-1.39111e-18 	0
0.38024 	0.678811 	-1.39025e-18 	0
0.38054 	0.678886 	-1.38938e-18 	0
0.38084 	0.67896 	-1.38852e-18 	0
0.381141 	0.679034 	-1.38766e-18 	0
0.381441 	0.679108 	-1.38679e-18 	0
0.381741 	0.679182 	-1.38593e-18 	0
0.382041 	0.679256 	-1.38506e-18 	0
0.382341 	0.67933 	-1.3842e-18 	0
0.382641 	0.679403 	-1.38333e-18 	0
0.382941 	0.679477 	-1.38247e-18 	0
0.383242 	0.67955 	-1.3816e-18 	0
0.383542 	0.679623 	-1.38074e-18 	0
0.383842 	0.679696 	-1.37988e-18 	0
0.384142 	0.679769 	-1.37901e-18 	0
0.384442 	0.679842 	-1.37815e-18 	0
0.384742 	0.679915 	-1.37728e-18 	0
0.385043 	0.679987 	-1.37642e-18 	0
0.385343 	0.68006 	-1.37556e-18 	0
0.385643 	0.680132 	-1.3747e-18 	0
0.385943 	0.680204 	-1.37383e-18 	0
0.386243 	0.680276 	-1.37297e-18 	0
0.386543 	0.680348 	-1.37211e-18 	0
0.386843 	0.68042 	-1.37124e-18 	0
0.387144 	0.680492 	-1.37038e-18 	0
0.387444 	0.680564 	-1.36951e-18 	0
0.387744 	0.680635 	-1.36865e-18 	0
0.388044 	0.680706 	-1.36778e-18 	0
0.388344 	0.680777 	-1.36692e-18 	0
0.388644 	0.680848 	-1.36606e-18 	0
0.388944 	0.680919 	-1.36519e-18 	0
0.389245 	0.68099 	-1.36433e-18 	0
0.389545 	0.68106 	-1.36347e-18 	0
0.389845 	0.681131 	-1.36261e-18 	0
0.390145 	0.681201 	-1.36174e-18 	0
0.390445 	0.681271 	-1.36088e-18 	0
0.390745 	0.681341 	-1.36002e-18 	0
0.391046 	0.681411 	-1.35915e-18 	0
0.391346 	0.681481 	-1.35829e-18 	0
0.391646 	0.681551 	-1.35743e-18 	0
0.391946 	0.68162 	-1.35657e-18 	0
0.392246 	0.68169 	-1.3557e-18 	0
0.392546 	0.68176 	-1.35484e-18 	0
0.392846 	0.681829 	-1.35398e-18 	0
0.393147 	0.681898 	-1.35311e-18 	0
0.393447 	0.681967 	-1.35225e-18 	0
0.393747 	0.682036 	-1.35139e-18 	0
0.394047 	0.682104 	-1.35053e-18 	0
0.394347 	0.682173 	-1.34967e-18 	0
0.394647 	0.682241 	-1.34881e-18 	0
0.394947 	0.68231 	-1.34794e-18 	0
0.395248 	0.682378 	-1.34708e-18 	0
0.395548 	0.682446 	-1.34621e-18 	0
0.395848 	0.682514 	-1.34535e-18 	0
0.396148 	0.682582 	-1.34449e-18 	0
0.396448 	0.68265 	-1.34363e-18 	0
0.396748 	0.682718 	-1.34277e-18 	0
0.397049 	0.682785 	-1.34191e-18 	0
0.397349 	0.682852 	-1.34104e-18 	0
0.397649 	0.682919 	-1.34018e-18 	0
0.397949 	0.682987 	-1.33932e-18 	0
0.398249 	0.683054 	-1.33846e-18 	0
0.398549 	0.683121 	-1.3376e-18 	0
0.398849 	0.683188 	-1.33674e-18 	0
0.39915 	0.683254 	-1.33588e-18 	0
0.39945 	0.683321 	-1.33502e-18 	0
0.39975 	0.683387 	-1.33416e-18 	0
0.40005 	0.683454 	-1.3333e-18 	0
0.40035 	0.68352 	-1.33244e-18 	0
0.40065 	0.683586 	-1.33158e-18 	0
0.40095 	0.683652 	-1.33072e-18 	0
0.401251 	0.683717 	-1.32986e-18 	0
0.401551 	0.683783 	-1.32899e-18 	0
0.401851 	0.683849 	-1.32814e-18 	0
0.402151 	0.683915 	-1.32728e-18 	0
0.402451 	0.68398 	-1.32642e-18 	0
0.402751 	0.684045 	-1.32556e-18 	0
0.403052 	0.68411 	-1.3247e-18 	0
0.403352 	0.684175 	-1.32384e-18 	0
0.403652 	0.68424 	-1.32299e-18 	0
0.403952 	0.684305 	-1.32213e-18 	0
0.404252 	0.684369 	-1.32127e-18 	0
0.404552 	0.684434 	-1.32041e-18 	0
0.404852 	0.684498 	-1.31955e-18 	0
0.405153 	0.684563 	-1.31869e-18 	0
0.405453 	0.684627 	-1.31784e-18 	0
0.405753 	0.684691 	-1.31698e-18 	0
0.406053 	0.684755 	-1.31612e-18 	0
0.406353 	0.684819 	-1.31526e-18 	0
0.406653 	0.684883 	-1.3144e-18 	0
0.406953 	0.684946 	-1.31355e-18 	0
0.407254 	0.68501 	-1.31269e-18 	0
0.407554 	0.685073 	-1.31184e-18 	0
0.407854 	0.685137 	-1.31098e-18 	0
0.408154 	0.6852 	-1.31012e-18 	0
0.408454 	0.685263 	-1.30926e-18 	0
0.408754 	0.685326 	-1.30841e-18 	0
0.409055 	0.685389 	-1.30755e-18 	0
0.409355 	0.685452 	-1.30669e-18 	0
0.409655 	0.685514 	-1.30584e-18 	0
0.409955 	0.685577 	-1.30498e-18 	0
0.410255 	0.685639 	-1.30413e-18 	0
0.410555 	0.685701 	-1.30327e-18 	0
0.410855 	0.685764 	-1.30242e-18 	0
0.411156 	0.685826 	-1.30156e-18 	0
0.411456 	0.685888 	-1.30071e-18 	0
0.411756 	0.685949 	-1.29985e-18 	0
0.412056 	0.686011 	-1.299e-18 	0
0.412356 	0.686073 	-1.29815e-18 	0
0.412656 	0.686134 	-1.29729e-18 	0
0.412956 	0.686195 	-1.29644e-18 	0
0.413257 	0.686256 	-1.29558e-18 	0
0.413557 	0.686318 	-1.29473e-18 	0
0.413857 	0.686378 	-1.29388e-18 	0
0.414157 	0.686439 	-1.29302e-18 	0
0.414457 	0.6865 	-1.29217e-18 	0
0.414757 	0.686561 	-1.29132e-18 	0
0.415058 	0.686622 	-1.29047e-18 	0
0.415358 	0.686682 	-1.28961e-18 	0
0.415658 	0.686743 	-1.28876e-18 	0
0.415958 	0.686803 	-1.28791e-18 	0
0.416258 	0.686863 	-1.28706e-18 	0
0.416558 	0.686924 	-1.28621e-18 	0
0.416858 	0.686983 	-1.28536e-18 	0
0.417159 	0.687043 	-1.28451e-18 	0
0.417459 	0.687103 	-1.28366e-18 	0
0.417759 	0.687163 	-1.28281e-18 	0
0.418059 	0.687222 	-1.28196e-18 	0
0.418359 	0.687282 	-1.28111e-18 	0
0.418659 	0.687341 	-1.28026e-18 	0
0.418959 	0.687401 	-1.27941e-18 	0
0.41926 	0.68746 	-1.27856e-18 	0
0.41956 	0.687519 	-1.27771e-18 	0
0.41986 	0.687578 	-1.27686e-18 	0
0.42016 	0.687636 	-1.27601e-18 	0
0.42046 	0.687695 	-1.27516e-18 	0
0.42076 	0.687754 	-1.27432e-18 	0
0.421061 	0.687812 	-1.27347e-18 	0
0.421361 	0.68787 	-1.27262e-18 	0
0.421661 	0.687928 	-1.27177e-18 	0
0.421961 	0.687986 	-1.27093e-18 	0
0.422261 	0.688045 	-1.27008e-18 	0
0.422561 	0.688103 	-1.26923e-18 	0
0.422861 	0.68816 	-1.26838e-18 	0
0.423162 	0.688218 	-1.26754e-18 	0
0.423462 	0.688276 	-1.2667e-18 	0
0.423762 	0.688333 	-1.26585e-18 	0
0.424062 	0.688391 	-1.26501e-18 	0
0.424362 	0.688449 	-1.26416e-18 	0
0.424662 	0.688506 	-1.26331e-18 	0
0.424962 	0.688563 	-1.26247e-18 	0
0.425263 	0.68862 	-1.26163e-18 	0
0.425563 	0.688677 	-1.26078e-18 	0
0.425863 	0.688734 	-1.25994e-18 	0
0.426163 	0.68879 	-1.2591e-18 	0
0.426463 	0.688847 	-1.25825e-18 	0
0.426763 	0.688904 	-1.25741e-18 	0
0.427064 	0.68896 	-1.25657e-18 	0
0.427364 	0.689016 	-1.25572e-18 	0
0.427664 	0.689072 	-1.25488e-18 	0
0.427964 	0.689128 	-1.25404e-18 	0
0.428264 	0.689184 	-1.25319e-18 	0
0.428564 	0.68924 	-1.25235e-18 	0
0.428864 	0.689296 	-1.25151e-18 	0
0.429165 	0.689352 	-1.25067e-18 	0
0.429465 	0.689407 	-1.24983e-18 	0
0.429765 	0.689463 	-1.24899e-18 	0
0.430065 	0.689519 	-1.24815e-18 	0
0.430365 	0.689574 	-1.24731e-18 	0
0.430665 	0.689629 	-1.24647e-18 	0
0.430965 	0.689684 	-1.24563e-18 	0
0.431266 	0.689739 	-1.24479e-18 	0
0.431566 	0.689794 	-1.24396e-18 	0
0.431866 	0.689849 	-1.24312e-18 	0
0.432166 	0.689903 	-1.24228e-18 	0
0.432466 	0.689958 	-1.24144e-18 	0
0.432766 	0.690012 	-1.24061e-18 	0
0.433067 	0.690067 	-1.23977e-18 	0
0.433367 	0.690122 	-1.23893e-18 	0
0.433667 	0.690176 	-1.23809e-18 	0
0.433967 	0.69023 	-1.23726e-18 	0
0.434267 	0.690284 	-1.23642e-18 	0
0.434567 	0.690338 	-1.23558e-18 	0
0.434867 	0.690392 	-1.23475e-18 	0
0.435168 	0.690445 	-1.23391e-18 	0
0.435468 	0.690499 	-1.23308e-18 	0
0.435768 	0.690553 	-1.23225e-18 	0
0.436068 	0.690606 	-1.23141e-18 	0
0.436368 	0.69066 	-1.23058e-18 	0
0.436668 	0.690713 	-1.22974e-18 	0
0.436968 	0.690766 	-1.22891e-18 	0
0.437269 	0.690819 	-1.22807e-18 	0
0.437569 	0.690872 	-1.22724e-18 	0
0.437869 	0.690925 	-1.22641e-18 	0
0.438169 	0.690978 	-1.22558e-18 	0
0.438469 	0.691031 	-1.22475e-18 	0
0.438769 	0.691083 	-1.22391e-18 	0
0.43907 	0.691136 	-1.22308e-18 	0
0.43937 	0.691188 	-1.22225e-18 	0
0.43967 	0.691241 	-1.22142e-18 	0
0.43997 	0.691293 	-1.22059e-18 	0
0.44027 	0.691345 	-1.21976e-18 	0
0.44057 	0.691397 	-1.21894e-18 	0
0.44087 	0.691449 	-1.2181e-18 	0
0.441171 	0.6915 	-1.21727e-18 	0
0.441471 	0.691552 	-1.21644e-18 	0
0.441771 	0.691604 	-1.21562e-18 	0
0.442071 	0.691655 	-1.21479e-18 	0
0.442371 	0.691707 	-1.21396e-18 	0
0.442671 	0.691758 	-1.21314e-18 	0
0.442971 	0.69181 	-1.21231e-18 	0
0.443272 	0.691861 	-1.21148e-18 	0
0.443572 	0.691912 	-1.21065e-18 	0
0.443872 	0.691963 	-1.20983e-18 	0
0.444172 	0.692014 	-1.209e-18 	0
0.444472 	0.692064 	-1.20818e-18 	0
0.444772 	0.692115 	-1.20735e-18 	0
0.445073 	0.692166 	-1.20653e-18 	0
0.445373 	0.692216 	-1.2057e-18 	0
0.445673 	0.692267 	-1.20488e-18 	0
0.445973 	0.692317 	-1.20405e-18 	0
0.446273 	0.692368 	-1.20323e-18 	0
0.446573 	0.692418 	-1.20241e-18 	0
0.446873 	0.692468 	-1.20159e-18 	0
0.447174 	0.692518 	-1.20076e-18 	0
0.447474 	0.692569 	-1.19994e-18 	0
0.447774 	0.692618 	-1.19912e-18 	0
0.448074 	0.692668 	-1.1983e-18 	0
0.448374 	0.692717 	-1.19747e-18 	0
0.448674 	0.692767 	-1.19665e-18 	0
0.448974 	0.692816 	-1.19583e-18 	0
0.449275 	0.692866 	-1.19502e-18 	0
0.449575 	0.692915 	-1.1942e-18 	0
0.449875 	0.692964 	-1.19338e-18 	0
0.450175 	0.693014 	-1.19256e-18 	0
0.450475 	0.693063 	-1.19174e-18 	0
0.450775 	0.693112 	-1.19092e-18 	0
0.451076 	0.69316 	-1.1901e-18 	0
0.451376 	0.693209 	-1.18929e-18 	0
0.451676 	0.693257 	-1.18847e-18 	0
0.451976 	0.693306 	-1.18766e-18 	0
0.452276 	0.693355 	-1.18684e-18 	0
0.452576 	0.693403 	-1.18602e-18 	0
0.452876 	0.693452 	-1.18521e-18 	0
0.453177 	0.6935 	-1.18439e-18 	0
0.453477 	0.693548 	-1.18357e-18 	0
0.453777 	0.693596 	-1.18276e-18 	0
0.454077 	0.693644 	-1.18195e-18 	0
0.454377 	0.693692 	-1.18113e-18 	0
0.454677 	0.69374 	-1.18032e-18 	0
0.454977 	0.693788 	-1.17951e-18 	0
0.455278 	0.693836 	-1.17869e-18 	0
0.455578 	0.693883 	-1.17788e-18 	0
0.455878 	0.693931 	-1.17707e-18 	0
0.456178 	0.693978 	-1.17625e-18 	0
0.456478 	0.694026 	-1.17544e-18 	0
0.456778 	0.694073 	-1.17463e-18 	0
0.457079 	0.69412 	-1.17382e-18 	0
0.457379 	0.694167 	-1.17301e-18 	0
0.457679 	0.694214 	-1.1722e-18 	0
0.457979 	0.694261 	-1.17139e-18 	0
0.458279 	0.694308 	-1.17058e-18 	0
0.458579 	0.694354 	-1.16977e-18 	0
0.458879 	0.694401 	-1.16896e-18 	0
0.45918 	0.694447 	-1.16815e-18 	0
0.45948 	0.694494 	-1.16734e-18 	0
0.45978 	0.69454 	-1.16654e-18 	0
0.46008 	0.694586 	-1.16573e-18 	0
0.46038 	0.694633 	-1.16492e-18 	0
0.46068 	0.694679 	-1.16411e-18 	0
0.46098 	0.694725 	-1.16331e-18 	0
0.461281 	0.694771 	-1.1625e-18 	0
0.461581 	0.694817 	-1.16169e-18 	0
0.461881 	0.694863 	-1.16089e-18 	0
0.462181 	0.694909 	-1.16008e-18 	0
0.462481 	0.694954 	-1.15928e-18 	0
0.462781 	0.694999 	-1.15848e-18 	0
0.463082 	0.695045 	-1.15768e-18 	0
0.463382 	0.69509 	-1.15688e-18 	0
0.463682 	0.695135 	-1.15607e-18 	0
0.463982 	0.695181 	-1.15527e-18 	0
0.464282 	0.695226 	-1.15446e-18 	0
0.464582 	0.695271 	-1.15366e-18 	0
0.464882 	0.695316 	-1.15286e-18 	0
0.465183 	0.695361 	-1.15206e-18 	0
0.465483 	0.695406 	-1.15127e-18 	0
0.465783 	0.695451 	-1.15046e-18 	0
0.466083 	0.695496 	-1.14966e-18 	0
0.466383 	0.695541 	-1.14886e-18 	0
0.466683 	0.695585 	-1.14806e-18 	0
0.466983 	0.695629 	-1.14726e-18 	0
0.467284 	0.695673 	-1.14647e-18 	0
0.467584 	0.695717 	-1.14567e-18 	0
0.467884 	0.695761 	-1.14487e-18 	0
0.468184 	0.695806 	-1.14407e-18 	0
0.468484 	0.69585 	-1.14327e-18 	0
0.468784 	0.695894 	-1.14248e-18 	0
0.469085 	0.695938 	-1.14168e-18 	0
0.469385 	0.695982 	-1.14089e-18 	0
0.469685 	0.696026 	-1.14009e-18 	0
0.469985 	0.696069 	-1.13929e-18 	0
0.470285 	0.696113 	-1.1385e-18 	0
0.470585 	0.696156 	-1.1377e-18 	0
0.470885 	0.6962 	-1.13691e-18 	0
0.471186 	0.696243 	-1.13612e-18 	0
0.471486 	0.696286 	-1.13533e-18 	0
0.471786 	0.696329 	-1.13454e-18 	0
0.472086 	0.696372 	-1.13374e-18 	0
0.472386 	0.696416 	-1.13295e-18 	0
0.472686 	0.696458 	-1.13216e-18 	0
0.472986 	0.696501 	-1.13137e-18 	0
0.473287 	0.696544 	-1.13058e-18 	0
0.473587 	0.696586 	-1.12979e-18 	0
0.473887 	0.696629 	-1.129e-18 	0
0.474187 	0.696672 	-1.12821e-18 	0
0.474487 	0.696714 	-1.12742e-18 	0
0.474787 	0.696757 	-1.12663e-18 	0
0.475088 	0.696799 	-1.12584e-18 	0
0.475388 	0.696841 	-1.12506e-18 	0
0.475688 	0.696883 	-1.12427e-18 	0
0.475988 	0.696925 	-1.12348e-18 	0
0.476288 	0.696967 	-1.1227e-18 	0
0.476588 	0.697009 	-1.12191e-18 	0
0.476888 	0.697051 	-1.12112e-18 	0
0.477189 	0.697093 	-1.12034e-18 	0
0.477489 	0.697135 	-1.11955e-18 	0
0.477789 	0.697177 	-1.11876e-18 	0
0.478089 	0.697218 	-1.11798e-18 	0
0.478389 	0.69726 	-1.11719e-18 	0
0.478689 	0.697301 	-1.11641e-18 	0
0.478989 	0.697343 	-1.11562e-18 	0
0.47929 	0.697384 	-1.11484e-18 	0
0.47959 	0.697425 	-1.11406e-18 	0
0.47989 	0.697466 	-1.11328e-18 	0
0.48019 	0.697508 	-1.1125e-18 	0
0.48049 	0.697549 	-1.11172e-18 	0
0.48079 	0.697589 	-1.11093e-18 	0
0.481091 	0.69763 	-1.11015e-18 	0
0.481391 	0.697671 	-1.10937e-18 	0
0.481691 	0.697712 	-1.10859e-18 	0
0.481991 	0.697752 	-1.10781e-18 	0
0.482291 	0.697793 	-1.10703e-18 	0
0.482591 	0.697833 	-1.10625e-18 	0
0.482891 	0.697873 	-1.10548e-18 	0
0.483192 	0.697914 	-1.1047e-18 	0
0.483492 	0.697954 	-1.10392e-18 	0
0.483792 	0.697994 	-1.10314e-18 	0
0.484092 	0.698034 	-1.10237e-18 	0
0.484392 	0.698075 	-1.10159e-18 	0
0.484692 	0.698115 	-1.10081e-18 	0
0.484992 	0.698155 	-1.10004e-18 	0
0.485293 	0.698194 	-1.09926e-18 	0
0.485593 	0.698234 	-1.09849e-18 	0
0.485893 	0.698274 	-1.09772e-18 	0
0.486193 	0.698313 	-1.09694e-18 	0
0.486493 	0.698353 	-1.09617e-18 	0
0.486793 	0.698392 	-1.09539e-18 	0
0.487094 	0.698432 	-1.09462e-18 	0
0.487394 	0.698471 	-1.09384e-18 	0
0.487694 	0.69851 	-1.09307e-18 	0
0.487994 	0.698549 	-1.0923e-18 	0
0.488294 	0.698588 	-1.09153e-18 	0
0.488594 	0.698627 	-1.09076e-18 	0
0.488894 	0.698666 	-1.08999e-18 	0
0.489195 	0.698705 	-1.08921e-18 	0
0.489495 	0.698744 	-1.08844e-18 	0
0.489795 	0.698783 	-1.08768e-18 	0
0.490095 	0.698822 	-1.08691e-18 	0
0.490395 	0.69886 	-1.08614e-18 	0
0.490695 	0.698899 	-1.08537e-18 	0
0.490995 	0.698937 	-1.0846e-18 	0
0.491296 	0.698976 	-1.08383e-18 	0
0.491596 	0.699014 	-1.08307e-18 	0
0.491896 	0.699052 	-1.0823e-18 	0
0.492196 	0.69909 	-1.08153e-18 	0
0.492496 	0.699129 	-1.08077e-18 	0
0.492796 	0.699167 	-1.08e-18 	0
0.493097 	0.699205 	-1.07924e-18 	0
0.493397 	0.699243 	-1.07847e-18 	0
0.493697 	0.699281 	-1.07771e-18 	0
0.493997 	0.699318 	-1.07695e-18 	0
0.494297 	0.699356 	-1.07619e-18 	0
0.494597 	0.699393 	-1.07542e-18 	0
0.494897 	0.699431 	-1.07466e-18 	0
0.495198 	0.699468 	-1.07389e-18 	0
0.495498 	0.699506 	-1.07313e-18 	0
0.495798 	0.699543 	-1.07237e-18 	0
0.496098 	0.699581 	-1.07161e-18 	0
0.496398 	0.699618 	-1.07085e-18 	0
0.496698 	0.699655 	-1.07009e-18 	0
0.496998 	0.699692 	-1.06933e-18 	0
0.497299 	0.699729 	-1.06857e-18 	0
0.497599 	0.699766 	-1.06781e-18 	0
0.497899 	0.699803 	-1.06705e-18 	0
0.498199 	0.69984 	-1.06629e-18 	0
0.498499 	0.699877 	-1.06553e-18 	0
0.498799 	0.699914 	-1.06477e-18 	0
0.4991 	0.69995 	-1.06401e-18 	0
0.4994 	0.699987 	-1.06325e-18 	0
0.4997 	0.700023 	-1.0625e-18 	0
0.5 	0.70006 	-1.06174e-18 	0
