0.001002 	0.0515531 	7.81177e-19 	0
0.00220441 	0.107823 	1.5762e-18 	0
0.00340681 	0.136783 	1.67604e-18 	0
0.00460922 	0.165743 	1.77588e-18 	0
0.00581162 	0.194703 	1.87572e-18 	0
0.00701403 	0.215038 	1.95244e-18 	0
0.00821643 	0.233771 	2.02487e-18 	0
0.00941884 	0.252505 	2.0973e-18 	0
0.0106212 	0.268142 	2.13122e-18 	0
0.0118236 	0.280883 	2.12911e-18 	0
0.0130261 	0.293625 	2.12701e-18 	0
0.0142285 	0.305754 	2.12499e-18 	0
0.0154309 	0.315278 	2.12336e-18 	0
0.0166333 	0.324801 	2.12173e-18 	0
0.0178357 	0.334324 	2.12009e-18 	0
0.0190381 	0.342177 	2.11002e-18 	0
0.0202405 	0.349765 	2.0986e-18 	0
0.0214429 	0.357352 	2.08719e-18 	0
0.0226453 	0.364253 	2.07664e-18 	0
0.0238477 	0.370561 	2.06685e-18 	0
0.0250501 	0.376868 	2.05706e-18 	0
0.0262525 	0.382985 	2.05312e-18 	0
0.0274549 	0.388386 	2.07119e-18 	0
0.0286573 	0.393788 	2.08927e-18 	0
0.0298597 	0.399189 	2.10734e-18 	0
0.0310621 	0.403994 	2.13925e-18 	0
0.0322645 	0.408721 	2.17298e-18 	0
0.0334669 	0.413448 	2.20671e-18 	0
0.0346693 	0.417884 	2.23383e-18 	0
0.0358717 	0.422089 	2.25569e-18 	0
0.0370741 	0.426294 	2.27755e-18 	0
0.0382766 	0.430404 	2.28641e-18 	0
0.039479 	0.434194 	2.25178e-18 	0
0.0406814 	0.437984 	2.21714e-18 	0
0.0418838 	0.441774 	2.18251e-18 	0
0.0430862 	0.445258 	2.12534e-18 	0
0.0442886 	0.448711 	2.06576e-18 	0
0.045491 	0.452163 	2.00617e-18 	0
0.0466934 	0.455452 	1.95168e-18 	0
0.0478958 	0.458623 	1.90092e-18 	0
0.0490982 	0.461794 	1.85017e-18 	0
0.0503006 	0.464905 	1.79745e-18 	0
0.051503 	0.467839 	1.73884e-18 	0
0.0527054 	0.470773 	1.68024e-18 	0
0.0539078 	0.473706 	1.62163e-18 	0
0.0551102 	0.476453 	1.57158e-18 	0
0.0563126 	0.479184 	1.52225e-18 	0
0.057515 	0.481915 	1.47291e-18 	0
0.0587174 	0.484541 	1.42811e-18 	0
0.0599198 	0.487096 	1.38638e-18 	0
0.0611222 	0.489651 	1.34465e-18 	0
0.0623246 	0.492164 	1.30713e-18 	0
0.0635271 	0.494566 	1.28096e-18 	0
0.0647295 	0.496968 	1.2548e-18 	0
0.0659319 	0.49937 	1.22863e-18 	0
0.0671343 	0.501644 	1.21307e-18 	0
0.0683367 	0.503911 	1.19814e-18 	0
0.0695391 	0.506178 	1.18321e-18 	0
0.0707415 	0.508371 	1.16856e-18 	0
0.0719439 	0.510517 	1.15409e-18 	0
0.0731463 	0.512663 	1.13962e-18 	0
0.0743487 	0.514778 	1.12577e-18 	0
0.0755511 	0.516818 	1.11347e-18 	0
0.0767535 	0.518857 	1.10116e-18 	0
0.0779559 	0.520896 	1.08886e-18 	0
0.0791583 	0.522843 	1.07753e-18 	0
0.0803607 	0.524785 	1.06624e-18 	0
0.0815631 	0.526728 	1.05495e-18 	0
0.0827655 	0.528615 	1.04466e-18 	0
0.0839679 	0.53047 	1.03494e-18 	0
0.0851703 	0.532325 	1.02522e-18 	0
0.0863727 	0.534156 	1.01589e-18 	0
0.0875752 	0.535931 	1.00743e-18 	0
0.0887776 	0.537707 	9.98972e-19 	0
0.08998 	0.539483 	9.90514e-19 	0
0.0911824 	0.541188 	9.83055e-19 	0
0.0923848 	0.542892 	9.75612e-19 	0
0.0935872 	0.544595 	9.6817e-19 	0
0.0947896 	0.546255 	9.61258e-19 	0
0.095992 	0.547893 	9.54624e-19 	0
0.0971944 	0.54953 	9.47989e-19 	0
0.0983968 	0.551147 	9.41566e-19 	0
0.0995992 	0.552723 	9.35573e-19 	0
0.100802 	0.554299 	9.29579e-19 	0
0.102004 	0.555875 	9.23588e-19 	0
0.103206 	0.557395 	9.18103e-19 	0
0.104409 	0.558915 	9.12618e-19 	0
0.105611 	0.560435 	9.07133e-19 	0
0.106814 	0.56192 	9.01921e-19 	0
0.108016 	0.563388 	8.9684e-19 	0
0.109218 	0.564855 	8.91759e-19 	0
0.110421 	0.566306 	8.86792e-19 	0
0.111623 	0.567726 	8.82033e-19 	0
0.112826 	0.569145 	8.77274e-19 	0
0.114028 	0.570564 	8.72522e-19 	0
0.11523 	0.571938 	8.68022e-19 	0
0.116433 	0.573313 	8.63522e-19 	0
0.117635 	0.574687 	8.59022e-19 	0
0.118838 	0.576032 	8.54668e-19 	0
0.12004 	0.577365 	8.50376e-19 	0
0.121242 	0.578697 	8.46085e-19 	0
0.122445 	0.580015 	8.41858e-19 	0
0.123647 	0.581309 	8.37738e-19 	0
0.12485 	0.582602 	8.33618e-19 	0
0.126052 	0.583893 	8.29504e-19 	0
0.127255 	0.58515 	8.25525e-19 	0
0.128457 	0.586407 	8.21547e-19 	0
0.129659 	0.587664 	8.17568e-19 	0
0.130862 	0.588896 	8.13675e-19 	0
0.132064 	0.590118 	8.09815e-19 	0
0.133267 	0.59134 	8.05955e-19 	0
0.134469 	0.592549 	8.02134e-19 	0
0.135671 	0.593738 	7.98376e-19 	0
0.136874 	0.594928 	7.94617e-19 	0
0.138076 	0.596115 	7.90865e-19 	0
0.139279 	0.597275 	7.87194e-19 	0
0.140481 	0.598434 	7.83523e-19 	0
0.141683 	0.599593 	7.79852e-19 	0
0.142886 	0.600731 	7.76238e-19 	0
0.144088 	0.601861 	7.72644e-19 	0
0.145291 	0.602991 	7.6905e-19 	0
0.146493 	0.60411 	7.65485e-19 	0
0.147695 	0.605213 	7.6196e-19 	0
0.148898 	0.606316 	7.58434e-19 	0
0.1501 	0.607417 	7.54914e-19 	0
0.151303 	0.608494 	7.51452e-19 	0
0.152505 	0.609571 	7.47989e-19 	0
0.153707 	0.610648 	7.44527e-19 	0
0.15491 	0.611707 	7.41107e-19 	0
0.156112 	0.612759 	7.37701e-19 	0
0.157315 	0.613812 	7.34295e-19 	0
0.158517 	0.614855 	7.30912e-19 	0
0.159719 	0.615884 	7.27559e-19 	0
0.160922 	0.616914 	7.24206e-19 	0
0.162124 	0.617941 	7.20858e-19 	0
0.163327 	0.618949 	7.17554e-19 	0
0.164529 	0.619956 	7.1425e-19 	0
0.165731 	0.620964 	7.10947e-19 	0
0.166934 	0.621955 	7.0768e-19 	0
0.168136 	0.622941 	7.04423e-19 	0
0.169339 	0.623928 	7.01166e-19 	0
0.170541 	0.624905 	6.97929e-19 	0
0.171743 	0.625872 	6.94716e-19 	0
0.172946 	0.626838 	6.91503e-19 	0
0.174148 	0.627803 	6.88295e-19 	0
0.175351 	0.62875 	6.85124e-19 	0
0.176553 	0.629698 	6.81953e-19 	0
0.177756 	0.630645 	6.78783e-19 	0
0.178958 	0.631578 	6.75644e-19 	0
0.18016 	0.632507 	6.72513e-19 	0
0.181363 	0.633437 	6.69382e-19 	0
0.182565 	0.634358 	6.6627e-19 	0
0.183768 	0.63527 	6.63177e-19 	0
0.18497 	0.636182 	6.60085e-19 	0
0.186172 	0.637091 	6.56998e-19 	0
0.187375 	0.637987 	6.53943e-19 	0
0.188577 	0.638882 	6.50887e-19 	0
0.18978 	0.639777 	6.47832e-19 	0
0.190982 	0.640659 	6.44805e-19 	0
0.192184 	0.641539 	6.41785e-19 	0
0.193387 	0.642418 	6.38764e-19 	0
0.194589 	0.64329 	6.3576e-19 	0
0.195792 	0.644155 	6.32774e-19 	0
0.196994 	0.645019 	6.29787e-19 	0
0.198196 	0.645881 	6.26805e-19 	0
0.199399 	0.646731 	6.23851e-19 	0
0.200601 	0.64758 	6.20897e-19 	0
0.201804 	0.64843 	6.17943e-19 	0
0.203006 	0.649268 	6.15014e-19 	0
0.204208 	0.650104 	6.1209e-19 	0
0.205411 	0.65094 	6.09166e-19 	0
0.206613 	0.651768 	6.06257e-19 	0
0.207816 	0.652591 	6.03361e-19 	0
0.209018 	0.653413 	6.00466e-19 	0
0.21022 	0.654233 	5.97576e-19 	0
0.211423 	0.655043 	5.94709e-19 	0
0.212625 	0.655852 	5.91841e-19 	0
0.213828 	0.656661 	5.88974e-19 	0
0.21503 	0.65746 	5.86129e-19 	0
0.216232 	0.658257 	5.83287e-19 	0
0.217435 	0.659054 	5.80446e-19 	0
0.218637 	0.659845 	5.77617e-19 	0
0.21984 	0.66063 	5.748e-19 	0
0.221042 	0.661415 	5.71982e-19 	0
0.222244 	0.662197 	5.6917e-19 	0
0.223447 	0.662971 	5.66375e-19 	0
0.224649 	0.663745 	5.6358e-19 	0
0.225852 	0.664519 	5.60785e-19 	0
0.227054 	0.665283 	5.58008e-19 	0
0.228257 	0.666045 	5.55234e-19 	0
0.229459 	0.666808 	5.5246e-19 	0
0.230661 	0.667564 	5.49697e-19 	0
0.231864 	0.668316 	5.46942e-19 	0
0.233066 	0.669068 	5.44187e-19 	0
0.234269 	0.669818 	5.41437e-19 	0
0.235471 	0.670559 	5.38699e-19 	0
0.236673 	0.671301 	5.35961e-19 	0
0.237876 	0.672042 	5.33224e-19 	0
0.239078 	0.672775 	5.305e-19 	0
0.240281 	0.673507 	5.27778e-19 	0
0.241483 	0.674238 	5.25056e-19 	0
0.242685 	0.674965 	5.22343e-19 	0
0.243888 	0.675687 	5.19635e-19 	0
0.24509 	0.676409 	5.16927e-19 	0
0.246293 	0.677128 	5.14222e-19 	0
0.247495 	0.677841 	5.11526e-19 	0
0.248697 	0.678554 	5.0883e-19 	0
0.2499 	0.679267 	5.06135e-19 	0
0.251102 	0.679971 	5.03448e-19 	0
0.252305 	0.680675 	5.00763e-19 	0
0.253507 	0.681379 	4.98077e-19 	0
0.254709 	0.682078 	4.95397e-19 	0
0.255912 	0.682774 	4.9272e-19 	0
0.257114 	0.683469 	4.90043e-19 	0
0.258317 	0.684162 	4.87368e-19 	0
0.259519 	0.684849 	4.84698e-19 	0
0.260721 	0.685536 	4.82028e-19 	0
0.261924 	0.686222 	4.79358e-19 	0
0.263126 	0.686902 	4.76692e-19 	0
0.264329 	0.687581 	4.74027e-19 	0
0.265531 	0.688259 	4.71362e-19 	0
0.266733 	0.688933 	4.68698e-19 	0
0.267936 	0.689604 	4.66036e-19 	0
0.269138 	0.690275 	4.63375e-19 	0
0.270341 	0.690944 	4.60713e-19 	0
0.271543 	0.691607 	4.58053e-19 	0
0.272745 	0.69227 	4.55392e-19 	0
0.273948 	0.692933 	4.52731e-19 	0
0.27515 	0.693589 	4.5007e-19 	0
0.276353 	0.694245 	4.47409e-19 	0
0.277555 	0.694901 	4.44748e-19 	0
0.278758 	0.695553 	4.42085e-19 	0
0.27996 	0.696202 	4.39421e-19 	0
0.281162 	0.696851 	4.36757e-19 	0
0.282365 	0.697498 	4.34092e-19 	0
0.283567 	0.698139 	4.31424e-19 	0
0.28477 	0.698781 	4.28756e-19 	0
0.285972 	0.699423 	4.26088e-19 	0
0.287174 	0.700058 	4.23414e-19 	0
0.288377 	0.700694 	4.2074e-19 	0
0.289579 	0.701329 	4.18065e-19 	0
0.290782 	0.70196 	4.15385e-19 	0
0.291984 	0.702588 	4.12702e-19 	0
0.293186 	0.703217 	4.10019e-19 	0
0.294389 	0.703843 	4.07332e-19 	0
0.295591 	0.704465 	4.04639e-19 	0
0.296794 	0.705088 	4.01945e-19 	0
0.297996 	0.70571 	3.99252e-19 	0
0.299198 	0.706326 	3.96545e-19 	0
0.300401 	0.706942 	3.93839e-19 	0
0.301603 	0.707559 	3.91132e-19 	0
0.302806 	0.708171 	3.88415e-19 	0
0.304008 	0.708781 	3.85693e-19 	0
0.30521 	0.70939 	3.82971e-19 	0
0.306413 	0.709998 	3.80242e-19 	0
0.307615 	0.710603 	3.77502e-19 	0
0.308818 	0.711207 	3.74762e-19 	0
0.31002 	0.711811 	3.72022e-19 	0
0.311222 	0.712409 	3.69261e-19 	0
0.312425 	0.713008 	3.66501e-19 	0
0.313627 	0.713606 	3.6374e-19 	0
0.31483 	0.714201 	3.60962e-19 	0
0.316032 	0.714794 	3.58177e-19 	0
0.317234 	0.715387 	3.55392e-19 	0
0.318437 	0.715979 	3.52597e-19 	0
0.319639 	0.716566 	3.49786e-19 	0
0.320842 	0.717154 	3.46974e-19 	0
0.322044 	0.717741 	3.44161e-19 	0
0.323246 	0.718324 	3.41318e-19 	0
0.324449 	0.718906 	3.38475e-19 	0
0.325651 	0.719488 	3.35631e-19 	0
0.326854 	0.720067 	3.32764e-19 	0
0.328056 	0.720644 	3.29887e-19 	0
0.329259 	0.721222 	3.27009e-19 	0
0.330461 	0.721797 	3.24117e-19 	0
0.331663 	0.72237 	3.212e-19 	0
0.332866 	0.722942 	3.18283e-19 	0
0.334068 	0.723514 	3.15364e-19 	0
0.335271 	0.724081 	3.12404e-19 	0
0.336473 	0.724649 	3.09443e-19 	0
0.337675 	0.725216 	3.06482e-19 	0
0.338878 	0.72578 	3.03486e-19 	0
0.34008 	0.726343 	3.00477e-19 	0
0.341283 	0.726905 	2.97468e-19 	0
0.342485 	0.727466 	2.94436e-19 	0
0.343687 	0.728024 	2.91372e-19 	0
0.34489 	0.728582 	2.88308e-19 	0
0.346092 	0.729139 	2.85239e-19 	0
0.347295 	0.729693 	2.82114e-19 	0
0.348497 	0.730247 	2.78989e-19 	0
0.349699 	0.730801 	2.75864e-19 	0
0.350902 	0.731351 	2.72688e-19 	0
0.352104 	0.7319 	2.69496e-19 	0
0.353307 	0.732448 	2.66303e-19 	0
0.354509 	0.732996 	2.63079e-19 	0
0.355711 	0.73354 	2.59811e-19 	0
0.356914 	0.734085 	2.56543e-19 	0
0.358116 	0.734629 	2.53267e-19 	0
0.359319 	0.73517 	2.49916e-19 	0
0.360521 	0.73571 	2.46564e-19 	0
0.361723 	0.736251 	2.43213e-19 	0
0.362926 	0.736788 	2.39791e-19 	0
0.364128 	0.737324 	2.36348e-19 	0
0.365331 	0.73786 	2.32905e-19 	0
0.366533 	0.738395 	2.29416e-19 	0
0.367735 	0.738927 	2.25871e-19 	0
0.368938 	0.73946 	2.22326e-19 	0
0.37014 	0.739992 	2.18768e-19 	0
0.371343 	0.74052 	2.15112e-19 	0
0.372545 	0.741049 	2.11455e-19 	0
0.373747 	0.741577 	2.07799e-19 	0
0.37495 	0.742102 	2.04045e-19 	0
0.376152 	0.742626 	2.00265e-19 	0
0.377355 	0.743151 	1.96485e-19 	0
0.378557 	0.743673 	1.92643e-19 	0
0.37976 	0.744194 	1.88729e-19 	0
0.380962 	0.744715 	1.84814e-19 	0
0.382164 	0.745235 	1.8088e-19 	0
0.383367 	0.745752 	1.76819e-19 	0
0.384569 	0.746269 	1.72757e-19 	0
0.385772 	0.746786 	1.68696e-19 	0
0.386974 	0.7473 	1.64504e-19 	0
0.388176 	0.747813 	1.60282e-19 	0
0.389379 	0.748326 	1.5606e-19 	0
0.390581 	0.748837 	1.51754e-19 	0
0.391784 	0.749347 	1.47358e-19 	0
0.392986 	0.749857 	1.42962e-19 	0
0.394188 	0.750366 	1.38537e-19 	0
0.395391 	0.750873 	1.33952e-19 	0
0.396593 	0.751379 	1.29367e-19 	0
0.397796 	0.751885 	1.24782e-19 	0
0.398998 	0.752388 	1.20029e-19 	0
0.4002 	0.752891 	1.1524e-19 	0
0.401403 	0.753393 	1.10452e-19 	0
0.402605 	0.753894 	1.05554e-19 	0
0.403808 	0.754394 	1.00547e-19 	0
0.40501 	0.754893 	9.55399e-20 	0
0.406212 	0.755392 	9.04915e-20 	0
0.407415 	0.755887 	8.52502e-20 	0
0.408617 	0.756383 	8.00088e-20 	0
0.40982 	0.756879 	7.47675e-20 	0
0.411022 	0.757372 	6.93137e-20 	0
0.412224 	0.757864 	6.38224e-20 	0
0.413427 	0.758357 	5.8331e-20 	0
0.414629 	0.758848 	5.27007e-20 	0
0.415832 	0.759337 	4.69437e-20 	0
0.417034 	0.759827 	4.11867e-20 	0
0.418236 	0.760316 	3.53744e-20 	0
0.419439 	0.760802 	2.93363e-20 	0
0.420641 	0.761288 	2.32982e-20 	0
0.421844 	0.761774 	1.72602e-20 	0
0.423046 	0.762257 	1.09643e-20 	0
0.424248 	0.76274 	4.62986e-21 	0
0.425451 	0.763223 	-1.70455e-21 	0
0.426653 	0.763705 	-8.20798e-21 	0
0.427856 	0.764185 	-1.48535e-20 	0
0.429058 	0.764665 	-2.1499e-20 	0
0.430261 	0.765144 	-2.8215e-20 	0
0.431463 	0.765621 	-3.51859e-20 	0
0.432665 	0.766098 	-4.21568e-20 	0
0.433868 	0.766576 	-4.91277e-20 	0
0.43507 	0.76705 	-5.64006e-20 	0
0.436273 	0.767523 	-6.37108e-20 	0
0.437475 	0.767997 	-7.1021e-20 	0
0.438677 	0.768469 	-7.85299e-20 	0
0.43988 	0.76894 	-8.61929e-20 	0
0.441082 	0.769411 	-9.38559e-20 	0
0.442285 	0.769882 	-1.01605e-19 	0
0.443487 	0.77035 	-1.09634e-19 	0
0.444689 	0.770818 	-1.17663e-19 	0
0.445892 	0.771286 	-1.25692e-19 	0
0.447094 	0.771751 	-1.34067e-19 	0
0.448297 	0.772216 	-1.42476e-19 	0
0.449499 	0.772681 	-1.50884e-19 	0
0.450701 	0.773145 	-1.59523e-19 	0
0.451904 	0.773607 	-1.68325e-19 	0
0.453106 	0.774069 	-1.77128e-19 	0
0.454309 	0.774531 	-1.86035e-19 	0
0.455511 	0.774991 	-1.95247e-19 	0
0.456713 	0.77545 	-2.04459e-19 	0
0.457916 	0.77591 	-2.1367e-19 	0
0.459118 	0.776367 	-2.23279e-19 	0
0.460321 	0.776823 	-2.32918e-19 	0
0.461523 	0.77728 	-2.42557e-19 	0
0.462725 	0.777735 	-2.52467e-19 	0
0.463928 	0.778189 	-2.62555e-19 	0
0.46513 	0.778643 	-2.72642e-19 	0
0.466333 	0.779096 	-2.82861e-19 	0
0.467535 	0.779547 	-2.93424e-19 	0
0.468737 	0.779998 	-3.03987e-19 	0
0.46994 	0.780449 	-3.1455e-19 	0
0.471142 	0.780898 	-3.25596e-19 	0
0.472345 	0.781347 	-3.36668e-19 	0
0.473547 	0.781795 	-3.4774e-19 	0
0.474749 	0.782242 	-3.59156e-19 	0
0.475952 	0.782688 	-3.70781e-19 	0
0.477154 	0.783133 	-3.82406e-19 	0
0.478357 	0.783578 	-3.94211e-19 	0
0.479559 	0.784022 	-4.06446e-19 	0
0.480762 	0.784465 	-4.1868e-19 	0
0.481964 	0.784908 	-4.30914e-19 	0
0.483166 	0.785348 	-4.43812e-19 	0
0.484369 	0.785789 	-4.56731e-19 	0
0.485571 	0.78623 	-4.69649e-19 	0
0.486774 	0.786669 	-4.83071e-19 	0
0.487976 	0.787107 	-4.96772e-19 	0
0.489178 	0.787545 	-5.10473e-19 	0
0.490381 	0.787982 	-5.24355e-19 	0
0.491583 	0.788417 	-5.3863e-19 	0
0.492786 	0.788852 	-5.52905e-19 	0
0.493988 	0.789288 	-5.6718e-19 	0
0.49519 	0.78972 	-5.82155e-19 	0
0.496393 	0.790153 	-5.97137e-19 	0
0.497595 	0.790585 	-6.12118e-19 	0
0.498798 	0.791016 	-6.27664e-19 	0
0.5 	0.791447 	-6.43497e-19 	0
