# Wall shear stress
# Time          	patch           	min             	max             
0.5             	top_wall	(-3.85670316e-03 -8.62748641e-30 0.00000000e+00)	(-3.85670316e-03 -8.62748641e-30 0.00000000e+00)
0.5             	bot_wall	(-3.85670244e-03 -2.05971820e-20 0.00000000e+00)	(-3.85670244e-03 -2.05971820e-20 0.00000000e+00)
1               	top_wall	(-2.46344787e-03 4.85397980e-30 0.00000000e+00)	(-2.46344787e-03 4.85397980e-30 0.00000000e+00)
1               	bot_wall	(-2.46344695e-03 1.45626205e-20 0.00000000e+00)	(-2.46344695e-03 1.45626205e-20 0.00000000e+00)
1.5             	top_wall	(-2.54782002e-03 -4.41588770e-29 0.00000000e+00)	(-2.54782002e-03 -4.41588770e-29 0.00000000e+00)
1.5             	bot_wall	(-2.54781958e-03 1.33041556e-20 0.00000000e+00)	(-2.54781958e-03 1.33041556e-20 0.00000000e+00)
2               	top_wall	(-2.74039382e-03 -4.55751039e-29 0.00000000e+00)	(-2.74039382e-03 -4.55751039e-29 0.00000000e+00)
2               	bot_wall	(-2.74039356e-03 2.02777339e-20 0.00000000e+00)	(-2.74039356e-03 2.02777339e-20 0.00000000e+00)
2.5             	top_wall	(-2.59671732e-03 2.03411581e-29 0.00000000e+00)	(-2.59671732e-03 2.03411581e-29 0.00000000e+00)
2.5             	bot_wall	(-2.59671705e-03 3.94481097e-20 0.00000000e+00)	(-2.59671705e-03 3.94481097e-20 0.00000000e+00)
3               	top_wall	(-2.36891062e-03 1.57780844e-28 0.00000000e+00)	(-2.36891062e-03 1.57780844e-28 0.00000000e+00)
3               	bot_wall	(-2.36891038e-03 1.89106119e-20 0.00000000e+00)	(-2.36891038e-03 1.89106119e-20 0.00000000e+00)
3.5             	top_wall	(-2.18904778e-03 3.11347028e-28 0.00000000e+00)	(-2.18904778e-03 3.11347028e-28 0.00000000e+00)
3.5             	bot_wall	(-2.18904761e-03 3.91246604e-20 0.00000000e+00)	(-2.18904761e-03 3.91246604e-20 0.00000000e+00)
4               	top_wall	(-2.04977480e-03 2.96140819e-28 0.00000000e+00)	(-2.04977480e-03 2.96140819e-28 0.00000000e+00)
4               	bot_wall	(-2.04977470e-03 5.61046731e-20 0.00000000e+00)	(-2.04977470e-03 5.61046731e-20 0.00000000e+00)
4.5             	top_wall	(-1.93296344e-03 1.69507108e-28 0.00000000e+00)	(-1.93296344e-03 1.69507108e-28 0.00000000e+00)
4.5             	bot_wall	(-1.93296340e-03 2.67259050e-20 0.00000000e+00)	(-1.93296340e-03 2.67259050e-20 0.00000000e+00)
5               	top_wall	(-1.82448637e-03 -1.86706552e-28 0.00000000e+00)	(-1.82448637e-03 -1.86706552e-28 0.00000000e+00)
5               	bot_wall	(-1.82448637e-03 3.76284636e-20 0.00000000e+00)	(-1.82448637e-03 3.76284636e-20 0.00000000e+00)
5.5             	top_wall	(-1.71874810e-03 -1.33476220e-27 0.00000000e+00)	(-1.71874810e-03 -1.33476220e-27 0.00000000e+00)
5.5             	bot_wall	(-1.71874812e-03 3.24035730e-20 0.00000000e+00)	(-1.71874812e-03 3.24035730e-20 0.00000000e+00)
6               	top_wall	(-1.61944776e-03 -3.90981155e-27 0.00000000e+00)	(-1.61944776e-03 -3.90981155e-27 0.00000000e+00)
6               	bot_wall	(-1.61944780e-03 3.70265289e-20 0.00000000e+00)	(-1.61944780e-03 3.70265289e-20 0.00000000e+00)
6.5             	top_wall	(-1.52878795e-03 -8.11340296e-27 0.00000000e+00)	(-1.52878795e-03 -8.11340296e-27 0.00000000e+00)
6.5             	bot_wall	(-1.52878802e-03 5.67331133e-20 0.00000000e+00)	(-1.52878802e-03 5.67331133e-20 0.00000000e+00)
7               	top_wall	(-1.44763254e-03 -1.26283705e-26 0.00000000e+00)	(-1.44763254e-03 -1.26283705e-26 0.00000000e+00)
7               	bot_wall	(-1.44763263e-03 2.72851217e-20 0.00000000e+00)	(-1.44763263e-03 2.72851217e-20 0.00000000e+00)
7.5             	top_wall	(-1.37645133e-03 -1.25243047e-26 0.00000000e+00)	(-1.37645133e-03 -1.25243047e-26 0.00000000e+00)
7.5             	bot_wall	(-1.37645144e-03 4.09270797e-20 0.00000000e+00)	(-1.37645144e-03 4.09270797e-20 0.00000000e+00)
8               	top_wall	(-1.31512370e-03 1.28741155e-27 0.00000000e+00)	(-1.31512370e-03 1.28741155e-27 0.00000000e+00)
8               	bot_wall	(-1.31512381e-03 7.00929879e-20 0.00000000e+00)	(-1.31512381e-03 7.00929879e-20 0.00000000e+00)
8.5             	top_wall	(-1.26296415e-03 4.31840150e-26 0.00000000e+00)	(-1.26296415e-03 4.31840150e-26 0.00000000e+00)
8.5             	bot_wall	(-1.26296426e-03 4.83040135e-20 0.00000000e+00)	(-1.26296426e-03 4.83040135e-20 0.00000000e+00)
9               	top_wall	(-1.22362995e-03 1.35808557e-25 0.00000000e+00)	(-1.22362995e-03 1.35808557e-25 0.00000000e+00)
9               	bot_wall	(-1.22363007e-03 6.29730402e-20 0.00000000e+00)	(-1.22363007e-03 6.29730402e-20 0.00000000e+00)
9.5             	top_wall	(-1.19190650e-03 3.08714671e-25 0.00000000e+00)	(-1.19190650e-03 3.08714671e-25 0.00000000e+00)
9.5             	bot_wall	(-1.19190663e-03 7.30543770e-20 0.00000000e+00)	(-1.19190663e-03 7.30543770e-20 0.00000000e+00)
10              	top_wall	(-1.16447900e-03 5.99819672e-25 0.00000000e+00)	(-1.16447900e-03 5.99819672e-25 0.00000000e+00)
10              	bot_wall	(-1.16447914e-03 2.18296536e-20 0.00000000e+00)	(-1.16447914e-03 2.18296536e-20 0.00000000e+00)
10.5            	top_wall	(-1.14053506e-03 1.05394201e-24 0.00000000e+00)	(-1.14053506e-03 1.05394201e-24 0.00000000e+00)
10.5            	bot_wall	(-1.14053520e-03 2.04797924e-20 0.00000000e+00)	(-1.14053520e-03 2.04797924e-20 0.00000000e+00)
11              	top_wall	(-1.11945271e-03 1.72137420e-24 0.00000000e+00)	(-1.11945271e-03 1.72137420e-24 0.00000000e+00)
11              	bot_wall	(-1.11945284e-03 1.70637251e-20 0.00000000e+00)	(-1.11945284e-03 1.70637251e-20 0.00000000e+00)
11.5            	top_wall	(-1.10077531e-03 2.65877128e-24 0.00000000e+00)	(-1.10077531e-03 2.65877128e-24 0.00000000e+00)
11.5            	bot_wall	(-1.10077544e-03 1.36249879e-20 0.00000000e+00)	(-1.10077544e-03 1.36249879e-20 0.00000000e+00)
12              	top_wall	(-1.08414924e-03 3.92890178e-24 0.00000000e+00)	(-1.08414924e-03 3.92890178e-24 0.00000000e+00)
12              	bot_wall	(-1.08414938e-03 3.62866064e-20 0.00000000e+00)	(-1.08414938e-03 3.62866064e-20 0.00000000e+00)
12.5            	top_wall	(-1.06929137e-03 5.59975026e-24 0.00000000e+00)	(-1.06929137e-03 5.59975026e-24 0.00000000e+00)
12.5            	bot_wall	(-1.06929150e-03 2.77041571e-20 0.00000000e+00)	(-1.06929150e-03 2.77041571e-20 0.00000000e+00)
13              	top_wall	(-1.05597092e-03 7.74157228e-24 0.00000000e+00)	(-1.05597092e-03 7.74157228e-24 0.00000000e+00)
13              	bot_wall	(-1.05597106e-03 1.30759101e-20 0.00000000e+00)	(-1.05597106e-03 1.30759101e-20 0.00000000e+00)
13.5            	top_wall	(-1.04399756e-03 1.04244481e-23 0.00000000e+00)	(-1.04399756e-03 1.04244481e-23 0.00000000e+00)
13.5            	bot_wall	(-1.04399770e-03 1.99024846e-20 0.00000000e+00)	(-1.04399770e-03 1.99024846e-20 0.00000000e+00)
14              	top_wall	(-1.03321242e-03 1.37149609e-23 0.00000000e+00)	(-1.03321242e-03 1.37149609e-23 0.00000000e+00)
14              	bot_wall	(-1.03321255e-03 1.07310667e-20 0.00000000e+00)	(-1.03321255e-03 1.07310667e-20 0.00000000e+00)
14.5            	top_wall	(-1.02348093e-03 1.76745979e-23 0.00000000e+00)	(-1.02348093e-03 1.76745979e-23 0.00000000e+00)
14.5            	bot_wall	(-1.02348107e-03 1.64883289e-20 0.00000000e+00)	(-1.02348107e-03 1.64883289e-20 0.00000000e+00)
15              	top_wall	(-1.01468814e-03 2.23578572e-23 0.00000000e+00)	(-1.01468814e-03 2.23578572e-23 0.00000000e+00)
15              	bot_wall	(-1.01468828e-03 1.57271973e-20 0.00000000e+00)	(-1.01468828e-03 1.57271973e-20 0.00000000e+00)
15.5            	top_wall	(-1.00672987e-03 2.78098278e-23 0.00000000e+00)	(-1.00672987e-03 2.78098278e-23 0.00000000e+00)
15.5            	bot_wall	(-1.00673001e-03 9.75342992e-21 0.00000000e+00)	(-1.00673001e-03 9.75342992e-21 0.00000000e+00)
16              	top_wall	(-9.99529893e-04 3.40639703e-23 0.00000000e+00)	(-9.99529893e-04 3.40639703e-23 0.00000000e+00)
16              	bot_wall	(-9.99530027e-04 1.05062994e-20 0.00000000e+00)	(-9.99530027e-04 1.05062994e-20 0.00000000e+00)
16.5            	top_wall	(-9.93016022e-04 4.11394479e-23 0.00000000e+00)	(-9.93016022e-04 4.11394479e-23 0.00000000e+00)
16.5            	bot_wall	(-9.93016153e-04 1.88127765e-20 0.00000000e+00)	(-9.93016153e-04 1.88127765e-20 0.00000000e+00)
17              	top_wall	(-9.87125450e-04 4.90389431e-23 0.00000000e+00)	(-9.87125450e-04 4.90389431e-23 0.00000000e+00)
17              	bot_wall	(-9.87125580e-04 4.00027902e-20 0.00000000e+00)	(-9.87125580e-04 4.00027902e-20 0.00000000e+00)
17.5            	top_wall	(-9.81802462e-04 5.77471076e-23 0.00000000e+00)	(-9.81802462e-04 5.77471076e-23 0.00000000e+00)
17.5            	bot_wall	(-9.81802589e-04 2.41447282e-20 0.00000000e+00)	(-9.81802589e-04 2.41447282e-20 0.00000000e+00)
18              	top_wall	(-9.76998381e-04 6.72325918e-23 0.00000000e+00)	(-9.76998381e-04 6.72325918e-23 0.00000000e+00)
18              	bot_wall	(-9.76998510e-04 3.42607546e-20 0.00000000e+00)	(-9.76998510e-04 3.42607546e-20 0.00000000e+00)
18.5            	top_wall	(-9.72670181e-04 7.74498969e-23 0.00000000e+00)	(-9.72670181e-04 7.74498969e-23 0.00000000e+00)
18.5            	bot_wall	(-9.72670313e-04 2.60433260e-21 0.00000000e+00)	(-9.72670313e-04 2.60433260e-21 0.00000000e+00)
19              	top_wall	(-9.68779769e-04 8.83430667e-23 0.00000000e+00)	(-9.68779769e-04 8.83430667e-23 0.00000000e+00)
19              	bot_wall	(-9.68779899e-04 1.19661619e-20 0.00000000e+00)	(-9.68779899e-04 1.19661619e-20 0.00000000e+00)
19.5            	top_wall	(-9.65293203e-04 9.98496274e-23 0.00000000e+00)	(-9.65293203e-04 9.98496274e-23 0.00000000e+00)
19.5            	bot_wall	(-9.65293332e-04 1.07954680e-20 0.00000000e+00)	(-9.65293332e-04 1.07954680e-20 0.00000000e+00)
20              	top_wall	(-9.62179897e-04 -9.55591052e-24 0.00000000e+00)	(-9.62179897e-04 -9.55591052e-24 0.00000000e+00)
20              	bot_wall	(-9.62180026e-04 5.35548798e-21 0.00000000e+00)	(-9.62180026e-04 5.35548798e-21 0.00000000e+00)
20.5            	top_wall	(-9.59412556e-04 1.06673478e-23 0.00000000e+00)	(-9.59412556e-04 1.06673478e-23 0.00000000e+00)
20.5            	bot_wall	(-9.59412687e-04 1.94384406e-21 0.00000000e+00)	(-9.59412687e-04 1.94384406e-21 0.00000000e+00)
21              	top_wall	(-9.56966597e-04 2.73540008e-23 0.00000000e+00)	(-9.56966597e-04 2.73540008e-23 0.00000000e+00)
21              	bot_wall	(-9.56966727e-04 2.31022238e-20 0.00000000e+00)	(-9.56966727e-04 2.31022238e-20 0.00000000e+00)
21.5            	top_wall	(-9.54819817e-04 4.31742170e-23 0.00000000e+00)	(-9.54819817e-04 4.31742170e-23 0.00000000e+00)
21.5            	bot_wall	(-9.54819949e-04 2.47192025e-20 0.00000000e+00)	(-9.54819949e-04 2.47192025e-20 0.00000000e+00)
22              	top_wall	(-9.52952101e-04 5.86902192e-23 0.00000000e+00)	(-9.52952101e-04 5.86902192e-23 0.00000000e+00)
22              	bot_wall	(-9.52952233e-04 3.60106441e-20 0.00000000e+00)	(-9.52952233e-04 3.60106441e-20 0.00000000e+00)
22.5            	top_wall	(-9.51338098e-04 7.40878118e-23 0.00000000e+00)	(-9.51338098e-04 7.40878118e-23 0.00000000e+00)
22.5            	bot_wall	(-9.51338229e-04 3.22268877e-20 0.00000000e+00)	(-9.51338229e-04 3.22268877e-20 0.00000000e+00)
23              	top_wall	(-9.49963634e-04 8.94352392e-23 0.00000000e+00)	(-9.49963634e-04 8.94352392e-23 0.00000000e+00)
23              	bot_wall	(-9.49963764e-04 1.32168500e-20 0.00000000e+00)	(-9.49963764e-04 1.32168500e-20 0.00000000e+00)
23.5            	top_wall	(-9.48812998e-04 -4.07521539e-23 0.00000000e+00)	(-9.48812998e-04 -4.07521539e-23 0.00000000e+00)
23.5            	bot_wall	(-9.48813130e-04 1.39928124e-20 0.00000000e+00)	(-9.48813130e-04 1.39928124e-20 0.00000000e+00)
24              	top_wall	(-9.47877355e-04 3.68820364e-24 0.00000000e+00)	(-9.47877355e-04 3.68820364e-24 0.00000000e+00)
24              	bot_wall	(-9.47877489e-04 3.44703444e-20 0.00000000e+00)	(-9.47877489e-04 3.44703444e-20 0.00000000e+00)
24.5            	top_wall	(-9.47143678e-04 2.41950304e-23 0.00000000e+00)	(-9.47143678e-04 2.41950304e-23 0.00000000e+00)
24.5            	bot_wall	(-9.47143813e-04 2.75274186e-20 0.00000000e+00)	(-9.47143813e-04 2.75274186e-20 0.00000000e+00)
25              	top_wall	(-9.46600614e-04 4.24668425e-23 0.00000000e+00)	(-9.46600614e-04 4.24668425e-23 0.00000000e+00)
25              	bot_wall	(-9.46600750e-04 2.06266463e-20 0.00000000e+00)	(-9.46600750e-04 2.06266463e-20 0.00000000e+00)
25.5            	top_wall	(-9.46237119e-04 5.98121283e-23 0.00000000e+00)	(-9.46237119e-04 5.98121283e-23 0.00000000e+00)
25.5            	bot_wall	(-9.46237257e-04 2.49135156e-20 0.00000000e+00)	(-9.46237257e-04 2.49135156e-20 0.00000000e+00)
26              	top_wall	(-9.46043258e-04 7.66262282e-23 0.00000000e+00)	(-9.46043258e-04 7.66262282e-23 0.00000000e+00)
26              	bot_wall	(-9.46043397e-04 3.40569114e-20 0.00000000e+00)	(-9.46043397e-04 3.40569114e-20 0.00000000e+00)
26.5            	top_wall	(-9.46009876e-04 9.30787355e-23 0.00000000e+00)	(-9.46009876e-04 9.30787355e-23 0.00000000e+00)
26.5            	bot_wall	(-9.46010015e-04 4.39630236e-20 0.00000000e+00)	(-9.46010015e-04 4.39630236e-20 0.00000000e+00)
27              	top_wall	(-9.46128509e-04 -1.63806862e-23 0.00000000e+00)	(-9.46128509e-04 -1.63806862e-23 0.00000000e+00)
27              	bot_wall	(-9.46128649e-04 5.76638356e-21 0.00000000e+00)	(-9.46128649e-04 5.76638356e-21 0.00000000e+00)
27.5            	top_wall	(-9.46391322e-04 1.12222113e-23 0.00000000e+00)	(-9.46391322e-04 1.12222113e-23 0.00000000e+00)
27.5            	bot_wall	(-9.46391464e-04 4.54217556e-20 0.00000000e+00)	(-9.46391464e-04 4.54217556e-20 0.00000000e+00)
28              	top_wall	(-9.46791058e-04 3.13257903e-23 0.00000000e+00)	(-9.46791058e-04 3.13257903e-23 0.00000000e+00)
28              	bot_wall	(-9.46791199e-04 3.77646178e-20 0.00000000e+00)	(-9.46791199e-04 3.77646178e-20 0.00000000e+00)
28.5            	top_wall	(-9.47320993e-04 4.96535609e-23 0.00000000e+00)	(-9.47320993e-04 4.96535609e-23 0.00000000e+00)
28.5            	bot_wall	(-9.47321134e-04 2.26433806e-20 0.00000000e+00)	(-9.47321134e-04 2.26433806e-20 0.00000000e+00)
29              	top_wall	(-9.47972564e-04 6.71200977e-23 0.00000000e+00)	(-9.47972564e-04 6.71200977e-23 0.00000000e+00)
29              	bot_wall	(-9.47972706e-04 1.35232979e-20 0.00000000e+00)	(-9.47972706e-04 1.35232979e-20 0.00000000e+00)
29.5            	top_wall	(-9.48736258e-04 8.40556606e-23 0.00000000e+00)	(-9.48736258e-04 8.40556606e-23 0.00000000e+00)
29.5            	bot_wall	(-9.48736402e-04 1.78746766e-20 0.00000000e+00)	(-9.48736402e-04 1.78746766e-20 0.00000000e+00)
30              	top_wall	(-9.49611769e-04 1.00620036e-22 0.00000000e+00)	(-9.49611769e-04 1.00620036e-22 0.00000000e+00)
30              	bot_wall	(-9.49611914e-04 2.51018405e-20 0.00000000e+00)	(-9.49611914e-04 2.51018405e-20 0.00000000e+00)
30.5            	top_wall	(-9.50594258e-04 -7.39527752e-25 0.00000000e+00)	(-9.50594258e-04 -7.39527752e-25 0.00000000e+00)
30.5            	bot_wall	(-9.50594404e-04 3.35491437e-20 0.00000000e+00)	(-9.50594404e-04 3.35491437e-20 0.00000000e+00)
31              	top_wall	(-9.51679189e-04 2.16712629e-23 0.00000000e+00)	(-9.51679189e-04 2.16712629e-23 0.00000000e+00)
31              	bot_wall	(-9.51679336e-04 3.24150587e-20 0.00000000e+00)	(-9.51679336e-04 3.24150587e-20 0.00000000e+00)
31.5            	top_wall	(-9.52862292e-04 4.09158354e-23 0.00000000e+00)	(-9.52862292e-04 4.09158354e-23 0.00000000e+00)
31.5            	bot_wall	(-9.52862438e-04 1.78675705e-20 0.00000000e+00)	(-9.52862438e-04 1.78675705e-20 0.00000000e+00)
32              	top_wall	(-9.54139726e-04 5.89743277e-23 0.00000000e+00)	(-9.54139726e-04 5.89743277e-23 0.00000000e+00)
32              	bot_wall	(-9.54139873e-04 3.75940552e-20 0.00000000e+00)	(-9.54139873e-04 3.75940552e-20 0.00000000e+00)
32.5            	top_wall	(-9.55507947e-04 7.63912432e-23 0.00000000e+00)	(-9.55507947e-04 7.63912432e-23 0.00000000e+00)
32.5            	bot_wall	(-9.55508095e-04 2.82155131e-20 0.00000000e+00)	(-9.55508095e-04 2.82155131e-20 0.00000000e+00)
33              	top_wall	(-9.56961325e-04 9.34048809e-23 0.00000000e+00)	(-9.56961325e-04 9.34048809e-23 0.00000000e+00)
33              	bot_wall	(-9.56961472e-04 3.10968253e-20 0.00000000e+00)	(-9.56961472e-04 3.10968253e-20 0.00000000e+00)
33.5            	top_wall	(-9.58485324e-04 -1.34829540e-23 0.00000000e+00)	(-9.58485324e-04 -1.34829540e-23 0.00000000e+00)
33.5            	bot_wall	(-9.58485474e-04 1.69634749e-20 0.00000000e+00)	(-9.58485474e-04 1.69634749e-20 0.00000000e+00)
34              	top_wall	(-9.60085278e-04 1.35303708e-23 0.00000000e+00)	(-9.60085278e-04 1.35303708e-23 0.00000000e+00)
34              	bot_wall	(-9.60085429e-04 3.15940447e-20 0.00000000e+00)	(-9.60085429e-04 3.15940447e-20 0.00000000e+00)
34.5            	top_wall	(-9.61758742e-04 3.40986605e-23 0.00000000e+00)	(-9.61758742e-04 3.40986605e-23 0.00000000e+00)
34.5            	bot_wall	(-9.61758892e-04 1.06004208e-20 0.00000000e+00)	(-9.61758892e-04 1.06004208e-20 0.00000000e+00)
35              	top_wall	(-9.63487172e-04 5.30556262e-23 0.00000000e+00)	(-9.63487172e-04 5.30556262e-23 0.00000000e+00)
35              	bot_wall	(-9.63487322e-04 2.18596659e-20 0.00000000e+00)	(-9.63487322e-04 2.18596659e-20 0.00000000e+00)
35.5            	top_wall	(-9.65278707e-04 7.12644031e-23 0.00000000e+00)	(-9.65278707e-04 7.12644031e-23 0.00000000e+00)
35.5            	bot_wall	(-9.65278859e-04 3.89258608e-20 0.00000000e+00)	(-9.65278859e-04 3.89258608e-20 0.00000000e+00)
36              	top_wall	(-9.67137135e-04 8.90494319e-23 0.00000000e+00)	(-9.67137135e-04 8.90494319e-23 0.00000000e+00)
36              	bot_wall	(-9.67137287e-04 1.41647917e-20 0.00000000e+00)	(-9.67137287e-04 1.41647917e-20 0.00000000e+00)
36.5            	top_wall	(-9.69061004e-04 -2.46753265e-23 0.00000000e+00)	(-9.69061004e-04 -2.46753265e-23 0.00000000e+00)
36.5            	bot_wall	(-9.69061156e-04 3.86583937e-20 0.00000000e+00)	(-9.69061156e-04 3.86583937e-20 0.00000000e+00)
37              	top_wall	(-9.71048813e-04 9.51625988e-24 0.00000000e+00)	(-9.71048813e-04 9.51625988e-24 0.00000000e+00)
37              	bot_wall	(-9.71048965e-04 2.26182402e-20 0.00000000e+00)	(-9.71048965e-04 2.26182402e-20 0.00000000e+00)
37.5            	top_wall	(-9.73098971e-04 3.15313870e-23 0.00000000e+00)	(-9.73098971e-04 3.15313870e-23 0.00000000e+00)
37.5            	bot_wall	(-9.73099124e-04 3.09761717e-20 0.00000000e+00)	(-9.73099124e-04 3.09761717e-20 0.00000000e+00)
38              	top_wall	(-9.75209900e-04 5.15804958e-23 0.00000000e+00)	(-9.75209900e-04 5.15804958e-23 0.00000000e+00)
38              	bot_wall	(-9.75210052e-04 2.53011319e-20 0.00000000e+00)	(-9.75210052e-04 2.53011319e-20 0.00000000e+00)
38.5            	top_wall	(-9.77379253e-04 7.08097089e-23 0.00000000e+00)	(-9.77379253e-04 7.08097089e-23 0.00000000e+00)
38.5            	bot_wall	(-9.77379407e-04 2.59021671e-20 0.00000000e+00)	(-9.77379407e-04 2.59021671e-20 0.00000000e+00)
39              	top_wall	(-9.79599621e-04 8.96111559e-23 0.00000000e+00)	(-9.79599621e-04 8.96111559e-23 0.00000000e+00)
39              	bot_wall	(-9.79599775e-04 1.59690265e-20 0.00000000e+00)	(-9.79599775e-04 1.59690265e-20 0.00000000e+00)
39.5            	top_wall	(-9.81875714e-04 -1.93331488e-23 0.00000000e+00)	(-9.81875714e-04 -1.93331488e-23 0.00000000e+00)
39.5            	bot_wall	(-9.81875870e-04 3.47852748e-20 0.00000000e+00)	(-9.81875870e-04 3.47852748e-20 0.00000000e+00)
40              	top_wall	(-9.84206261e-04 1.27486346e-23 0.00000000e+00)	(-9.84206261e-04 1.27486346e-23 0.00000000e+00)
40              	bot_wall	(-9.84206417e-04 5.15172183e-20 0.00000000e+00)	(-9.84206417e-04 5.15172183e-20 0.00000000e+00)
40.5            	top_wall	(-9.86590165e-04 3.56309096e-23 0.00000000e+00)	(-9.86590165e-04 3.56309096e-23 0.00000000e+00)
40.5            	bot_wall	(-9.86590324e-04 4.58110624e-20 0.00000000e+00)	(-9.86590324e-04 4.58110624e-20 0.00000000e+00)
41              	top_wall	(-9.89026399e-04 5.67519791e-23 0.00000000e+00)	(-9.89026399e-04 5.67519791e-23 0.00000000e+00)
41              	bot_wall	(-9.89026559e-04 2.99377931e-20 0.00000000e+00)	(-9.89026559e-04 2.99377931e-20 0.00000000e+00)
41.5            	top_wall	(-9.91514147e-04 7.71454014e-23 0.00000000e+00)	(-9.91514147e-04 7.71454014e-23 0.00000000e+00)
41.5            	bot_wall	(-9.91514308e-04 1.00095146e-20 0.00000000e+00)	(-9.91514308e-04 1.00095146e-20 0.00000000e+00)
42              	top_wall	(-9.94052848e-04 9.71780384e-23 0.00000000e+00)	(-9.94052848e-04 9.71780384e-23 0.00000000e+00)
42              	bot_wall	(-9.94053008e-04 1.37778858e-20 0.00000000e+00)	(-9.94053008e-04 1.37778858e-20 0.00000000e+00)
42.5            	top_wall	(-9.96641186e-04 -1.84728099e-24 0.00000000e+00)	(-9.96641186e-04 -1.84728099e-24 0.00000000e+00)
42.5            	bot_wall	(-9.96641345e-04 8.09904674e-21 0.00000000e+00)	(-9.96641345e-04 8.09904674e-21 0.00000000e+00)
43              	top_wall	(-9.99278747e-04 2.51720671e-23 0.00000000e+00)	(-9.99278747e-04 2.51720671e-23 0.00000000e+00)
43              	bot_wall	(-9.99278906e-04 3.52589065e-20 0.00000000e+00)	(-9.99278906e-04 3.52589065e-20 0.00000000e+00)
43.5            	top_wall	(-1.00195911e-03 4.84691740e-23 0.00000000e+00)	(-1.00195911e-03 4.84691740e-23 0.00000000e+00)
43.5            	bot_wall	(-1.00195927e-03 1.63084706e-20 0.00000000e+00)	(-1.00195927e-03 1.63084706e-20 0.00000000e+00)
44              	top_wall	(-1.00468452e-03 7.06099434e-23 0.00000000e+00)	(-1.00468452e-03 7.06099434e-23 0.00000000e+00)
44              	bot_wall	(-1.00468468e-03 3.30194392e-20 0.00000000e+00)	(-1.00468468e-03 3.30194392e-20 0.00000000e+00)
44.5            	top_wall	(-1.00745650e-03 9.22223574e-23 0.00000000e+00)	(-1.00745650e-03 9.22223574e-23 0.00000000e+00)
44.5            	bot_wall	(-1.00745666e-03 1.52234543e-20 0.00000000e+00)	(-1.00745666e-03 1.52234543e-20 0.00000000e+00)
45              	top_wall	(-1.01027382e-03 -8.34720088e-24 0.00000000e+00)	(-1.01027382e-03 -8.34720088e-24 0.00000000e+00)
45              	bot_wall	(-1.01027397e-03 2.38528963e-20 0.00000000e+00)	(-1.01027397e-03 2.38528963e-20 0.00000000e+00)
45.5            	top_wall	(-1.01313639e-03 2.21110153e-23 0.00000000e+00)	(-1.01313639e-03 2.21110153e-23 0.00000000e+00)
45.5            	bot_wall	(-1.01313656e-03 1.10600551e-20 0.00000000e+00)	(-1.01313656e-03 1.10600551e-20 0.00000000e+00)
46              	top_wall	(-1.01604384e-03 4.71740313e-23 0.00000000e+00)	(-1.01604384e-03 4.71740313e-23 0.00000000e+00)
46              	bot_wall	(-1.01604401e-03 2.48925456e-20 0.00000000e+00)	(-1.01604401e-03 2.48925456e-20 0.00000000e+00)
46.5            	top_wall	(-1.01899582e-03 7.07938022e-23 0.00000000e+00)	(-1.01899582e-03 7.07938022e-23 0.00000000e+00)
46.5            	bot_wall	(-1.01899598e-03 2.00471768e-20 0.00000000e+00)	(-1.01899598e-03 2.00471768e-20 0.00000000e+00)
47              	top_wall	(-1.02199203e-03 9.37513267e-23 0.00000000e+00)	(-1.02199203e-03 9.37513267e-23 0.00000000e+00)
47              	bot_wall	(-1.02199219e-03 3.41142651e-20 0.00000000e+00)	(-1.02199219e-03 3.41142651e-20 0.00000000e+00)
47.5            	top_wall	(-1.02503223e-03 -3.99577427e-24 0.00000000e+00)	(-1.02503223e-03 -3.99577427e-24 0.00000000e+00)
47.5            	bot_wall	(-1.02503239e-03 4.60192451e-20 0.00000000e+00)	(-1.02503239e-03 4.60192451e-20 0.00000000e+00)
48              	top_wall	(-1.02811423e-03 2.64964378e-23 0.00000000e+00)	(-1.02811423e-03 2.64964378e-23 0.00000000e+00)
48              	bot_wall	(-1.02811439e-03 5.70372741e-20 0.00000000e+00)	(-1.02811439e-03 5.70372741e-20 0.00000000e+00)
48.5            	top_wall	(-1.03123515e-03 5.24284707e-23 0.00000000e+00)	(-1.03123515e-03 5.24284707e-23 0.00000000e+00)
48.5            	bot_wall	(-1.03123531e-03 3.00002409e-20 0.00000000e+00)	(-1.03123531e-03 3.00002409e-20 0.00000000e+00)
49              	top_wall	(-1.03439882e-03 7.69512436e-23 0.00000000e+00)	(-1.03439882e-03 7.69512436e-23 0.00000000e+00)
49              	bot_wall	(-1.03439897e-03 1.71829746e-20 0.00000000e+00)	(-1.03439897e-03 1.71829746e-20 0.00000000e+00)
49.5            	top_wall	(-1.03760501e-03 1.00758743e-22 0.00000000e+00)	(-1.03760501e-03 1.00758743e-22 0.00000000e+00)
49.5            	bot_wall	(-1.03760517e-03 2.61134806e-20 0.00000000e+00)	(-1.03760517e-03 2.61134806e-20 0.00000000e+00)
50              	top_wall	(-1.04085373e-03 7.18221822e-24 0.00000000e+00)	(-1.04085373e-03 7.18221822e-24 0.00000000e+00)
50              	bot_wall	(-1.04085388e-03 2.94909883e-20 0.00000000e+00)	(-1.04085388e-03 2.94909883e-20 0.00000000e+00)
50.5            	top_wall	(-1.04414497e-03 3.62093126e-23 0.00000000e+00)	(-1.04414497e-03 3.62093126e-23 0.00000000e+00)
50.5            	bot_wall	(-1.04414513e-03 2.76131014e-20 0.00000000e+00)	(-1.04414513e-03 2.76131014e-20 0.00000000e+00)
51              	top_wall	(-1.04747874e-03 6.22134989e-23 0.00000000e+00)	(-1.04747874e-03 6.22134989e-23 0.00000000e+00)
51              	bot_wall	(-1.04747890e-03 3.94935117e-20 0.00000000e+00)	(-1.04747890e-03 3.94935117e-20 0.00000000e+00)
51.5            	top_wall	(-1.05085509e-03 8.69984504e-23 0.00000000e+00)	(-1.05085509e-03 8.69984504e-23 0.00000000e+00)
51.5            	bot_wall	(-1.05085524e-03 2.54524355e-20 0.00000000e+00)	(-1.05085524e-03 2.54524355e-20 0.00000000e+00)
52              	top_wall	(-1.05427407e-03 -1.48154878e-23 0.00000000e+00)	(-1.05427407e-03 -1.48154878e-23 0.00000000e+00)
52              	bot_wall	(-1.05427423e-03 3.08813695e-20 0.00000000e+00)	(-1.05427423e-03 3.08813695e-20 0.00000000e+00)
52.5            	top_wall	(-1.05773579e-03 2.08676271e-23 0.00000000e+00)	(-1.05773579e-03 2.08676271e-23 0.00000000e+00)
52.5            	bot_wall	(-1.05773594e-03 2.97652869e-20 0.00000000e+00)	(-1.05773594e-03 2.97652869e-20 0.00000000e+00)
53              	top_wall	(-1.06123537e-03 4.84154860e-23 0.00000000e+00)	(-1.06123537e-03 4.84154860e-23 0.00000000e+00)
53              	bot_wall	(-1.06123552e-03 2.95399126e-20 0.00000000e+00)	(-1.06123552e-03 2.95399126e-20 0.00000000e+00)
53.5            	top_wall	(-1.06477653e-03 7.39932636e-23 0.00000000e+00)	(-1.06477653e-03 7.39932636e-23 0.00000000e+00)
53.5            	bot_wall	(-1.06477668e-03 3.28932965e-20 0.00000000e+00)	(-1.06477668e-03 3.28932965e-20 0.00000000e+00)
54              	top_wall	(-1.06836026e-03 9.85730466e-23 0.00000000e+00)	(-1.06836026e-03 9.85730466e-23 0.00000000e+00)
54              	bot_wall	(-1.06836042e-03 2.75840486e-20 0.00000000e+00)	(-1.06836042e-03 2.75840486e-20 0.00000000e+00)
54.5            	top_wall	(-1.07198742e-03 4.54564214e-24 0.00000000e+00)	(-1.07198742e-03 4.54564214e-24 0.00000000e+00)
54.5            	bot_wall	(-1.07198758e-03 2.25490580e-20 0.00000000e+00)	(-1.07198758e-03 2.25490580e-20 0.00000000e+00)
55              	top_wall	(-1.07565705e-03 3.44684057e-23 0.00000000e+00)	(-1.07565705e-03 3.44684057e-23 0.00000000e+00)
55              	bot_wall	(-1.07565720e-03 2.97695230e-20 0.00000000e+00)	(-1.07565720e-03 2.97695230e-20 0.00000000e+00)
55.5            	top_wall	(-1.07936977e-03 6.09121563e-23 0.00000000e+00)	(-1.07936977e-03 6.09121563e-23 0.00000000e+00)
55.5            	bot_wall	(-1.07936992e-03 1.04668027e-20 0.00000000e+00)	(-1.07936992e-03 1.04668027e-20 0.00000000e+00)
56              	top_wall	(-1.08312476e-03 8.59814527e-23 0.00000000e+00)	(-1.08312476e-03 8.59814527e-23 0.00000000e+00)
56              	bot_wall	(-1.08312490e-03 2.56909203e-20 0.00000000e+00)	(-1.08312490e-03 2.56909203e-20 0.00000000e+00)
56.5            	top_wall	(-1.08690921e-03 -1.72407896e-23 0.00000000e+00)	(-1.08690921e-03 -1.72407896e-23 0.00000000e+00)
56.5            	bot_wall	(-1.08690935e-03 2.01723176e-20 0.00000000e+00)	(-1.08690935e-03 2.01723176e-20 0.00000000e+00)
57              	top_wall	(-1.09072451e-03 1.96950730e-23 0.00000000e+00)	(-1.09072451e-03 1.96950730e-23 0.00000000e+00)
57              	bot_wall	(-1.09072465e-03 3.94676909e-20 0.00000000e+00)	(-1.09072465e-03 3.94676909e-20 0.00000000e+00)
57.5            	top_wall	(-1.09457968e-03 4.75173844e-23 0.00000000e+00)	(-1.09457968e-03 4.75173844e-23 0.00000000e+00)
57.5            	bot_wall	(-1.09457982e-03 4.64408194e-20 0.00000000e+00)	(-1.09457982e-03 4.64408194e-20 0.00000000e+00)
58              	top_wall	(-1.09847304e-03 7.33097994e-23 0.00000000e+00)	(-1.09847304e-03 7.33097994e-23 0.00000000e+00)
58              	bot_wall	(-1.09847318e-03 3.57272243e-20 0.00000000e+00)	(-1.09847318e-03 3.57272243e-20 0.00000000e+00)
58.5            	top_wall	(-1.10240875e-03 9.81249872e-23 0.00000000e+00)	(-1.10240875e-03 9.81249872e-23 0.00000000e+00)
58.5            	bot_wall	(-1.10240889e-03 2.29571376e-20 0.00000000e+00)	(-1.10240889e-03 2.29571376e-20 0.00000000e+00)
59              	top_wall	(-1.10638738e-03 3.84114768e-24 0.00000000e+00)	(-1.10638738e-03 3.84114768e-24 0.00000000e+00)
59              	bot_wall	(-1.10638752e-03 4.56473413e-20 0.00000000e+00)	(-1.10638752e-03 4.56473413e-20 0.00000000e+00)
59.5            	top_wall	(-1.11040947e-03 3.42901409e-23 0.00000000e+00)	(-1.11040947e-03 3.42901409e-23 0.00000000e+00)
59.5            	bot_wall	(-1.11040961e-03 4.23991110e-20 0.00000000e+00)	(-1.11040961e-03 4.23991110e-20 0.00000000e+00)
60              	top_wall	(-1.11447547e-03 6.12454022e-23 0.00000000e+00)	(-1.11447547e-03 6.12454022e-23 0.00000000e+00)
60              	bot_wall	(-1.11447561e-03 4.01185124e-20 0.00000000e+00)	(-1.11447561e-03 4.01185124e-20 0.00000000e+00)
60.5            	top_wall	(-1.11858581e-03 8.69096737e-23 0.00000000e+00)	(-1.11858581e-03 8.69096737e-23 0.00000000e+00)
60.5            	bot_wall	(-1.11858595e-03 2.72188841e-20 0.00000000e+00)	(-1.11858595e-03 2.72188841e-20 0.00000000e+00)
61              	top_wall	(-1.12274088e-03 -1.41951113e-23 0.00000000e+00)	(-1.12274088e-03 -1.41951113e-23 0.00000000e+00)
61              	bot_wall	(-1.12274102e-03 4.22660063e-20 0.00000000e+00)	(-1.12274102e-03 4.22660063e-20 0.00000000e+00)
61.5            	top_wall	(-1.12694105e-03 2.21254399e-23 0.00000000e+00)	(-1.12694105e-03 2.21254399e-23 0.00000000e+00)
61.5            	bot_wall	(-1.12694118e-03 2.67288104e-20 0.00000000e+00)	(-1.12694118e-03 2.67288104e-20 0.00000000e+00)
62              	top_wall	(-1.13118670e-03 5.07010067e-23 0.00000000e+00)	(-1.13118670e-03 5.07010067e-23 0.00000000e+00)
62              	bot_wall	(-1.13118684e-03 1.50605170e-20 0.00000000e+00)	(-1.13118684e-03 1.50605170e-20 0.00000000e+00)
62.5            	top_wall	(-1.13547571e-03 7.74267281e-23 0.00000000e+00)	(-1.13547571e-03 7.74267281e-23 0.00000000e+00)
62.5            	bot_wall	(-1.13547584e-03 3.90400779e-20 0.00000000e+00)	(-1.13547584e-03 3.90400779e-20 0.00000000e+00)
63              	top_wall	(-1.13980805e-03 1.03272397e-22 0.00000000e+00)	(-1.13980805e-03 1.03272397e-22 0.00000000e+00)
63              	bot_wall	(-1.13980819e-03 4.66897906e-20 0.00000000e+00)	(-1.13980819e-03 4.66897906e-20 0.00000000e+00)
63.5            	top_wall	(-1.14418604e-03 1.15552537e-23 0.00000000e+00)	(-1.14418604e-03 1.15552537e-23 0.00000000e+00)
63.5            	bot_wall	(-1.14418617e-03 3.87011035e-20 0.00000000e+00)	(-1.14418617e-03 3.87011035e-20 0.00000000e+00)
64              	top_wall	(-1.14860999e-03 4.21126192e-23 0.00000000e+00)	(-1.14860999e-03 4.21126192e-23 0.00000000e+00)
64              	bot_wall	(-1.14861013e-03 4.50211511e-20 0.00000000e+00)	(-1.14861013e-03 4.50211511e-20 0.00000000e+00)
64.5            	top_wall	(-1.15308032e-03 6.99584737e-23 0.00000000e+00)	(-1.15308032e-03 6.99584737e-23 0.00000000e+00)
64.5            	bot_wall	(-1.15308046e-03 3.81013416e-20 0.00000000e+00)	(-1.15308046e-03 3.81013416e-20 0.00000000e+00)
65              	top_wall	(-1.15759760e-03 9.66907399e-23 0.00000000e+00)	(-1.15759760e-03 9.66907399e-23 0.00000000e+00)
65              	bot_wall	(-1.15759775e-03 5.48521204e-20 0.00000000e+00)	(-1.15759775e-03 5.48521204e-20 0.00000000e+00)
65.5            	top_wall	(-1.16216235e-03 2.94907081e-24 0.00000000e+00)	(-1.16216235e-03 2.94907081e-24 0.00000000e+00)
65.5            	bot_wall	(-1.16216249e-03 4.12726876e-20 0.00000000e+00)	(-1.16216249e-03 4.12726876e-20 0.00000000e+00)
66              	top_wall	(-1.16677438e-03 3.57686350e-23 0.00000000e+00)	(-1.16677438e-03 3.57686350e-23 0.00000000e+00)
66              	bot_wall	(-1.16677452e-03 3.61356463e-20 0.00000000e+00)	(-1.16677452e-03 3.61356463e-20 0.00000000e+00)
66.5            	top_wall	(-1.17143379e-03 6.47658509e-23 0.00000000e+00)	(-1.17143379e-03 6.47658509e-23 0.00000000e+00)
66.5            	bot_wall	(-1.17143393e-03 3.98528006e-20 0.00000000e+00)	(-1.17143393e-03 3.98528006e-20 0.00000000e+00)
67              	top_wall	(-1.17614090e-03 9.24264921e-23 0.00000000e+00)	(-1.17614090e-03 9.24264921e-23 0.00000000e+00)
67              	bot_wall	(-1.17614104e-03 3.93399800e-20 0.00000000e+00)	(-1.17614104e-03 3.93399800e-20 0.00000000e+00)
67.5            	top_wall	(-1.18089382e-03 -2.60324062e-24 0.00000000e+00)	(-1.18089382e-03 -2.60324062e-24 0.00000000e+00)
67.5            	bot_wall	(-1.18089396e-03 4.54876397e-20 0.00000000e+00)	(-1.18089396e-03 4.54876397e-20 0.00000000e+00)
68              	top_wall	(-1.18569194e-03 3.22766405e-23 0.00000000e+00)	(-1.18569194e-03 3.22766405e-23 0.00000000e+00)
68              	bot_wall	(-1.18569208e-03 3.33593312e-20 0.00000000e+00)	(-1.18569208e-03 3.33593312e-20 0.00000000e+00)
68.5            	top_wall	(-1.19053727e-03 6.23597632e-23 0.00000000e+00)	(-1.19053727e-03 6.23597632e-23 0.00000000e+00)
68.5            	bot_wall	(-1.19053740e-03 3.40991360e-20 0.00000000e+00)	(-1.19053740e-03 3.40991360e-20 0.00000000e+00)
69              	top_wall	(-1.19542987e-03 9.09413766e-23 0.00000000e+00)	(-1.19542987e-03 9.09413766e-23 0.00000000e+00)
69              	bot_wall	(-1.19543000e-03 3.69652655e-20 0.00000000e+00)	(-1.19543000e-03 3.69652655e-20 0.00000000e+00)
69.5            	top_wall	(-1.20036984e-03 -4.15483470e-24 0.00000000e+00)	(-1.20036984e-03 -4.15483470e-24 0.00000000e+00)
69.5            	bot_wall	(-1.20036997e-03 3.57098498e-20 0.00000000e+00)	(-1.20036997e-03 3.57098498e-20 0.00000000e+00)
70              	top_wall	(-1.20535719e-03 3.20130194e-23 0.00000000e+00)	(-1.20535719e-03 3.20130194e-23 0.00000000e+00)
70              	bot_wall	(-1.20535732e-03 2.86610316e-20 0.00000000e+00)	(-1.20535732e-03 2.86610316e-20 0.00000000e+00)
70.5            	top_wall	(-1.21039189e-03 6.29821137e-23 0.00000000e+00)	(-1.21039189e-03 6.29821137e-23 0.00000000e+00)
70.5            	bot_wall	(-1.21039202e-03 3.60883146e-20 0.00000000e+00)	(-1.21039202e-03 3.60883146e-20 0.00000000e+00)
71              	top_wall	(-1.21547385e-03 9.23651340e-23 0.00000000e+00)	(-1.21547385e-03 9.23651340e-23 0.00000000e+00)
71              	bot_wall	(-1.21547397e-03 4.60607434e-20 0.00000000e+00)	(-1.21547397e-03 4.60607434e-20 0.00000000e+00)
71.5            	top_wall	(-1.22060292e-03 -1.65042441e-24 0.00000000e+00)	(-1.22060292e-03 -1.65042441e-24 0.00000000e+00)
71.5            	bot_wall	(-1.22060305e-03 2.25638221e-20 0.00000000e+00)	(-1.22060305e-03 2.25638221e-20 0.00000000e+00)
72              	top_wall	(-1.22577893e-03 3.48352280e-23 0.00000000e+00)	(-1.22577893e-03 3.48352280e-23 0.00000000e+00)
72              	bot_wall	(-1.22577906e-03 4.37817452e-20 0.00000000e+00)	(-1.22577906e-03 4.37817452e-20 0.00000000e+00)
72.5            	top_wall	(-1.23100049e-03 6.64155392e-23 0.00000000e+00)	(-1.23100049e-03 6.64155392e-23 0.00000000e+00)
72.5            	bot_wall	(-1.23100062e-03 3.13590503e-20 0.00000000e+00)	(-1.23100062e-03 3.13590503e-20 0.00000000e+00)
73              	top_wall	(-1.23626504e-03 9.64281735e-23 0.00000000e+00)	(-1.23626504e-03 9.64281735e-23 0.00000000e+00)
73              	bot_wall	(-1.23626517e-03 8.59324565e-21 0.00000000e+00)	(-1.23626517e-03 8.59324565e-21 0.00000000e+00)
73.5            	top_wall	(-1.24157464e-03 4.86295008e-24 0.00000000e+00)	(-1.24157464e-03 4.86295008e-24 0.00000000e+00)
73.5            	bot_wall	(-1.24157477e-03 1.81286283e-20 0.00000000e+00)	(-1.24157477e-03 1.81286283e-20 0.00000000e+00)
74              	top_wall	(-1.24692877e-03 4.06397000e-23 0.00000000e+00)	(-1.24692877e-03 4.06397000e-23 0.00000000e+00)
74              	bot_wall	(-1.24692889e-03 4.54439765e-20 0.00000000e+00)	(-1.24692889e-03 4.54439765e-20 0.00000000e+00)
74.5            	top_wall	(-1.25232692e-03 7.25681574e-23 0.00000000e+00)	(-1.25232692e-03 7.25681574e-23 0.00000000e+00)
74.5            	bot_wall	(-1.25232704e-03 3.18082217e-20 0.00000000e+00)	(-1.25232704e-03 3.18082217e-20 0.00000000e+00)
75              	top_wall	(-1.25776848e-03 1.03115797e-22 0.00000000e+00)	(-1.25776848e-03 1.03115797e-22 0.00000000e+00)
75              	bot_wall	(-1.25776860e-03 3.22524268e-20 0.00000000e+00)	(-1.25776860e-03 3.22524268e-20 0.00000000e+00)
75.5            	top_wall	(-1.26325274e-03 1.40712272e-23 0.00000000e+00)	(-1.26325274e-03 1.40712272e-23 0.00000000e+00)
75.5            	bot_wall	(-1.26325285e-03 2.20937646e-20 0.00000000e+00)	(-1.26325285e-03 2.20937646e-20 0.00000000e+00)
76              	top_wall	(-1.26877892e-03 4.92675298e-23 0.00000000e+00)	(-1.26877892e-03 4.92675298e-23 0.00000000e+00)
76              	bot_wall	(-1.26877904e-03 4.80321444e-20 0.00000000e+00)	(-1.26877904e-03 4.80321444e-20 0.00000000e+00)
76.5            	top_wall	(-1.27434623e-03 8.15807320e-23 0.00000000e+00)	(-1.27434623e-03 8.15807320e-23 0.00000000e+00)
76.5            	bot_wall	(-1.27434635e-03 4.35578839e-20 0.00000000e+00)	(-1.27434635e-03 4.35578839e-20 0.00000000e+00)
77              	top_wall	(-1.27995407e-03 -1.86152530e-23 0.00000000e+00)	(-1.27995407e-03 -1.86152530e-23 0.00000000e+00)
77              	bot_wall	(-1.27995419e-03 4.73233058e-20 0.00000000e+00)	(-1.27995419e-03 4.73233058e-20 0.00000000e+00)
77.5            	top_wall	(-1.28560069e-03 2.63388412e-23 0.00000000e+00)	(-1.28560069e-03 2.63388412e-23 0.00000000e+00)
77.5            	bot_wall	(-1.28560081e-03 5.17294346e-20 0.00000000e+00)	(-1.28560081e-03 5.17294346e-20 0.00000000e+00)
78              	top_wall	(-1.29128387e-03 6.11695557e-23 0.00000000e+00)	(-1.29128387e-03 6.11695557e-23 0.00000000e+00)
78              	bot_wall	(-1.29128398e-03 3.37721267e-20 0.00000000e+00)	(-1.29128398e-03 3.37721267e-20 0.00000000e+00)
78.5            	top_wall	(-1.29700127e-03 9.39082048e-23 0.00000000e+00)	(-1.29700127e-03 9.39082048e-23 0.00000000e+00)
78.5            	bot_wall	(-1.29700138e-03 3.63620828e-20 0.00000000e+00)	(-1.29700138e-03 3.63620828e-20 0.00000000e+00)
79              	top_wall	(-1.30275382e-03 2.89478103e-24 0.00000000e+00)	(-1.30275382e-03 2.89478103e-24 0.00000000e+00)
79              	bot_wall	(-1.30275393e-03 1.75028126e-20 0.00000000e+00)	(-1.30275393e-03 1.75028126e-20 0.00000000e+00)
79.5            	top_wall	(-1.30853937e-03 4.19367420e-23 0.00000000e+00)	(-1.30853937e-03 4.19367420e-23 0.00000000e+00)
79.5            	bot_wall	(-1.30853948e-03 3.48705503e-20 0.00000000e+00)	(-1.30853948e-03 3.48705503e-20 0.00000000e+00)
80              	top_wall	(-1.31435683e-03 7.65581982e-23 0.00000000e+00)	(-1.31435683e-03 7.65581982e-23 0.00000000e+00)
80              	bot_wall	(-1.31435694e-03 2.50455194e-20 0.00000000e+00)	(-1.31435694e-03 2.50455194e-20 0.00000000e+00)
80.5            	top_wall	(-1.32020466e-03 -2.94923630e-23 0.00000000e+00)	(-1.32020466e-03 -2.94923630e-23 0.00000000e+00)
80.5            	bot_wall	(-1.32020477e-03 2.35985515e-20 0.00000000e+00)	(-1.32020477e-03 2.35985515e-20 0.00000000e+00)
81              	top_wall	(-1.32608129e-03 2.36021252e-23 0.00000000e+00)	(-1.32608129e-03 2.36021252e-23 0.00000000e+00)
81              	bot_wall	(-1.32608139e-03 2.80763920e-20 0.00000000e+00)	(-1.32608139e-03 2.80763920e-20 0.00000000e+00)
81.5            	top_wall	(-1.33198507e-03 6.05870277e-23 0.00000000e+00)	(-1.33198507e-03 6.05870277e-23 0.00000000e+00)
81.5            	bot_wall	(-1.33198518e-03 2.90515753e-20 0.00000000e+00)	(-1.33198518e-03 2.90515753e-20 0.00000000e+00)
82              	top_wall	(-1.33791431e-03 9.51055546e-23 0.00000000e+00)	(-1.33791431e-03 9.51055546e-23 0.00000000e+00)
82              	bot_wall	(-1.33791442e-03 1.63029835e-20 0.00000000e+00)	(-1.33791442e-03 1.63029835e-20 0.00000000e+00)
82.5            	top_wall	(-1.34386728e-03 5.50877748e-24 0.00000000e+00)	(-1.34386728e-03 5.50877748e-24 0.00000000e+00)
82.5            	bot_wall	(-1.34386739e-03 3.71297831e-20 0.00000000e+00)	(-1.34386739e-03 3.71297831e-20 0.00000000e+00)
83              	top_wall	(-1.34984243e-03 4.57947933e-23 0.00000000e+00)	(-1.34984243e-03 4.57947933e-23 0.00000000e+00)
83              	bot_wall	(-1.34984254e-03 2.88049796e-20 0.00000000e+00)	(-1.34984254e-03 2.88049796e-20 0.00000000e+00)
83.5            	top_wall	(-1.35583762e-03 8.17645990e-23 0.00000000e+00)	(-1.35583762e-03 8.17645990e-23 0.00000000e+00)
83.5            	bot_wall	(-1.35583773e-03 9.10494084e-21 0.00000000e+00)	(-1.35583773e-03 9.10494084e-21 0.00000000e+00)
84              	top_wall	(-1.36291011e-03 -1.47027605e-23 0.00000000e+00)	(-1.36291011e-03 -1.47027605e-23 0.00000000e+00)
84              	bot_wall	(-1.36291022e-03 1.54406977e-20 0.00000000e+00)	(-1.36291022e-03 1.54406977e-20 0.00000000e+00)
84.5            	top_wall	(-1.37097311e-03 3.18227702e-23 0.00000000e+00)	(-1.37097311e-03 3.18227702e-23 0.00000000e+00)
84.5            	bot_wall	(-1.37097321e-03 2.42396615e-20 0.00000000e+00)	(-1.37097321e-03 2.42396615e-20 0.00000000e+00)
85              	top_wall	(-1.37945870e-03 6.93726652e-23 0.00000000e+00)	(-1.37945870e-03 6.93726652e-23 0.00000000e+00)
85              	bot_wall	(-1.37945880e-03 1.61054413e-20 0.00000000e+00)	(-1.37945880e-03 1.61054413e-20 0.00000000e+00)
85.5            	top_wall	(-1.38835218e-03 1.04735202e-22 0.00000000e+00)	(-1.38835218e-03 1.04735202e-22 0.00000000e+00)
85.5            	bot_wall	(-1.38835229e-03 7.35513737e-21 0.00000000e+00)	(-1.38835229e-03 7.35513737e-21 0.00000000e+00)
86              	top_wall	(-1.39758967e-03 1.81641036e-23 0.00000000e+00)	(-1.39758967e-03 1.81641036e-23 0.00000000e+00)
86              	bot_wall	(-1.39758978e-03 1.10583475e-20 0.00000000e+00)	(-1.39758978e-03 1.10583475e-20 0.00000000e+00)
86.5            	top_wall	(-1.40713187e-03 5.75908444e-23 0.00000000e+00)	(-1.40713187e-03 5.75908444e-23 0.00000000e+00)
86.5            	bot_wall	(-1.40713198e-03 2.51175249e-20 0.00000000e+00)	(-1.40713198e-03 2.51175249e-20 0.00000000e+00)
87              	top_wall	(-1.41692281e-03 9.38756501e-23 0.00000000e+00)	(-1.41692281e-03 9.38756501e-23 0.00000000e+00)
87              	bot_wall	(-1.41692291e-03 2.82608414e-20 0.00000000e+00)	(-1.41692291e-03 2.82608414e-20 0.00000000e+00)
87.5            	top_wall	(-1.42694279e-03 3.86842800e-24 0.00000000e+00)	(-1.42694279e-03 3.86842800e-24 0.00000000e+00)
87.5            	bot_wall	(-1.42694290e-03 3.72346846e-20 0.00000000e+00)	(-1.42694290e-03 3.72346846e-20 0.00000000e+00)
88              	top_wall	(-1.43717656e-03 4.58941858e-23 0.00000000e+00)	(-1.43717656e-03 4.58941858e-23 0.00000000e+00)
88              	bot_wall	(-1.43717666e-03 3.74273334e-20 0.00000000e+00)	(-1.43717666e-03 3.74273334e-20 0.00000000e+00)
88.5            	top_wall	(-1.44760707e-03 8.30805331e-23 0.00000000e+00)	(-1.44760707e-03 8.30805331e-23 0.00000000e+00)
88.5            	bot_wall	(-1.44760718e-03 3.89396731e-20 0.00000000e+00)	(-1.44760718e-03 3.89396731e-20 0.00000000e+00)
89              	top_wall	(-1.45821500e-03 -1.29418081e-23 0.00000000e+00)	(-1.45821500e-03 -1.29418081e-23 0.00000000e+00)
89              	bot_wall	(-1.45821510e-03 2.37701653e-20 0.00000000e+00)	(-1.45821510e-03 2.37701653e-20 0.00000000e+00)
89.5            	top_wall	(-1.46899100e-03 3.37065985e-23 0.00000000e+00)	(-1.46899100e-03 3.37065985e-23 0.00000000e+00)
89.5            	bot_wall	(-1.46899111e-03 1.52548571e-20 0.00000000e+00)	(-1.46899111e-03 1.52548571e-20 0.00000000e+00)
90              	top_wall	(-1.47992057e-03 7.18110231e-23 0.00000000e+00)	(-1.47992057e-03 7.18110231e-23 0.00000000e+00)
90              	bot_wall	(-1.47992068e-03 3.82929376e-20 0.00000000e+00)	(-1.47992068e-03 3.82929376e-20 0.00000000e+00)
90.5            	top_wall	(-1.49099027e-03 -1.34640251e-22 0.00000000e+00)	(-1.49099027e-03 -1.34640251e-22 0.00000000e+00)
90.5            	bot_wall	(-1.49099037e-03 3.76901071e-20 0.00000000e+00)	(-1.49099037e-03 3.76901071e-20 0.00000000e+00)
91              	top_wall	(-1.50218635e-03 1.98775440e-23 0.00000000e+00)	(-1.50218635e-03 1.98775440e-23 0.00000000e+00)
91              	bot_wall	(-1.50218646e-03 2.37219476e-20 0.00000000e+00)	(-1.50218646e-03 2.37219476e-20 0.00000000e+00)
91.5            	top_wall	(-1.51349499e-03 5.92785459e-23 0.00000000e+00)	(-1.51349499e-03 5.92785459e-23 0.00000000e+00)
91.5            	bot_wall	(-1.51349510e-03 2.89288151e-20 0.00000000e+00)	(-1.51349510e-03 2.89288151e-20 0.00000000e+00)
92              	top_wall	(-1.52490234e-03 9.60328930e-23 0.00000000e+00)	(-1.52490234e-03 9.60328930e-23 0.00000000e+00)
92              	bot_wall	(-1.52490244e-03 6.62343610e-21 0.00000000e+00)	(-1.52490244e-03 6.62343610e-21 0.00000000e+00)
92.5            	top_wall	(-1.53639458e-03 3.75281884e-24 0.00000000e+00)	(-1.53639458e-03 3.75281884e-24 0.00000000e+00)
92.5            	bot_wall	(-1.53639468e-03 1.61423807e-20 0.00000000e+00)	(-1.53639468e-03 1.61423807e-20 0.00000000e+00)
93              	top_wall	(-1.54795206e-03 4.51505474e-23 0.00000000e+00)	(-1.54795206e-03 4.51505474e-23 0.00000000e+00)
93              	bot_wall	(-1.54795216e-03 4.39941414e-20 0.00000000e+00)	(-1.54795216e-03 4.39941414e-20 0.00000000e+00)
93.5            	top_wall	(-1.55956471e-03 8.13407321e-23 0.00000000e+00)	(-1.55956471e-03 8.13407321e-23 0.00000000e+00)
93.5            	bot_wall	(-1.55956480e-03 3.10131708e-20 0.00000000e+00)	(-1.55956480e-03 3.10131708e-20 0.00000000e+00)
94              	top_wall	(-1.57121876e-03 -2.19354221e-23 0.00000000e+00)	(-1.57121876e-03 -2.19354221e-23 0.00000000e+00)
94              	bot_wall	(-1.57121886e-03 3.34809790e-20 0.00000000e+00)	(-1.57121886e-03 3.34809790e-20 0.00000000e+00)
94.5            	top_wall	(-1.58290222e-03 2.80817134e-23 0.00000000e+00)	(-1.58290222e-03 2.80817134e-23 0.00000000e+00)
94.5            	bot_wall	(-1.58290231e-03 1.33848643e-20 0.00000000e+00)	(-1.58290231e-03 1.33848643e-20 0.00000000e+00)
95              	top_wall	(-1.59460158e-03 6.58402171e-23 0.00000000e+00)	(-1.59460158e-03 6.58402171e-23 0.00000000e+00)
95              	bot_wall	(-1.59460168e-03 2.98704554e-20 0.00000000e+00)	(-1.59460168e-03 2.98704554e-20 0.00000000e+00)
95.5            	top_wall	(-1.60630555e-03 1.00919431e-22 0.00000000e+00)	(-1.60630555e-03 1.00919431e-22 0.00000000e+00)
95.5            	bot_wall	(-1.60630565e-03 4.33001615e-20 0.00000000e+00)	(-1.60630565e-03 4.33001615e-20 0.00000000e+00)
96              	top_wall	(-1.61800378e-03 8.07022225e-24 0.00000000e+00)	(-1.61800378e-03 8.07022225e-24 0.00000000e+00)
96              	bot_wall	(-1.61800388e-03 3.57115445e-20 0.00000000e+00)	(-1.61800388e-03 3.57115445e-20 0.00000000e+00)
96.5            	top_wall	(-1.62968385e-03 4.81338350e-23 0.00000000e+00)	(-1.62968385e-03 4.81338350e-23 0.00000000e+00)
96.5            	bot_wall	(-1.62968394e-03 5.56744285e-20 0.00000000e+00)	(-1.62968394e-03 5.56744285e-20 0.00000000e+00)
97              	top_wall	(-1.64132215e-03 8.39327498e-23 0.00000000e+00)	(-1.64132215e-03 8.39327498e-23 0.00000000e+00)
97              	bot_wall	(-1.64132224e-03 3.17855165e-20 0.00000000e+00)	(-1.64132224e-03 3.17855165e-20 0.00000000e+00)
97.5            	top_wall	(-1.65292339e-03 -1.96023985e-23 0.00000000e+00)	(-1.65292339e-03 -1.96023985e-23 0.00000000e+00)
97.5            	bot_wall	(-1.65292347e-03 2.50185307e-20 0.00000000e+00)	(-1.65292347e-03 2.50185307e-20 0.00000000e+00)
98              	top_wall	(-1.66447501e-03 2.81165149e-23 0.00000000e+00)	(-1.66447501e-03 2.81165149e-23 0.00000000e+00)
98              	bot_wall	(-1.66447510e-03 3.52359557e-20 0.00000000e+00)	(-1.66447510e-03 3.52359557e-20 0.00000000e+00)
98.5            	top_wall	(-1.67597738e-03 6.53016631e-23 0.00000000e+00)	(-1.67597738e-03 6.53016631e-23 0.00000000e+00)
98.5            	bot_wall	(-1.67597747e-03 4.48248564e-20 0.00000000e+00)	(-1.67597747e-03 4.48248564e-20 0.00000000e+00)
99              	top_wall	(-1.68742420e-03 9.99392435e-23 0.00000000e+00)	(-1.68742420e-03 9.99392435e-23 0.00000000e+00)
99              	bot_wall	(-1.68742429e-03 2.61916719e-20 0.00000000e+00)	(-1.68742429e-03 2.61916719e-20 0.00000000e+00)
99.5            	top_wall	(-1.69881106e-03 6.88466324e-23 0.00000000e+00)	(-1.69881106e-03 6.88466324e-23 0.00000000e+00)
99.5            	bot_wall	(-1.69881115e-03 1.84481967e-20 0.00000000e+00)	(-1.69881115e-03 1.84481967e-20 0.00000000e+00)
100             	top_wall	(-1.71013384e-03 1.05210865e-22 0.00000000e+00)	(-1.71013384e-03 1.05210865e-22 0.00000000e+00)
100             	bot_wall	(-1.71013393e-03 2.59255557e-20 0.00000000e+00)	(-1.71013393e-03 2.59255557e-20 0.00000000e+00)
