0.0003003 	0.0659988 	-1.44569e-18 	0
0.000900901 	0.197996 	-4.33706e-18 	0
0.0015015 	0.244043 	-4.94572e-18 	0
0.0021021 	0.273106 	-5.10329e-18 	0
0.0027027 	0.302169 	-5.26087e-18 	0
0.0033033 	0.324917 	-5.37265e-18 	0
0.0039039 	0.341476 	-5.43953e-18 	0
0.0045045 	0.358034 	-5.50641e-18 	0
0.00510511 	0.373614 	-5.55809e-18 	0
0.00570571 	0.38458 	-5.53809e-18 	0
0.00630631 	0.395546 	-5.51809e-18 	0
0.00690691 	0.406511 	-5.49809e-18 	0
0.00750751 	0.415073 	-5.49119e-18 	0
0.00810811 	0.423193 	-5.48668e-18 	0
0.00870871 	0.431313 	-5.48218e-18 	0
0.00930931 	0.438563 	-5.48179e-18 	0
0.00990991 	0.444994 	-5.48527e-18 	0
0.0105105 	0.451426 	-5.48875e-18 	0
0.0111111 	0.457651 	-5.49192e-18 	0
0.0117117 	0.462973 	-5.49377e-18 	0
0.0123123 	0.468294 	-5.49562e-18 	0
0.0129129 	0.473615 	-5.49747e-18 	0
0.0135135 	0.478268 	-5.48308e-18 	0
0.0141141 	0.482807 	-5.46594e-18 	0
0.0147147 	0.487346 	-5.4488e-18 	0
0.0153153 	0.491581 	-5.42463e-18 	0
0.0159159 	0.49554 	-5.39409e-18 	0
0.0165165 	0.4995 	-5.36355e-18 	0
0.0171171 	0.503372 	-5.33448e-18 	0
0.0177177 	0.506885 	-5.3115e-18 	0
0.0183183 	0.510397 	-5.28851e-18 	0
0.0189189 	0.51391 	-5.26553e-18 	0
0.0195195 	0.517116 	-5.28742e-18 	0
0.0201201 	0.520274 	-5.3163e-18 	0
0.0207207 	0.523432 	-5.34519e-18 	0
0.0213213 	0.526437 	-5.39188e-18 	0
0.0219219 	0.529307 	-5.45405e-18 	0
0.0225225 	0.532177 	-5.51622e-18 	0
0.0231231 	0.534999 	-5.57327e-18 	0
0.0237237 	0.53763 	-5.61046e-18 	0
0.0243243 	0.540262 	-5.64764e-18 	0
0.0249249 	0.542894 	-5.68482e-18 	0
0.0255255 	0.54535 	-5.70786e-18 	0
0.0261261 	0.547782 	-5.72887e-18 	0
0.0267267 	0.550213 	-5.74989e-18 	0
0.0273273 	0.552551 	-5.77192e-18 	0
0.0279279 	0.55481 	-5.79481e-18 	0
0.0285285 	0.55707 	-5.81769e-18 	0
0.0291291 	0.559298 	-5.83886e-18 	0
0.0297297 	0.56141 	-5.85372e-18 	0
0.0303303 	0.563522 	-5.86859e-18 	0
0.0309309 	0.565634 	-5.88345e-18 	0
0.0315315 	0.567632 	-5.88347e-18 	0
0.0321321 	0.569615 	-5.88157e-18 	0
0.0327327 	0.571598 	-5.87966e-18 	0
0.0333333 	0.573519 	-5.87435e-18 	0
0.0339339 	0.575388 	-5.8663e-18 	0
0.0345345 	0.577257 	-5.85826e-18 	0
0.0351351 	0.579104 	-5.85043e-18 	0
0.0357357 	0.580873 	-5.84333e-18 	0
0.0363363 	0.582642 	-5.83623e-18 	0
0.0369369 	0.584411 	-5.82913e-18 	0
0.0375375 	0.5861 	-5.82253e-18 	0
0.0381381 	0.587779 	-5.816e-18 	0
0.0387387 	0.589459 	-5.80946e-18 	0
0.0393393 	0.591092 	-5.8033e-18 	0
0.0399399 	0.592691 	-5.79741e-18 	0
0.0405405 	0.59429 	-5.79153e-18 	0
0.0411411 	0.595872 	-5.7858e-18 	0
0.0417417 	0.597397 	-5.78057e-18 	0
0.0423423 	0.598923 	-5.77534e-18 	0
0.0429429 	0.600449 	-5.77012e-18 	0
0.0435435 	0.601915 	-5.76544e-18 	0
0.0441441 	0.603375 	-5.76083e-18 	0
0.0447447 	0.604835 	-5.75621e-18 	0
0.0453453 	0.60626 	-5.75189e-18 	0
0.0459459 	0.607659 	-5.7478e-18 	0
0.0465465 	0.609058 	-5.7437e-18 	0
0.0471471 	0.610444 	-5.73981e-18 	0
0.0477477 	0.611789 	-5.73652e-18 	0
0.0483483 	0.613133 	-5.73323e-18 	0
0.0489489 	0.614478 	-5.72995e-18 	0
0.0495495 	0.615775 	-5.72727e-18 	0
0.0501502 	0.617069 	-5.72466e-18 	0
0.0507508 	0.618362 	-5.72204e-18 	0
0.0513514 	0.619629 	-5.71973e-18 	0
0.051952 	0.620876 	-5.71765e-18 	0
0.0525526 	0.622123 	-5.71557e-18 	0
0.0531532 	0.623359 	-5.7136e-18 	0
0.0537538 	0.624563 	-5.71196e-18 	0
0.0543544 	0.625766 	-5.71032e-18 	0
0.054955 	0.62697 	-5.70867e-18 	0
0.0555556 	0.628136 	-5.70736e-18 	0
0.0561562 	0.629299 	-5.70607e-18 	0
0.0567568 	0.630463 	-5.70478e-18 	0
0.0573574 	0.631604 	-5.70367e-18 	0
0.057958 	0.63273 	-5.70267e-18 	0
0.0585586 	0.633856 	-5.70167e-18 	0
0.0591592 	0.634973 	-5.70074e-18 	0
0.0597598 	0.636065 	-5.69998e-18 	0
0.0603604 	0.637156 	-5.69922e-18 	0
0.060961 	0.638248 	-5.69846e-18 	0
0.0615616 	0.639309 	-5.69789e-18 	0
0.0621622 	0.640367 	-5.69733e-18 	0
0.0627628 	0.641426 	-5.69677e-18 	0
0.0633634 	0.642466 	-5.69632e-18 	0
0.063964 	0.643495 	-5.69593e-18 	0
0.0645646 	0.644523 	-5.69554e-18 	0
0.0651652 	0.645544 	-5.69519e-18 	0
0.0657658 	0.646543 	-5.69495e-18 	0
0.0663664 	0.647543 	-5.69471e-18 	0
0.066967 	0.648542 	-5.69446e-18 	0
0.0675676 	0.649516 	-5.69435e-18 	0
0.0681682 	0.650489 	-5.69423e-18 	0
0.0687688 	0.651462 	-5.69412e-18 	0
0.0693694 	0.652418 	-5.69408e-18 	0
0.06997 	0.653366 	-5.69409e-18 	0
0.0705706 	0.654313 	-5.6941e-18 	0
0.0711712 	0.655253 	-5.69413e-18 	0
0.0717718 	0.656176 	-5.69424e-18 	0
0.0723724 	0.657099 	-5.69435e-18 	0
0.072973 	0.658022 	-5.69446e-18 	0
0.0735736 	0.658924 	-5.69466e-18 	0
0.0741742 	0.659825 	-5.69487e-18 	0
0.0747748 	0.660725 	-5.69508e-18 	0
0.0753754 	0.661612 	-5.69535e-18 	0
0.075976 	0.662491 	-5.69564e-18 	0
0.0765766 	0.66337 	-5.69594e-18 	0
0.0771772 	0.664243 	-5.69626e-18 	0
0.0777778 	0.665101 	-5.69665e-18 	0
0.0783784 	0.66596 	-5.69703e-18 	0
0.078979 	0.666818 	-5.69742e-18 	0
0.0795796 	0.667658 	-5.69788e-18 	0
0.0801802 	0.668497 	-5.69834e-18 	0
0.0807808 	0.669337 	-5.6988e-18 	0
0.0813814 	0.670164 	-5.69931e-18 	0
0.081982 	0.670984 	-5.69984e-18 	0
0.0825826 	0.671805 	-5.70038e-18 	0
0.0831832 	0.67262 	-5.70094e-18 	0
0.0837838 	0.673423 	-5.70154e-18 	0
0.0843844 	0.674226 	-5.70215e-18 	0
0.084985 	0.675029 	-5.70275e-18 	0
0.0855856 	0.675816 	-5.70342e-18 	0
0.0861862 	0.676602 	-5.70409e-18 	0
0.0867868 	0.677388 	-5.70476e-18 	0
0.0873874 	0.678164 	-5.70547e-18 	0
0.087988 	0.678934 	-5.70621e-18 	0
0.0885886 	0.679704 	-5.70694e-18 	0
0.0891892 	0.68047 	-5.70769e-18 	0
0.0897898 	0.681225 	-5.70847e-18 	0
0.0903904 	0.68198 	-5.70926e-18 	0
0.090991 	0.682735 	-5.71005e-18 	0
0.0915916 	0.683475 	-5.71089e-18 	0
0.0921922 	0.684215 	-5.71172e-18 	0
0.0927928 	0.684956 	-5.71256e-18 	0
0.0933934 	0.685687 	-5.71343e-18 	0
0.093994 	0.686413 	-5.71432e-18 	0
0.0945946 	0.687139 	-5.71521e-18 	0
0.0951952 	0.687861 	-5.71611e-18 	0
0.0957958 	0.688573 	-5.71704e-18 	0
0.0963964 	0.689286 	-5.71797e-18 	0
0.096997 	0.689998 	-5.71891e-18 	0
0.0975976 	0.690698 	-5.71988e-18 	0
0.0981982 	0.691398 	-5.72086e-18 	0
0.0987988 	0.692098 	-5.72183e-18 	0
0.0993994 	0.692789 	-5.72283e-18 	0
0.1 	0.693477 	-5.72385e-18 	0
0.100601 	0.694164 	-5.72486e-18 	0
0.101201 	0.694847 	-5.72588e-18 	0
0.101802 	0.695523 	-5.72693e-18 	0
0.102402 	0.696198 	-5.72798e-18 	0
0.103003 	0.696873 	-5.72903e-18 	0
0.103604 	0.697537 	-5.73011e-18 	0
0.104204 	0.698201 	-5.73119e-18 	0
0.104805 	0.698864 	-5.73227e-18 	0
0.105405 	0.699521 	-5.73337e-18 	0
0.106006 	0.700174 	-5.73448e-18 	0
0.106607 	0.700826 	-5.73559e-18 	0
0.107207 	0.701476 	-5.73671e-18 	0
0.107808 	0.702118 	-5.73785e-18 	0
0.108408 	0.70276 	-5.73899e-18 	0
0.109009 	0.703401 	-5.74013e-18 	0
0.10961 	0.704033 	-5.7413e-18 	0
0.11021 	0.704665 	-5.74246e-18 	0
0.110811 	0.705297 	-5.74363e-18 	0
0.111411 	0.705922 	-5.74481e-18 	0
0.112012 	0.706544 	-5.746e-18 	0
0.112613 	0.707166 	-5.74719e-18 	0
0.113213 	0.707784 	-5.74839e-18 	0
0.113814 	0.708397 	-5.74961e-18 	0
0.114414 	0.709009 	-5.75082e-18 	0
0.115015 	0.709621 	-5.75204e-18 	0
0.115616 	0.710224 	-5.75328e-18 	0
0.116216 	0.710826 	-5.75451e-18 	0
0.116817 	0.711429 	-5.75574e-18 	0
0.117417 	0.712026 	-5.75699e-18 	0
0.118018 	0.71262 	-5.75825e-18 	0
0.118619 	0.713214 	-5.7595e-18 	0
0.119219 	0.713805 	-5.76077e-18 	0
0.11982 	0.71439 	-5.76204e-18 	0
0.12042 	0.714975 	-5.76332e-18 	0
0.121021 	0.71556 	-5.7646e-18 	0
0.121622 	0.716137 	-5.76589e-18 	0
0.122222 	0.716714 	-5.76718e-18 	0
0.122823 	0.717291 	-5.76848e-18 	0
0.123423 	0.717862 	-5.76978e-18 	0
0.124024 	0.718431 	-5.77109e-18 	0
0.124625 	0.719 	-5.7724e-18 	0
0.125225 	0.719565 	-5.77372e-18 	0
0.125826 	0.720126 	-5.77505e-18 	0
0.126426 	0.720687 	-5.77638e-18 	0
0.127027 	0.721247 	-5.77771e-18 	0
0.127628 	0.7218 	-5.77905e-18 	0
0.128228 	0.722353 	-5.7804e-18 	0
0.128829 	0.722906 	-5.78174e-18 	0
0.129429 	0.723454 	-5.78309e-18 	0
0.13003 	0.724 	-5.78445e-18 	0
0.130631 	0.724545 	-5.78581e-18 	0
0.131231 	0.725088 	-5.78718e-18 	0
0.131832 	0.725627 	-5.78855e-18 	0
0.132432 	0.726165 	-5.78992e-18 	0
0.133033 	0.726703 	-5.7913e-18 	0
0.133634 	0.727235 	-5.79269e-18 	0
0.134234 	0.727766 	-5.79408e-18 	0
0.134835 	0.728298 	-5.79547e-18 	0
0.135435 	0.728824 	-5.79686e-18 	0
0.136036 	0.729349 	-5.79826e-18 	0
0.136637 	0.729874 	-5.79966e-18 	0
0.137237 	0.730395 	-5.80107e-18 	0
0.137838 	0.730913 	-5.80249e-18 	0
0.138438 	0.731431 	-5.8039e-18 	0
0.139039 	0.731948 	-5.80532e-18 	0
0.13964 	0.73246 	-5.80675e-18 	0
0.14024 	0.732971 	-5.80818e-18 	0
0.140841 	0.733482 	-5.8096e-18 	0
0.141441 	0.733989 	-5.81104e-18 	0
0.142042 	0.734495 	-5.81248e-18 	0
0.142643 	0.735 	-5.81391e-18 	0
0.143243 	0.735503 	-5.81536e-18 	0
0.143844 	0.736002 	-5.81681e-18 	0
0.144444 	0.736501 	-5.81827e-18 	0
0.145045 	0.736999 	-5.81972e-18 	0
0.145646 	0.737492 	-5.82118e-18 	0
0.146246 	0.737985 	-5.82264e-18 	0
0.146847 	0.738478 	-5.82411e-18 	0
0.147447 	0.738967 	-5.82558e-18 	0
0.148048 	0.739454 	-5.82705e-18 	0
0.148649 	0.739942 	-5.82853e-18 	0
0.149249 	0.740427 	-5.83001e-18 	0
0.14985 	0.740908 	-5.83149e-18 	0
0.15045 	0.74139 	-5.83297e-18 	0
0.151051 	0.74187 	-5.83446e-18 	0
0.151652 	0.742346 	-5.83595e-18 	0
0.152252 	0.742822 	-5.83745e-18 	0
0.152853 	0.743298 	-5.83894e-18 	0
0.153453 	0.74377 	-5.84044e-18 	0
0.154054 	0.744241 	-5.84195e-18 	0
0.154655 	0.744711 	-5.84345e-18 	0
0.155255 	0.74518 	-5.84495e-18 	0
0.155856 	0.745645 	-5.84647e-18 	0
0.156456 	0.746111 	-5.84798e-18 	0
0.157057 	0.746576 	-5.84949e-18 	0
0.157658 	0.747036 	-5.85102e-18 	0
0.158258 	0.747496 	-5.85254e-18 	0
0.158859 	0.747956 	-5.85406e-18 	0
0.159459 	0.748412 	-5.85559e-18 	0
0.16006 	0.748868 	-5.85712e-18 	0
0.160661 	0.749323 	-5.85865e-18 	0
0.161261 	0.749776 	-5.86018e-18 	0
0.161862 	0.750226 	-5.86172e-18 	0
0.162462 	0.750676 	-5.86325e-18 	0
0.163063 	0.751126 	-5.86479e-18 	0
0.163664 	0.751571 	-5.86634e-18 	0
0.164264 	0.752016 	-5.86789e-18 	0
0.164865 	0.752462 	-5.86943e-18 	0
0.165465 	0.752904 	-5.87098e-18 	0
0.166066 	0.753344 	-5.87254e-18 	0
0.166667 	0.753785 	-5.87409e-18 	0
0.167267 	0.754224 	-5.87564e-18 	0
0.167868 	0.75466 	-5.87721e-18 	0
0.168468 	0.755096 	-5.87877e-18 	0
0.169069 	0.755532 	-5.88033e-18 	0
0.16967 	0.755963 	-5.8819e-18 	0
0.17027 	0.756395 	-5.88347e-18 	0
0.170871 	0.756826 	-5.88503e-18 	0
0.171471 	0.757254 	-5.88661e-18 	0
0.172072 	0.757682 	-5.88818e-18 	0
0.172673 	0.758109 	-5.88975e-18 	0
0.173273 	0.758534 	-5.89133e-18 	0
0.173874 	0.758957 	-5.89291e-18 	0
0.174474 	0.75938 	-5.8945e-18 	0
0.175075 	0.759802 	-5.89608e-18 	0
0.175676 	0.760221 	-5.89767e-18 	0
0.176276 	0.76064 	-5.89926e-18 	0
0.176877 	0.761058 	-5.90085e-18 	0
0.177477 	0.761474 	-5.90245e-18 	0
0.178078 	0.761888 	-5.90404e-18 	0
0.178679 	0.762303 	-5.90564e-18 	0
0.179279 	0.762716 	-5.90724e-18 	0
0.17988 	0.763126 	-5.90884e-18 	0
0.18048 	0.763536 	-5.91045e-18 	0
0.181081 	0.763946 	-5.91206e-18 	0
0.181682 	0.764352 	-5.91367e-18 	0
0.182282 	0.764759 	-5.91528e-18 	0
0.182883 	0.765166 	-5.9169e-18 	0
0.183483 	0.765569 	-5.91851e-18 	0
0.184084 	0.765972 	-5.92013e-18 	0
0.184685 	0.766375 	-5.92175e-18 	0
0.185285 	0.766775 	-5.92337e-18 	0
0.185886 	0.767174 	-5.925e-18 	0
0.186486 	0.767572 	-5.92663e-18 	0
0.187087 	0.76797 	-5.92826e-18 	0
0.187688 	0.768365 	-5.92989e-18 	0
0.188288 	0.768761 	-5.93153e-18 	0
0.188889 	0.769156 	-5.93317e-18 	0
0.189489 	0.769548 	-5.93481e-18 	0
0.19009 	0.769939 	-5.93645e-18 	0
0.190691 	0.77033 	-5.93809e-18 	0
0.191291 	0.77072 	-5.93974e-18 	0
0.191892 	0.771108 	-5.94139e-18 	0
0.192492 	0.771495 	-5.94304e-18 	0
0.193093 	0.771883 	-5.9447e-18 	0
0.193694 	0.772267 	-5.94635e-18 	0
0.194294 	0.772651 	-5.94801e-18 	0
0.194895 	0.773035 	-5.94967e-18 	0
0.195495 	0.773416 	-5.95133e-18 	0
0.196096 	0.773797 	-5.95299e-18 	0
0.196697 	0.774178 	-5.95465e-18 	0
0.197297 	0.774557 	-5.95632e-18 	0
0.197898 	0.774934 	-5.95798e-18 	0
0.198498 	0.775311 	-5.95965e-18 	0
0.199099 	0.775688 	-5.96132e-18 	0
0.1997 	0.776062 	-5.96298e-18 	0
0.2003 	0.776435 	-5.96465e-18 	0
0.200901 	0.776809 	-5.96632e-18 	0
0.201502 	0.77718 	-5.96798e-18 	0
0.202102 	0.777551 	-5.96965e-18 	0
0.202703 	0.777922 	-5.97132e-18 	0
0.203303 	0.77829 	-5.97298e-18 	0
0.203904 	0.778658 	-5.97463e-18 	0
0.204505 	0.779025 	-5.97629e-18 	0
0.205105 	0.779392 	-5.97795e-18 	0
0.205706 	0.779756 	-5.97959e-18 	0
0.206306 	0.78012 	-5.98124e-18 	0
0.206907 	0.780485 	-5.98288e-18 	0
0.207508 	0.780846 	-5.98452e-18 	0
0.208108 	0.781207 	-5.98614e-18 	0
0.208709 	0.781568 	-5.98777e-18 	0
0.209309 	0.781927 	-5.98938e-18 	0
0.20991 	0.782285 	-5.99098e-18 	0
0.210511 	0.782643 	-5.99258e-18 	0
0.211111 	0.783001 	-5.99417e-18 	0
0.211712 	0.783356 	-5.99573e-18 	0
0.212312 	0.783711 	-5.99729e-18 	0
0.212913 	0.784066 	-5.99884e-18 	0
0.213514 	0.784418 	-6.00036e-18 	0
0.214114 	0.784769 	-6.00186e-18 	0
0.214715 	0.785121 	-6.00337e-18 	0
0.215315 	0.785471 	-6.00484e-18 	0
0.215916 	0.785821 	-6.00627e-18 	0
0.216517 	0.78617 	-6.00771e-18 	0
0.217117 	0.786518 	-6.00913e-18 	0
0.217718 	0.786864 	-6.01048e-18 	0
0.218318 	0.78721 	-6.01183e-18 	0
0.218919 	0.787556 	-6.01318e-18 	0
0.21952 	0.7879 	-6.01444e-18 	0
0.22012 	0.788243 	-6.01568e-18 	0
0.220721 	0.788586 	-6.01692e-18 	0
0.221321 	0.788928 	-6.01809e-18 	0
0.221922 	0.789269 	-6.0192e-18 	0
0.222523 	0.789609 	-6.0203e-18 	0
0.223123 	0.789949 	-6.02137e-18 	0
0.223724 	0.790287 	-6.02232e-18 	0
0.224324 	0.790624 	-6.02326e-18 	0
0.224925 	0.790962 	-6.0242e-18 	0
0.225526 	0.791297 	-6.02498e-18 	0
0.226126 	0.791632 	-6.02573e-18 	0
0.226727 	0.791967 	-6.02648e-18 	0
0.227327 	0.7923 	-6.0271e-18 	0
0.227928 	0.792633 	-6.02762e-18 	0
0.228529 	0.792965 	-6.02814e-18 	0
0.229129 	0.793297 	-6.0286e-18 	0
0.22973 	0.793627 	-6.02886e-18 	0
0.23033 	0.793956 	-6.02911e-18 	0
0.230931 	0.794286 	-6.02936e-18 	0
0.231532 	0.794613 	-6.02946e-18 	0
0.232132 	0.79494 	-6.02954e-18 	0
0.232733 	0.795267 	-6.02962e-18 	0
0.233333 	0.795593 	-6.02957e-18 	0
0.233934 	0.795917 	-6.02943e-18 	0
0.234535 	0.796242 	-6.02929e-18 	0
0.235135 	0.796565 	-6.02909e-18 	0
0.235736 	0.796887 	-6.0287e-18 	0
0.236336 	0.797209 	-6.0283e-18 	0
0.236937 	0.797531 	-6.02791e-18 	0
0.237538 	0.797851 	-6.02726e-18 	0
0.238138 	0.79817 	-6.02658e-18 	0
0.238739 	0.79849 	-6.0259e-18 	0
0.239339 	0.798808 	-6.02503e-18 	0
0.23994 	0.799125 	-6.02403e-18 	0
0.240541 	0.799442 	-6.02302e-18 	0
0.241141 	0.799759 	-6.02193e-18 	0
0.241742 	0.800073 	-6.02056e-18 	0
0.242342 	0.800388 	-6.01919e-18 	0
0.242943 	0.800702 	-6.01782e-18 	0
0.243544 	0.801015 	-6.0161e-18 	0
0.244144 	0.801327 	-6.01434e-18 	0
0.244745 	0.801639 	-6.01258e-18 	0
0.245345 	0.80195 	-6.01058e-18 	0
0.245946 	0.80226 	-6.0084e-18 	0
0.246547 	0.80257 	-6.00622e-18 	0
0.247147 	0.802879 	-6.00393e-18 	0
0.247748 	0.803187 	-6.00131e-18 	0
0.248348 	0.803494 	-5.99868e-18 	0
0.248949 	0.803802 	-5.99606e-18 	0
0.24955 	0.804107 	-5.99303e-18 	0
0.25015 	0.804413 	-5.98995e-18 	0
0.250751 	0.804718 	-5.98688e-18 	0
0.251351 	0.805022 	-5.98354e-18 	0
0.251952 	0.805325 	-5.98001e-18 	0
0.252553 	0.805628 	-5.97648e-18 	0
0.253153 	0.805931 	-5.97283e-18 	0
0.253754 	0.806231 	-5.96885e-18 	0
0.254354 	0.806532 	-5.96486e-18 	0
0.254955 	0.806832 	-5.96088e-18 	0
0.255556 	0.807131 	-5.95647e-18 	0
0.256156 	0.80743 	-5.95203e-18 	0
0.256757 	0.807729 	-5.94759e-18 	0
0.257357 	0.808026 	-5.94288e-18 	0
0.257958 	0.808323 	-5.93799e-18 	0
0.258559 	0.808619 	-5.9331e-18 	0
0.259159 	0.808915 	-5.92808e-18 	0
0.25976 	0.809209 	-5.92273e-18 	0
0.26036 	0.809504 	-5.91738e-18 	0
0.260961 	0.809798 	-5.91203e-18 	0
0.261562 	0.81009 	-5.90624e-18 	0
0.262162 	0.810382 	-5.90042e-18 	0
0.262763 	0.810675 	-5.89461e-18 	0
0.263363 	0.810966 	-5.88849e-18 	0
0.263964 	0.811256 	-5.88219e-18 	0
0.264565 	0.811546 	-5.87588e-18 	0
0.265165 	0.811835 	-5.86941e-18 	0
0.265766 	0.812123 	-5.86251e-18 	0
0.266366 	0.812411 	-5.8556e-18 	0
0.266967 	0.812699 	-5.8487e-18 	0
0.267568 	0.812985 	-5.84116e-18 	0
0.268168 	0.813271 	-5.83358e-18 	0
0.268769 	0.813557 	-5.82601e-18 	0
0.269369 	0.813842 	-5.81794e-18 	0
0.26997 	0.814126 	-5.80955e-18 	0
0.270571 	0.81441 	-5.80117e-18 	0
0.271171 	0.814693 	-5.79253e-18 	0
0.271772 	0.814975 	-5.78323e-18 	0
0.272372 	0.815257 	-5.77392e-18 	0
0.272973 	0.815539 	-5.76462e-18 	0
0.273574 	0.815819 	-5.75427e-18 	0
0.274174 	0.816099 	-5.74387e-18 	0
0.274775 	0.816379 	-5.73347e-18 	0
0.275375 	0.816658 	-5.72248e-18 	0
0.275976 	0.816936 	-5.71115e-18 	0
0.276577 	0.817214 	-5.69981e-18 	0
0.277177 	0.817492 	-5.68619e-18 	0
0.277778 	0.817768 	-5.66711e-18 	0
0.278378 	0.818044 	-5.64803e-18 	0
0.278979 	0.81832 	-5.62895e-18 	0
0.27958 	0.818595 	-5.57339e-18 	0
0.28018 	0.818869 	-5.51651e-18 	0
0.280781 	0.819143 	-5.45962e-18 	0
0.281381 	0.819416 	-5.40251e-18 	0
0.281982 	0.819688 	-5.34527e-18 	0
0.282583 	0.819961 	-5.28802e-18 	0
0.283183 	0.820233 	-5.24209e-18 	0
0.283784 	0.820503 	-5.22191e-18 	0
0.284384 	0.820774 	-5.20173e-18 	0
0.284985 	0.821044 	-5.18155e-18 	0
0.285586 	0.821313 	-5.16816e-18 	0
0.286186 	0.821582 	-5.15494e-18 	0
0.286787 	0.821851 	-5.14172e-18 	0
0.287387 	0.822118 	-5.12864e-18 	0
0.287988 	0.822385 	-5.11562e-18 	0
0.288589 	0.822652 	-5.10261e-18 	0
0.289189 	0.822919 	-5.08968e-18 	0
0.28979 	0.823184 	-5.07696e-18 	0
0.29039 	0.823449 	-5.06424e-18 	0
0.290991 	0.823714 	-5.05152e-18 	0
0.291592 	0.823977 	-5.03892e-18 	0
0.292192 	0.824241 	-5.02632e-18 	0
0.292793 	0.824504 	-5.01372e-18 	0
0.293393 	0.824766 	-5.00111e-18 	0
0.293994 	0.825028 	-4.98851e-18 	0
0.294595 	0.825289 	-4.9759e-18 	0
0.295195 	0.825551 	-4.96325e-18 	0
0.295796 	0.825811 	-4.95052e-18 	0
0.296396 	0.826071 	-4.93779e-18 	0
0.296997 	0.826331 	-4.92505e-18 	0
0.297598 	0.826589 	-4.91211e-18 	0
0.298198 	0.826847 	-4.89916e-18 	0
0.298799 	0.827105 	-4.88622e-18 	0
0.299399 	0.827363 	-4.87311e-18 	0
0.3 	0.827619 	-4.85991e-18 	0
0.300601 	0.827875 	-4.84671e-18 	0
0.301201 	0.828131 	-4.83343e-18 	0
0.301802 	0.828386 	-4.81997e-18 	0
0.302402 	0.828641 	-4.80651e-18 	0
0.303003 	0.828896 	-4.79305e-18 	0
0.303604 	0.829149 	-4.77927e-18 	0
0.304204 	0.829403 	-4.76549e-18 	0
0.304805 	0.829656 	-4.75171e-18 	0
0.305405 	0.829908 	-4.73772e-18 	0
0.306006 	0.830159 	-4.72363e-18 	0
0.306607 	0.83041 	-4.70955e-18 	0
0.307207 	0.830661 	-4.69536e-18 	0
0.307808 	0.830911 	-4.68098e-18 	0
0.308408 	0.831162 	-4.6666e-18 	0
0.309009 	0.831412 	-4.65221e-18 	0
0.30961 	0.83166 	-4.63755e-18 	0
0.31021 	0.831908 	-4.62288e-18 	0
0.310811 	0.832157 	-4.60822e-18 	0
0.311411 	0.832404 	-4.59337e-18 	0
0.312012 	0.83265 	-4.57844e-18 	0
0.312613 	0.832897 	-4.56351e-18 	0
0.313213 	0.833143 	-4.54846e-18 	0
0.313814 	0.833388 	-4.53321e-18 	0
0.314414 	0.833634 	-4.51795e-18 	0
0.315015 	0.833879 	-4.50269e-18 	0
0.315616 	0.834123 	-4.48718e-18 	0
0.316216 	0.834366 	-4.47167e-18 	0
0.316817 	0.83461 	-4.45615e-18 	0
0.317417 	0.834852 	-4.44046e-18 	0
0.318018 	0.835095 	-4.42468e-18 	0
0.318619 	0.835337 	-4.40891e-18 	0
0.319219 	0.835579 	-4.39304e-18 	0
0.31982 	0.835819 	-4.377e-18 	0
0.32042 	0.83606 	-4.36097e-18 	0
0.321021 	0.8363 	-4.34493e-18 	0
0.321622 	0.836539 	-4.32864e-18 	0
0.322222 	0.836778 	-4.31235e-18 	0
0.322823 	0.837017 	-4.29606e-18 	0
0.323423 	0.837255 	-4.27958e-18 	0
0.324024 	0.837493 	-4.26303e-18 	0
0.324625 	0.837731 	-4.24648e-18 	0
0.325225 	0.837968 	-4.22984e-18 	0
0.325826 	0.838204 	-4.21303e-18 	0
0.326426 	0.83844 	-4.19623e-18 	0
0.327027 	0.838677 	-4.17941e-18 	0
0.327628 	0.838911 	-4.16236e-18 	0
0.328228 	0.839146 	-4.1453e-18 	0
0.328829 	0.83938 	-4.12824e-18 	0
0.329429 	0.839614 	-4.11101e-18 	0
0.33003 	0.839847 	-4.0937e-18 	0
0.330631 	0.84008 	-4.0764e-18 	0
0.331231 	0.840313 	-4.05901e-18 	0
0.331832 	0.840545 	-4.04147e-18 	0
0.332432 	0.840777 	-4.02393e-18 	0
0.333033 	0.841009 	-4.00637e-18 	0
0.333634 	0.841239 	-3.98861e-18 	0
0.334234 	0.841469 	-3.97085e-18 	0
0.334835 	0.8417 	-3.95308e-18 	0
0.335435 	0.841929 	-3.93504e-18 	0
0.336036 	0.842158 	-3.91689e-18 	0
0.336637 	0.842387 	-3.89873e-18 	0
0.337237 	0.842615 	-3.88146e-18 	0
0.337838 	0.842843 	-3.86554e-18 	0
0.338438 	0.84307 	-3.84962e-18 	0
0.339039 	0.843298 	-3.8348e-18 	0
0.33964 	0.843524 	-3.83571e-18 	0
0.34024 	0.843751 	-3.83661e-18 	0
0.340841 	0.843977 	-3.83752e-18 	0
0.341441 	0.844202 	-3.84999e-18 	0
0.342042 	0.844427 	-3.86662e-18 	0
0.342643 	0.844652 	-3.88326e-18 	0
0.343243 	0.844876 	-3.89972e-18 	0
0.343844 	0.8451 	-3.91592e-18 	0
0.344444 	0.845323 	-3.93212e-18 	0
0.345045 	0.845547 	-3.94735e-18 	0
0.345646 	0.845769 	-3.95056e-18 	0
0.346246 	0.845991 	-3.95377e-18 	0
0.346847 	0.846213 	-3.95698e-18 	0
0.347447 	0.846434 	-3.95252e-18 	0
0.348048 	0.846655 	-3.94544e-18 	0
0.348649 	0.846876 	-3.93836e-18 	0
0.349249 	0.847096 	-3.93154e-18 	0
0.34985 	0.847316 	-3.92508e-18 	0
0.35045 	0.847535 	-3.91862e-18 	0
0.351051 	0.847755 	-3.91215e-18 	0
0.351652 	0.847973 	-3.90556e-18 	0
0.352252 	0.848191 	-3.89897e-18 	0
0.352853 	0.84841 	-3.89238e-18 	0
0.353453 	0.848627 	-3.88577e-18 	0
0.354054 	0.848844 	-3.87914e-18 	0
0.354655 	0.84906 	-3.87251e-18 	0
0.355255 	0.849277 	-3.86586e-18 	0
0.355856 	0.849493 	-3.85916e-18 	0
0.356456 	0.849709 	-3.85247e-18 	0
0.357057 	0.849924 	-3.84577e-18 	0
0.357658 	0.850139 	-3.83904e-18 	0
0.358258 	0.850353 	-3.83232e-18 	0
0.358859 	0.850568 	-3.82559e-18 	0
0.359459 	0.850781 	-3.81887e-18 	0
0.36006 	0.850994 	-3.81214e-18 	0
0.360661 	0.851208 	-3.80542e-18 	0
0.361261 	0.85142 	-3.79871e-18 	0
0.361862 	0.851632 	-3.79202e-18 	0
0.362462 	0.851844 	-3.78534e-18 	0
0.363063 	0.852055 	-3.77866e-18 	0
0.363664 	0.852266 	-3.77204e-18 	0
0.364264 	0.852477 	-3.76542e-18 	0
0.364865 	0.852688 	-3.7588e-18 	0
0.365465 	0.852897 	-3.75226e-18 	0
0.366066 	0.853107 	-3.74575e-18 	0
0.366667 	0.853316 	-3.73924e-18 	0
0.367267 	0.853525 	-3.7328e-18 	0
0.367868 	0.853733 	-3.72644e-18 	0
0.368468 	0.853942 	-3.72009e-18 	0
0.369069 	0.85415 	-3.71375e-18 	0
0.36967 	0.854357 	-3.70753e-18 	0
0.37027 	0.854564 	-3.70132e-18 	0
0.370871 	0.854771 	-3.69511e-18 	0
0.371471 	0.854977 	-3.68905e-18 	0
0.372072 	0.855183 	-3.68304e-18 	0
0.372673 	0.855389 	-3.67703e-18 	0
0.373273 	0.855594 	-3.67114e-18 	0
0.373874 	0.855799 	-3.66539e-18 	0
0.374474 	0.856004 	-3.65965e-18 	0
0.375075 	0.856208 	-3.65395e-18 	0
0.375676 	0.856412 	-3.64855e-18 	0
0.376276 	0.856615 	-3.64315e-18 	0
0.376877 	0.856818 	-3.63775e-18 	0
0.377477 	0.857021 	-3.63269e-18 	0
0.378078 	0.857223 	-3.62772e-18 	0
0.378679 	0.857426 	-3.62276e-18 	0
0.379279 	0.857628 	-3.61802e-18 	0
0.37988 	0.857829 	-3.61354e-18 	0
0.38048 	0.85803 	-3.60906e-18 	0
0.381081 	0.858231 	-3.60466e-18 	0
0.381682 	0.858431 	-3.6008e-18 	0
0.382282 	0.858631 	-3.59693e-18 	0
0.382883 	0.858831 	-3.59307e-18 	0
0.383483 	0.85903 	-3.58978e-18 	0
0.384084 	0.859229 	-3.58663e-18 	0
0.384685 	0.859428 	-3.58348e-18 	0
0.385285 	0.859627 	-3.58072e-18 	0
0.385886 	0.859825 	-3.57839e-18 	0
0.386486 	0.860023 	-3.57607e-18 	0
0.387087 	0.860221 	-3.57388e-18 	0
0.387688 	0.860417 	-3.57252e-18 	0
0.388288 	0.860614 	-3.57116e-18 	0
0.388889 	0.860811 	-3.56979e-18 	0
0.389489 	0.861006 	-3.56933e-18 	0
0.39009 	0.861202 	-3.56907e-18 	0
0.390691 	0.861397 	-3.56881e-18 	0
0.391291 	0.861592 	-3.56916e-18 	0
0.391892 	0.861787 	-3.57016e-18 	0
0.392492 	0.861982 	-3.57116e-18 	0
0.393093 	0.862176 	-3.57236e-18 	0
0.393694 	0.862369 	-3.57469e-18 	0
0.394294 	0.862563 	-3.57703e-18 	0
0.394895 	0.862756 	-3.57936e-18 	0
0.395495 	0.862949 	-3.5829e-18 	0
0.396096 	0.863141 	-3.5867e-18 	0
0.396697 	0.863333 	-3.59049e-18 	0
0.397297 	0.863525 	-3.59505e-18 	0
0.397898 	0.863716 	-3.60038e-18 	0
0.398498 	0.863907 	-3.60572e-18 	0
0.399099 	0.864098 	-3.61131e-18 	0
0.3997 	0.864288 	-3.61822e-18 	0
0.4003 	0.864479 	-3.62513e-18 	0
0.400901 	0.864669 	-3.63204e-18 	0
0.401502 	0.864858 	-3.63974e-18 	0
0.402102 	0.865047 	-3.64761e-18 	0
0.402703 	0.865236 	-3.65547e-18 	0
0.403303 	0.865425 	-3.66776e-18 	0
0.403904 	0.865613 	-3.68439e-18 	0
0.404505 	0.865802 	-3.70103e-18 	0
0.405105 	0.86599 	-3.7223e-18 	0
0.405706 	0.866177 	-3.76547e-18 	0
0.406306 	0.866364 	-3.80863e-18 	0
0.406907 	0.866551 	-3.8518e-18 	0
0.407508 	0.866737 	-3.89507e-18 	0
0.408108 	0.866923 	-3.93835e-18 	0
0.408709 	0.867109 	-3.98164e-18 	0
0.409309 	0.867294 	-4.0113e-18 	0
0.40991 	0.867479 	-4.02813e-18 	0
0.410511 	0.867664 	-4.04497e-18 	0
0.411111 	0.867849 	-4.06021e-18 	0
0.411712 	0.868033 	-4.06842e-18 	0
0.412312 	0.868217 	-4.07664e-18 	0
0.412913 	0.868401 	-4.08485e-18 	0
0.413514 	0.868584 	-4.09233e-18 	0
0.414114 	0.868767 	-4.09969e-18 	0
0.414715 	0.86895 	-4.10705e-18 	0
0.415315 	0.869133 	-4.11364e-18 	0
0.415916 	0.869315 	-4.11952e-18 	0
0.416517 	0.869497 	-4.1254e-18 	0
0.417117 	0.869678 	-4.13102e-18 	0
0.417718 	0.869859 	-4.1355e-18 	0
0.418318 	0.87004 	-4.13999e-18 	0
0.418919 	0.870222 	-4.14448e-18 	0
0.41952 	0.870402 	-4.14784e-18 	0
0.42012 	0.870581 	-4.15103e-18 	0
0.420721 	0.870761 	-4.15421e-18 	0
0.421321 	0.870941 	-4.15672e-18 	0
0.421922 	0.87112 	-4.15866e-18 	0
0.422523 	0.871299 	-4.16059e-18 	0
0.423123 	0.871478 	-4.1623e-18 	0
0.423724 	0.871656 	-4.16313e-18 	0
0.424324 	0.871834 	-4.16396e-18 	0
0.424925 	0.872012 	-4.16479e-18 	0
0.425526 	0.872189 	-4.16473e-18 	0
0.426126 	0.872366 	-4.16455e-18 	0
0.426727 	0.872543 	-4.16437e-18 	0
0.427327 	0.87272 	-4.16372e-18 	0
0.427928 	0.872896 	-4.16266e-18 	0
0.428529 	0.873072 	-4.16161e-18 	0
0.429129 	0.873248 	-4.16039e-18 	0
0.42973 	0.873423 	-4.1586e-18 	0
0.43033 	0.873598 	-4.1568e-18 	0
0.430931 	0.873774 	-4.15501e-18 	0
0.431532 	0.873948 	-4.15265e-18 	0
0.432132 	0.874122 	-4.15022e-18 	0
0.432733 	0.874296 	-4.14779e-18 	0
0.433333 	0.87447 	-4.14509e-18 	0
0.433934 	0.874643 	-4.14218e-18 	0
0.434535 	0.874817 	-4.13927e-18 	0
0.435135 	0.87499 	-4.13626e-18 	0
0.435736 	0.875162 	-4.13292e-18 	0
0.436336 	0.875335 	-4.12958e-18 	0
0.436937 	0.875507 	-4.12624e-18 	0
0.437538 	0.875678 	-4.12261e-18 	0
0.438138 	0.875849 	-4.11895e-18 	0
0.438739 	0.876021 	-4.11529e-18 	0
0.439339 	0.876191 	-4.11149e-18 	0
0.43994 	0.876362 	-4.10759e-18 	0
0.440541 	0.876533 	-4.10369e-18 	0
0.441141 	0.876703 	-4.09973e-18 	0
0.441742 	0.876873 	-4.09559e-18 	0
0.442342 	0.877042 	-4.09145e-18 	0
0.442943 	0.877212 	-4.08731e-18 	0
0.443544 	0.87738 	-4.083e-18 	0
0.444144 	0.877549 	-4.07868e-18 	0
0.444745 	0.877717 	-4.07435e-18 	0
0.445345 	0.877886 	-4.06993e-18 	0
0.445946 	0.878053 	-4.06545e-18 	0
0.446547 	0.878221 	-4.06097e-18 	0
0.447147 	0.878389 	-4.05645e-18 	0
0.447748 	0.878556 	-4.05184e-18 	0
0.448348 	0.878723 	-4.04723e-18 	0
0.448949 	0.87889 	-4.04262e-18 	0
0.44955 	0.879056 	-4.03791e-18 	0
0.45015 	0.879221 	-4.0332e-18 	0
0.450751 	0.879387 	-4.02848e-18 	0
0.451351 	0.879553 	-4.0237e-18 	0
0.451952 	0.879718 	-4.01888e-18 	0
0.452553 	0.879883 	-4.01406e-18 	0
0.453153 	0.880048 	-4.00922e-18 	0
0.453754 	0.880212 	-4.00431e-18 	0
0.454354 	0.880376 	-3.9994e-18 	0
0.454955 	0.88054 	-3.9945e-18 	0
0.455556 	0.880703 	-3.98951e-18 	0
0.456156 	0.880866 	-3.98452e-18 	0
0.456757 	0.88103 	-3.97953e-18 	0
0.457357 	0.881193 	-3.97449e-18 	0
0.457958 	0.881355 	-3.96942e-18 	0
0.458559 	0.881518 	-3.96436e-18 	0
0.459159 	0.88168 	-3.95927e-18 	0
0.45976 	0.881841 	-3.95412e-18 	0
0.46036 	0.882003 	-3.94897e-18 	0
0.460961 	0.882164 	-3.94382e-18 	0
0.461562 	0.882325 	-3.93861e-18 	0
0.462162 	0.882486 	-3.93339e-18 	0
0.462763 	0.882647 	-3.92817e-18 	0
0.463363 	0.882807 	-3.92291e-18 	0
0.463964 	0.882966 	-3.91762e-18 	0
0.464565 	0.883126 	-3.91233e-18 	0
0.465165 	0.883286 	-3.90703e-18 	0
0.465766 	0.883445 	-3.90167e-18 	0
0.466366 	0.883603 	-3.89632e-18 	0
0.466967 	0.883762 	-3.89096e-18 	0
0.467568 	0.883921 	-3.88555e-18 	0
0.468168 	0.884079 	-3.88013e-18 	0
0.468769 	0.884237 	-3.87471e-18 	0
0.469369 	0.884395 	-3.86925e-18 	0
0.46997 	0.884552 	-3.86376e-18 	0
0.470571 	0.884709 	-3.85827e-18 	0
0.471171 	0.884867 	-3.85277e-18 	0
0.471772 	0.885023 	-3.84721e-18 	0
0.472372 	0.885179 	-3.84166e-18 	0
0.472973 	0.885335 	-3.83611e-18 	0
0.473574 	0.885491 	-3.83049e-18 	0
0.474174 	0.885646 	-3.82488e-18 	0
0.474775 	0.885802 	-3.81926e-18 	0
0.475375 	0.885957 	-3.8136e-18 	0
0.475976 	0.886112 	-3.80792e-18 	0
0.476577 	0.886267 	-3.80224e-18 	0
0.477177 	0.886421 	-3.79655e-18 	0
0.477778 	0.886575 	-3.79082e-18 	0
0.478378 	0.886729 	-3.78508e-18 	0
0.478979 	0.886883 	-3.77935e-18 	0
0.47958 	0.887036 	-3.77357e-18 	0
0.48018 	0.887189 	-3.76778e-18 	0
0.480781 	0.887342 	-3.76199e-18 	0
0.481381 	0.887495 	-3.75617e-18 	0
0.481982 	0.887647 	-3.75034e-18 	0
0.482583 	0.887799 	-3.74451e-18 	0
0.483183 	0.887951 	-3.73866e-18 	0
0.483784 	0.888103 	-3.73278e-18 	0
0.484384 	0.888254 	-3.7269e-18 	0
0.484985 	0.888405 	-3.72103e-18 	0
0.485586 	0.888556 	-3.71511e-18 	0
0.486186 	0.888707 	-3.7092e-18 	0
0.486787 	0.888857 	-3.70328e-18 	0
0.487387 	0.889008 	-3.69734e-18 	0
0.487988 	0.889158 	-3.69139e-18 	0
0.488589 	0.889307 	-3.68545e-18 	0
0.489189 	0.889457 	-3.67949e-18 	0
0.48979 	0.889606 	-3.67351e-18 	0
0.49039 	0.889755 	-3.66753e-18 	0
0.490991 	0.889904 	-3.66155e-18 	0
0.491592 	0.890052 	-3.65555e-18 	0
0.492192 	0.8902 	-3.64954e-18 	0
0.492793 	0.890348 	-3.64354e-18 	0
0.493393 	0.890496 	-3.63752e-18 	0
0.493994 	0.890643 	-3.6315e-18 	0
0.494595 	0.89079 	-3.62548e-18 	0
0.495195 	0.890938 	-3.61945e-18 	0
0.495796 	0.891084 	-3.6134e-18 	0
0.496396 	0.891231 	-3.60736e-18 	0
0.496997 	0.891377 	-3.60131e-18 	0
0.497598 	0.891523 	-3.59525e-18 	0
0.498198 	0.891669 	-3.58919e-18 	0
0.498799 	0.891815 	-3.58313e-18 	0
0.499399 	0.89196 	-3.57706e-18 	0
0.5 	0.892105 	-3.571e-18 	0
