# y_plus_values_1, u_plus_values_1
1.574042, 1.573979
4.722130, 4.721944
7.870209, 5.833015
11.018292, 6.541583
14.166376, 7.250150
17.314459, 7.804445
20.462543, 8.207569
23.610626, 8.610693
26.758762, 8.990446
29.906846, 9.260093
33.054929, 9.529741
36.203013, 9.799365
39.351096, 10.011134
42.499180, 10.212290
45.647263, 10.413423
48.795346, 10.593474
51.943430, 10.753660
55.091461, 10.913846
58.239545, 11.069024
61.387628, 11.202119
64.535712, 11.335237
67.683795, 11.468356
70.831878, 11.585044
73.979962, 11.698989
77.128045, 11.812910
80.276129, 11.919343
83.424212, 12.018979
86.572296, 12.118615
89.720379, 12.216105
92.868463, 12.304724
96.016546, 12.393318
99.164630, 12.481913
102.312713, 12.562924
105.460797, 12.642743
108.608880, 12.722562
111.756964, 12.798541
114.905047, 12.871205
118.053131, 12.943894
121.201214, 13.015342
124.349298, 13.082044
127.497381, 13.148770
130.645465, 13.215473
133.793548, 13.277811
136.941632, 13.339529
140.089715, 13.401248
143.237799, 13.460605
146.385882, 13.518054
149.533966, 13.575480
152.682049, 13.632095
155.830133, 13.685824
158.978216, 13.739529
162.126300, 13.793258
165.274383, 13.844126
168.422467, 13.894612
171.570550, 13.945121
174.718634, 13.994033
177.866717, 14.041658
181.014801, 14.089305
184.162884, 14.136381
187.310968, 14.181477
190.459051, 14.226598
193.607135, 14.271694
196.755218, 14.314787
199.903302, 14.357641
203.051385, 14.400496
206.199468, 14.442206
209.347552, 14.483033
212.495635, 14.523861
215.643719, 14.564259
218.791802, 14.603250
221.939886, 14.642242
225.087969, 14.681233
228.236053, 14.718698
231.384136, 14.756020
234.532220, 14.793342
237.680303, 14.829781
240.828387, 14.865577
243.976470, 14.901396
247.124554, 14.936858
250.272637, 14.971246
253.420721, 15.005659
256.568804, 15.040071
259.716888, 15.073315
262.865495, 15.106440
266.013579, 15.139564
269.161662, 15.172021
272.309746, 15.203954
275.457829, 15.235886
278.605913, 15.267556
281.753996, 15.298415
284.902080, 15.329274
288.050163, 15.360133
291.198247, 15.390038
294.346330, 15.419872
297.494414, 15.449706
300.642497, 15.478991
303.790581, 15.507871
306.938664, 15.536774
310.086748, 15.565415
313.234831, 15.593437
316.382915, 15.621458
319.530998, 15.649479
322.679082, 15.676713
325.827165, 15.703900
328.975249, 15.731086
332.123332, 15.757796
335.271416, 15.784219
338.419499, 15.810619
341.567583, 15.836828
344.715666, 15.862512
347.863750, 15.888220
351.011833, 15.913904
354.159917, 15.938944
357.308000, 15.963961
360.456084, 15.988953
363.604167, 16.013564
366.752251, 16.037913
369.900334, 16.062285
373.048418, 16.086467
376.196501, 16.110219
379.344584, 16.133972
382.492668, 16.157724
385.640751, 16.180928
388.788835, 16.204108
391.936918, 16.227288
395.085002, 16.250135
398.233085, 16.272766
401.381169, 16.295398
404.529252, 16.317886
407.677336, 16.339993
410.825419, 16.362100
413.973503, 16.384231
417.121586, 16.405861
420.269670, 16.427467
423.417753, 16.449097
426.565837, 16.470417
429.713920, 16.491570
432.862004, 16.512723
436.010087, 16.533757
439.158171, 16.554457
442.306254, 16.575181
445.454338, 16.595881
448.602421, 16.616175
451.750505, 16.636470
454.898588, 16.656764
458.046672, 16.676796
461.194755, 16.696662
464.342839, 16.716527
467.490922, 16.736273
470.639006, 16.755780
473.787089, 16.775264
476.935173, 16.794772
480.083256, 16.813898
483.231340, 16.833024
486.379423, 16.852126
489.527507, 16.871013
492.675590, 16.889782
495.823674, 16.908550
498.971757, 16.927199
502.119841, 16.945633
505.267924, 16.964044
508.416008, 16.982478
511.564091, 17.000579
514.712174, 17.018679
517.860258, 17.036780
521.008341, 17.054666
524.156425, 17.072456
527.306605, 17.090223
530.451544, 17.107918
533.601724, 17.125398
536.746662, 17.142879
539.896842, 17.160359
543.047023, 17.177553
546.191961, 17.194748
549.342141, 17.211942
552.487080, 17.228946
555.637260, 17.245854
558.787440, 17.262762
561.932378, 17.279575
565.082559, 17.296220
568.227497, 17.312866
571.377677, 17.329488
574.527857, 17.345872
577.672796, 17.362255
580.822976, 17.378638
583.967915, 17.394831
587.118095, 17.410976
590.268275, 17.427121
593.413213, 17.443171
596.563393, 17.459053
599.708332, 17.474936
602.858512, 17.490819
606.008692, 17.506487
609.153631, 17.522131
612.303811, 17.537799
615.448749, 17.553300
618.598930, 17.568706
621.749110, 17.584135
624.894048, 17.599493
628.044228, 17.614708
631.189167, 17.629899
634.339347, 17.645114
637.489527, 17.660115
640.634466, 17.675115
643.784646, 17.690091
646.929584, 17.704948
650.079764, 17.719758
653.229945, 17.734544
656.374883, 17.749282
659.525063, 17.763877
662.670002, 17.778471
665.820182, 17.793042
668.970362, 17.807447
672.115301, 17.821851
675.265481, 17.836255
678.410419, 17.850516
681.560599, 17.864729
684.710779, 17.878942
687.855718, 17.893084
691.005898, 17.907130
694.150837, 17.921153
697.301017, 17.935176
700.451197, 17.949031
703.596135, 17.962887
706.746316, 17.976742
709.891254, 17.990479
713.041434, 18.004167
716.191614, 18.017856
719.336553, 18.031473
722.486733, 18.044995
725.631672, 18.058517
728.781852, 18.072014
731.932032, 18.085369
735.076970, 18.098748
738.227150, 18.112103
741.372089, 18.125338
744.522269, 18.138526
747.672449, 18.151738
750.817388, 18.164878
753.967568, 18.177923
757.112506, 18.190968
760.262687, 18.204012
763.412867, 18.216890
766.557805, 18.229792
769.707985, 18.242693
772.852924, 18.255476
776.003104, 18.268235
779.153284, 18.280993
782.298223, 18.293680
785.448403, 18.306296
788.593341, 18.318887
791.743521, 18.331479
794.893702, 18.343975
798.038640, 18.356448
801.188820, 18.368920
804.333759, 18.381297
807.483939, 18.393626
810.634119, 18.405956
813.779058, 18.418237
816.929238, 18.430448
820.074176, 18.442658
823.224356, 18.454844
826.374536, 18.466911
829.519475, 18.479002
832.669655, 18.491069
835.814594, 18.503040
838.964774, 18.515012
842.114954, 18.526960
845.259892, 18.538860
848.410073, 18.550688
851.555011, 18.562517
854.705191, 18.574345
857.855371, 18.586055
861.000310, 18.597764
864.150490, 18.609473
867.295429, 18.621087
870.445609, 18.632677
873.595789, 18.644267
876.740727, 18.655810
879.890907, 18.667304
883.035846, 18.678775
886.186026, 18.690246
889.336206, 18.701598
892.481145, 18.712973
895.631325, 18.724348
898.776263, 18.735628
901.926444, 18.746885
905.076624, 18.758141
908.221562, 18.769349
911.371742, 18.780486
914.516681, 18.791647
917.666861, 18.802784
920.817041, 18.813825
923.961980, 18.824891
927.112160, 18.835932
930.257098, 18.846902
933.407278, 18.857849
936.557459, 18.868795
939.702397, 18.879669
942.852577, 18.890520
945.997516, 18.901371
949.147696, 18.912198
952.297876, 18.922953
955.442815, 18.933685
958.592995, 18.944440
961.737933, 18.955100
964.888113, 18.965760
968.038293, 18.976420
971.183232, 18.987009
974.333412, 18.997549
977.478351, 19.008114
980.628531, 19.018655
983.778711, 19.029100
986.923649, 19.039569
990.073830, 19.050038
993.218768, 19.060436
996.368948, 19.070810
999.519128, 19.081184
1002.664067, 19.091510
1005.814247, 19.101788
1008.959186, 19.112067
1012.109366, 19.122321
1015.259546, 19.132528
1018.404484, 19.142735
1021.554664, 19.152918
1024.699603, 19.163053
1027.849783, 19.173165
1030.999963, 19.183276
1034.144902, 19.193340
1037.295082, 19.203356
1040.440020, 19.213372
1043.590201, 19.223388
1046.740381, 19.233333
1049.885319, 19.243277
1053.035499, 19.253222
1056.185679, 19.263095
1059.330618, 19.272968
1062.480798, 19.282817
1065.625737, 19.292642
1068.775917, 19.302420
1071.926097, 19.312222
1075.071035, 19.321975
1078.221216, 19.331681
1081.366154, 19.341364
1084.516334, 19.351070
1087.666514, 19.360704
1090.811453, 19.370339
1093.961633, 19.379973
1097.106571, 19.389560
1100.256752, 19.399099
1103.406932, 19.408662
1106.551870, 19.418201
1109.702050, 19.427669
1112.846989, 19.437160
1115.997169, 19.446628
1119.147349, 19.456048
1122.292288, 19.465444
1125.442468, 19.474864
1128.587406, 19.484212
1131.737586, 19.493561
1134.887767, 19.502885
1138.032705, 19.512210
1141.182885, 19.521463
1144.327824, 19.530715
1147.478004, 19.539992
1150.628184, 19.549174
1153.773123, 19.558379
1156.923303, 19.567560
1160.068241, 19.576718
1163.218421, 19.585828
1166.368601, 19.594962
1169.513540, 19.604071
1172.663720, 19.613134
1175.808659, 19.622196
1178.958839, 19.631258
1182.109019, 19.640249
1185.253957, 19.649239
1188.404138, 19.658230
1191.549076, 19.667173
1194.699256, 19.676092
1197.849436, 19.685011
1200.994375, 19.693930
1204.144555, 19.702778
1207.289494, 19.711649
1210.439674, 19.720497
1213.589854, 19.729320
1216.734792, 19.738120
1219.884972, 19.746920
1223.029911, 19.755672
1226.180091, 19.764400
1229.330271, 19.773129
1232.475210, 19.781857
1235.625390, 19.790514
1238.770328, 19.799194
1241.920509, 19.807875
1245.070689, 19.816484
1248.215627, 19.825117
1251.365807, 19.833726
1254.510746, 19.842311
1257.660926, 19.850849
1260.811106, 19.859410
1263.956045, 19.867948
1267.106225, 19.876438
1270.251163, 19.884927
1273.401343, 19.893417
1276.551524, 19.901859
1279.696462, 19.910302
1282.846642, 19.918744
1285.991581, 19.927138
1289.141761, 19.935509
1292.291941, 19.943903
1295.436880, 19.952274
1298.587060, 19.960597
1301.731998, 19.968920
1304.882178, 19.977242
1308.032358, 19.985518
1311.177297, 19.993793
1314.327477, 20.002044
1317.472416, 20.010296
1320.622596, 20.018499
1323.772776, 20.026703
1326.917714, 20.034907
1330.067895, 20.043063
1333.212833, 20.051218
1336.363013, 20.059374
1339.513193, 20.067483
1342.658132, 20.075591
1345.808312, 20.083699
1348.953251, 20.091784
1352.103431, 20.099844
1355.253611, 20.107905
1358.398549, 20.115942
1361.548729, 20.123931
1364.693668, 20.131943
1367.843848, 20.139932
1370.994028, 20.147898
1374.138967, 20.155839
1377.289147, 20.163780
1380.434085, 20.171698
1383.584266, 20.179615
1386.734446, 20.187509
1389.879384, 20.195403
1393.029564, 20.203248
1396.174503, 20.211094
1399.324683, 20.218940
1402.474863, 20.226739
1405.619802, 20.234561
1408.769982, 20.242359
1411.914920, 20.250133
1415.065100, 20.257884
1418.215281, 20.265634
1421.360219, 20.273361
1424.510399, 20.281064
1427.655338, 20.288767
1430.805518, 20.296470
1433.955698, 20.304149
1437.100637, 20.311804
1440.250817, 20.319459
1443.395755, 20.327090
1446.545935, 20.334698
1449.696115, 20.342305
1452.841054, 20.349913
1455.991234, 20.357472
1459.136173, 20.365032
1462.286353, 20.372592
1465.436533, 20.380104
1468.581471, 20.387640
1471.731652, 20.395152
1474.876590, 20.402640
1478.026770, 20.410129
1481.176950, 20.417593
1484.321889, 20.425057
1487.472069, 20.432474
1490.617008, 20.439914
1493.767188, 20.447331
1496.917368, 20.454724
1500.062306, 20.462117
1503.212486, 20.469510
1506.357425, 20.476879
1509.507605, 20.484200
1512.657785, 20.491545
1515.802724, 20.498866
1518.952904, 20.506164
1522.097842, 20.513461
1525.248023, 20.520759
1528.398203, 20.528032
1531.543141, 20.535282
1534.693321, 20.542556
1537.838260, 20.549781
1540.988440, 20.556984
1544.138620, 20.564209
1547.283559, 20.571411
1550.433739, 20.578590
1553.578677, 20.585768
1556.728857, 20.592922
1559.879038, 20.600077
1563.023976, 20.607207
1566.174156, 20.614338
1569.319095, 20.621444
1572.469275, 20.628527
1575.619455, 20.635610
1578.764394, 20.642693
1581.914574, 20.649752
1585.059512, 20.656811
1588.209692, 20.663846
1591.359872, 20.670857
1594.504811, 20.677868
1597.654991, 20.684880
1600.799930, 20.691867
1603.950110, 20.698854
1607.100290, 20.705818
1610.245228, 20.712781
1613.395408, 20.719721
1616.540347, 20.726661
1619.690527, 20.733577
1622.840707, 20.740493
1625.985646, 20.747385
1629.135826, 20.754277
1632.280764, 20.761145
1635.430945, 20.768013
1638.581125, 20.774857
1641.726063, 20.781702
1644.876243, 20.788522
1648.021182, 20.795343
1651.171362, 20.802163
1654.321542, 20.808960
1657.466481, 20.815733
1660.616661, 20.822529
1663.761599, 20.829302
1666.911779, 20.836027
1670.061960, 20.842776
1673.206898, 20.849525
1676.357078, 20.856226
1679.502017, 20.862928
1682.652197, 20.869653
1685.802377, 20.876330
1688.947316, 20.883007
1692.097496, 20.889661
1695.242434, 20.896314
1698.392614, 20.902968
1701.542794, 20.909598
1704.687733, 20.916227
1707.837913, 20.922833
1710.982852, 20.929439
1714.133032, 20.936045
1717.283212, 20.942627
1720.428150, 20.949185
1723.578331, 20.955767
1726.723269, 20.962301
1729.873449, 20.968836
1733.023629, 20.975370
1736.168568, 20.981904
1739.318748, 20.988415
1742.463687, 20.994901
1745.613867, 21.001412
1748.764047, 21.007875
1751.908985, 21.014337
1755.059165, 21.020800
1758.204104, 21.027263
1761.354284, 21.033702
1764.504464, 21.040141
1767.649403, 21.046556
1770.799583, 21.052971
1773.944521, 21.059362
1777.094702, 21.065753
1780.244882, 21.072121
1783.389820, 21.078488
1786.540000, 21.084856
1789.684939, 21.091199
1792.835119, 21.097543
1795.985299, 21.103886
1799.130238, 21.110206
1802.280418, 21.116502
1805.425356, 21.122821
1808.575536, 21.129117
1811.725717, 21.135389
1814.870655, 21.141661
1818.020835, 21.147933
1821.165774, 21.154181
1824.315954, 21.160429
1827.466134, 21.166677
1830.611073, 21.172902
1833.761253, 21.179102
1836.906191, 21.185327
1840.056371, 21.191527
1843.206551, 21.197704
1846.351490, 21.203880
1849.501670, 21.210081
1852.646609, 21.216233
1855.796789, 21.222386
1858.946969, 21.228539
1862.091907, 21.234668
1865.242088, 21.240773
1868.387026, 21.246902
1871.537206, 21.253007
1874.687386, 21.259112
1877.832325, 21.265193
1880.982505, 21.271298
1884.127444, 21.277355
1887.277624, 21.283413
1890.427804, 21.289470
1893.572742, 21.295527
1896.722922, 21.301561
1899.867861, 21.307594
1903.018041, 21.313604
1906.168221, 21.319614
1909.313160, 21.325623
1912.463340, 21.331609
1915.608278, 21.337595
1918.758459, 21.343581
1921.908639, 21.349543
1925.053577, 21.355505
1928.203757, 21.361443
1931.348696, 21.367381
1934.498876, 21.373343
1937.649056, 21.379257
1940.793995, 21.385171
1943.944175, 21.391110
1947.089113, 21.397000
1950.239293, 21.402890
1953.389474, 21.408757
1956.534412, 21.414647
1959.684592, 21.420490
1962.829531, 21.426357
1965.979711, 21.432223
1969.129891, 21.438042
1972.274830, 21.443885
1975.425010, 21.449728
1978.569948, 21.455546
1981.720128, 21.461341
1984.870308, 21.467160
1988.015247, 21.472955
1991.165427, 21.478727
1994.310366, 21.484498
1997.460546, 21.490293
2000.610726, 21.496040
2003.755664, 21.501787
2006.905845, 21.507535
2010.050783, 21.513258
2013.200963, 21.519006
2016.351143, 21.524729
2019.496082, 21.530452
2022.646262, 21.536152
2025.791201, 21.541852
2028.941381, 21.547528
2032.091561, 21.553203
2035.236499, 21.558879
2038.386679, 21.564555
2041.531618, 21.570207
2044.681798, 21.575859
2047.831978, 21.581511
2050.976917, 21.587139
2054.127097, 21.592767
2057.272035, 21.598395
2060.422216, 21.603999
2063.572396, 21.609603
2066.717334, 21.615184
2069.867514, 21.620788
2073.012453, 21.626369
2076.162633, 21.631949
2079.312813, 21.637529
2082.457752, 21.643086
2085.607932, 21.648619
2088.752870, 21.654175
2091.903050, 21.659708
2095.053231, 21.665240
2098.198169, 21.670749
2101.348349, 21.676282
2104.498529, 21.681791
2107.643468, 21.687276
2110.793648, 21.692785
2113.938587, 21.698270
2117.088767, 21.703755
2120.238947, 21.709216
2123.383885, 21.714701
2126.534065, 21.720162
2129.679004, 21.725599
2132.829184, 21.731061
2135.979364, 21.736474
2139.124303, 21.741911
2142.274483, 21.747349
2145.419421, 21.752762
2148.569601, 21.758152
2151.719782, 21.763541
2154.864720, 21.768955
2158.014900, 21.774321
2161.159839, 21.779710
2164.310019, 21.785076
2167.460199, 21.790442
2170.605138, 21.795807
2173.755318, 21.801149
2176.900256, 21.806491
2180.050436, 21.811833
2183.200616, 21.817175
2186.345555, 21.822493
2189.495735, 21.827811
2192.640674, 21.833129
2195.790854, 21.838447
2198.941034, 21.843742
2202.085972, 21.849012
2205.236153, 21.854306
2208.381091, 21.859577
2211.531271, 21.864847
2214.681451, 21.870117
2217.826390, 21.875364
2220.976570, 21.880610
2224.121509, 21.885857
2227.271689, 21.891103
2230.421869, 21.896350
2233.566807, 21.901549
2236.716987, 21.906771
2239.861926, 21.911994
2243.012106, 21.917193
2246.162286, 21.922392
2249.307225, 21.927591
2252.457405, 21.932766
2255.602343, 21.937941
2258.752524, 21.943116
2261.902704, 21.948267
2265.047642, 21.953442
2268.197822, 21.958593
2271.342761, 21.963720
2274.492941, 21.968871
2277.643121, 21.973999
2280.788060, 21.979126
2283.938240, 21.984253
2287.083178, 21.989357
2290.233358, 21.994460
2293.383539, 21.999563
2296.528477, 22.004667
2299.678657, 22.009746
2302.823596, 22.014826
2305.973776, 22.019906
2309.123956, 22.024961
2312.268895, 22.030041
2315.419075, 22.035073
2318.564013, 22.040129
2321.714193, 22.045184
2324.864373, 22.050216
2328.009312, 22.055248
2331.159492, 22.060256
2334.304431, 22.065288
2337.454611, 22.070296
2340.604791, 22.075304
2343.749729, 22.080312
2346.899910, 22.085296
2350.044848, 22.090281
2353.195028, 22.095265
2356.345208, 22.100249
2359.490147, 22.105209
2362.640327, 22.110194
2365.785266, 22.115130
2368.935446, 22.120090
2372.085626, 22.125027
2375.230564, 22.129987
2378.380744, 22.134924
2381.525683, 22.139860
2384.675863, 22.144773
2387.826043, 22.149686
2390.970982, 22.154598
2394.121162, 22.159511
2397.266100, 22.164400
2400.416281, 22.169288
2403.566461, 22.174177
2406.711399, 22.179066
2409.861579, 22.183931
2413.006518, 22.188820
2416.156698, 22.193685
2419.306878, 22.198526
2422.451817, 22.203367
2425.601997, 22.208232
2428.746935, 22.213073
2431.897115, 22.217890
2435.047296, 22.222732
2438.192234, 22.227549
2441.342414, 22.232366
2444.487353, 22.237183
2447.637533, 22.242001
2450.787713, 22.246794
2453.932652, 22.251587
2457.082832, 22.256381
2460.227770, 22.261150
2463.377950, 22.265920
2466.528130, 22.270713
2469.673069, 22.275483
2472.823249, 22.280229
2475.968188, 22.284998
2479.118368, 22.289744
2482.268548, 22.294490
2485.413486, 22.299212
2488.563667, 22.303957
2491.708605, 22.308679
2494.858785, 22.313401
2498.008965, 22.318099
2501.153904, 22.322821
2504.304084, 22.327519
2507.449023, 22.332217
2510.599203, 22.336915
2513.749383, 22.341613
2516.894321, 22.346287
2520.044501, 22.350961
2523.189440, 22.355636
2526.339620, 22.360310
2529.489800, 22.364960
2532.634739, 22.369610
2535.784919, 22.374261
2538.929857, 22.378911
2542.080038, 22.383561
2545.230218, 22.388188
2548.375156, 22.392814
2551.525336, 22.397441
2554.670275, 22.402067
2557.820455, 22.406670
2560.970635, 22.411273
2564.115574, 22.415875
2567.265754, 22.420454
2570.410692, 22.425057
2573.560872, 22.429635
2576.711053, 22.434214
2579.855991, 22.438793
2583.006171, 22.443372
2586.151110, 22.447927
2589.301290, 22.452482
2592.451470, 22.457037
2595.596409, 22.461592
2598.746589, 22.466123
2601.891527, 22.470678
2605.041707, 22.475209
2608.191887, 22.479740
2611.336826, 22.484247
2614.487006, 22.488778
2617.631945, 22.493285
2620.782125, 22.497769
