0.0003003 	0.0660009 	-1.03186e-18 	0
0.000900901 	0.198003 	-3.09557e-18 	0
0.0015015 	0.244593 	-3.53422e-18 	0
0.0021021 	0.274305 	-3.65176e-18 	0
0.0027027 	0.304017 	-3.76929e-18 	0
0.0033033 	0.32726 	-3.85041e-18 	0
0.0039039 	0.344164 	-3.89582e-18 	0
0.0045045 	0.361068 	-3.94124e-18 	0
0.00510511 	0.376992 	-3.97607e-18 	0
0.00570571 	0.388299 	-3.96101e-18 	0
0.00630631 	0.399606 	-3.94595e-18 	0
0.00690691 	0.410912 	-3.93089e-18 	0
0.00750751 	0.419792 	-3.92374e-18 	0
0.00810811 	0.428227 	-3.91803e-18 	0
0.00870871 	0.436661 	-3.91233e-18 	0
0.00930931 	0.444211 	-3.91244e-18 	0
0.00990991 	0.450928 	-3.91804e-18 	0
0.0105105 	0.457645 	-3.92363e-18 	0
0.0111111 	0.464152 	-3.92797e-18 	0
0.0117117 	0.469733 	-3.92678e-18 	0
0.0123123 	0.475315 	-3.92559e-18 	0
0.0129129 	0.480897 	-3.92439e-18 	0
0.0135135 	0.48579 	-3.9063e-18 	0
0.0141141 	0.490568 	-3.88533e-18 	0
0.0147147 	0.495345 	-3.86437e-18 	0
0.0153153 	0.499808 	-3.82677e-18 	0
0.0159159 	0.503986 	-3.77413e-18 	0
0.0165165 	0.508164 	-3.72148e-18 	0
0.0171171 	0.512252 	-3.67353e-18 	0
0.0177177 	0.515968 	-3.64496e-18 	0
0.0183183 	0.519683 	-3.61639e-18 	0
0.0189189 	0.523398 	-3.58782e-18 	0
0.0195195 	0.526795 	-3.62946e-18 	0
0.0201201 	0.530142 	-3.68205e-18 	0
0.0207207 	0.533489 	-3.73465e-18 	0
0.0213213 	0.536675 	-3.78162e-18 	0
0.0219219 	0.539722 	-3.82371e-18 	0
0.0225225 	0.54277 	-3.86579e-18 	0
0.0231231 	0.545766 	-3.90373e-18 	0
0.0237237 	0.548563 	-3.92556e-18 	0
0.0243243 	0.551361 	-3.9474e-18 	0
0.0249249 	0.554158 	-3.96924e-18 	0
0.0255255 	0.556772 	-3.99574e-18 	0
0.0261261 	0.55936 	-4.0229e-18 	0
0.0267267 	0.561948 	-4.05006e-18 	0
0.0273273 	0.564437 	-4.06865e-18 	0
0.0279279 	0.566846 	-4.08007e-18 	0
0.0285285 	0.569254 	-4.0915e-18 	0
0.0291291 	0.571628 	-4.10277e-18 	0
0.0297297 	0.573881 	-4.1135e-18 	0
0.0303303 	0.576133 	-4.12422e-18 	0
0.0309309 	0.578386 	-4.13494e-18 	0
0.0315315 	0.580519 	-4.13558e-18 	0
0.0321321 	0.582636 	-4.13492e-18 	0
0.0327327 	0.584754 	-4.13426e-18 	0
0.0333333 	0.586805 	-4.12953e-18 	0
0.0339339 	0.588802 	-4.12155e-18 	0
0.0345345 	0.5908 	-4.11357e-18 	0
0.0351351 	0.592774 	-4.10598e-18 	0
0.0357357 	0.594665 	-4.09969e-18 	0
0.0363363 	0.596557 	-4.0934e-18 	0
0.0369369 	0.598448 	-4.08711e-18 	0
0.0375375 	0.600255 	-4.08245e-18 	0
0.0381381 	0.602052 	-4.07797e-18 	0
0.0387387 	0.603849 	-4.0735e-18 	0
0.0393393 	0.605598 	-4.06974e-18 	0
0.0399399 	0.60731 	-4.06654e-18 	0
0.0405405 	0.609022 	-4.06333e-18 	0
0.0411411 	0.610716 	-4.06033e-18 	0
0.0417417 	0.612351 	-4.05801e-18 	0
0.0423423 	0.613986 	-4.05569e-18 	0
0.0429429 	0.615621 	-4.05336e-18 	0
0.0435435 	0.617192 	-4.05158e-18 	0
0.0441441 	0.618757 	-4.04985e-18 	0
0.0447447 	0.620322 	-4.04812e-18 	0
0.0453453 	0.62185 	-4.04663e-18 	0
0.0459459 	0.623351 	-4.0453e-18 	0
0.0465465 	0.624853 	-4.04398e-18 	0
0.0471471 	0.62634 	-4.04272e-18 	0
0.0477477 	0.627782 	-4.04165e-18 	0
0.0483483 	0.629225 	-4.04059e-18 	0
0.0489489 	0.630668 	-4.03952e-18 	0
0.0495495 	0.632062 	-4.0386e-18 	0
0.0501502 	0.633451 	-4.03769e-18 	0
0.0507508 	0.63484 	-4.03678e-18 	0
0.0513514 	0.636201 	-4.03592e-18 	0
0.051952 	0.63754 	-4.03509e-18 	0
0.0525526 	0.638879 	-4.03427e-18 	0
0.0531532 	0.640207 	-4.03345e-18 	0
0.0537538 	0.641501 	-4.03266e-18 	0
0.0543544 	0.642795 	-4.03188e-18 	0
0.054955 	0.644089 	-4.03109e-18 	0
0.0555556 	0.645343 	-4.03031e-18 	0
0.0561562 	0.646594 	-4.02953e-18 	0
0.0567568 	0.647845 	-4.02875e-18 	0
0.0573574 	0.649073 	-4.02797e-18 	0
0.057958 	0.650284 	-4.02718e-18 	0
0.0585586 	0.651496 	-4.02638e-18 	0
0.0591592 	0.652697 	-4.02558e-18 	0
0.0597598 	0.653872 	-4.02477e-18 	0
0.0603604 	0.655047 	-4.02396e-18 	0
0.060961 	0.656222 	-4.02314e-18 	0
0.0615616 	0.657364 	-4.02231e-18 	0
0.0621622 	0.658504 	-4.02147e-18 	0
0.0627628 	0.659644 	-4.02063e-18 	0
0.0633634 	0.660764 	-4.01978e-18 	0
0.063964 	0.661872 	-4.01891e-18 	0
0.0645646 	0.662979 	-4.01805e-18 	0
0.0651652 	0.664078 	-4.01718e-18 	0
0.0657658 	0.665155 	-4.01629e-18 	0
0.0663664 	0.666233 	-4.0154e-18 	0
0.066967 	0.66731 	-4.01451e-18 	0
0.0675676 	0.66836 	-4.01361e-18 	0
0.0681682 	0.669409 	-4.0127e-18 	0
0.0687688 	0.670457 	-4.0118e-18 	0
0.0693694 	0.671489 	-4.01089e-18 	0
0.06997 	0.67251 	-4.00997e-18 	0
0.0705706 	0.673532 	-4.00905e-18 	0
0.0711712 	0.674546 	-4.00814e-18 	0
0.0717718 	0.675542 	-4.00722e-18 	0
0.0723724 	0.676538 	-4.00631e-18 	0
0.072973 	0.677534 	-4.00539e-18 	0
0.0735736 	0.678507 	-4.00448e-18 	0
0.0741742 	0.679479 	-4.00357e-18 	0
0.0747748 	0.680451 	-4.00265e-18 	0
0.0753754 	0.681409 	-4.00175e-18 	0
0.075976 	0.682358 	-4.00084e-18 	0
0.0765766 	0.683307 	-3.99994e-18 	0
0.0771772 	0.68425 	-3.99904e-18 	0
0.0777778 	0.685177 	-3.99816e-18 	0
0.0783784 	0.686104 	-3.99727e-18 	0
0.078979 	0.687032 	-3.99639e-18 	0
0.0795796 	0.687939 	-3.99553e-18 	0
0.0801802 	0.688845 	-3.99467e-18 	0
0.0807808 	0.689752 	-3.99381e-18 	0
0.0813814 	0.690646 	-3.99297e-18 	0
0.081982 	0.691533 	-3.99214e-18 	0
0.0825826 	0.69242 	-3.99132e-18 	0
0.0831832 	0.693302 	-3.9905e-18 	0
0.0837838 	0.69417 	-3.98971e-18 	0
0.0843844 	0.695039 	-3.98891e-18 	0
0.084985 	0.695907 	-3.98812e-18 	0
0.0855856 	0.696758 	-3.98737e-18 	0
0.0861862 	0.697609 	-3.98661e-18 	0
0.0867868 	0.69846 	-3.98586e-18 	0
0.0873874 	0.6993 	-3.98513e-18 	0
0.087988 	0.700133 	-3.98442e-18 	0
0.0885886 	0.700966 	-3.98372e-18 	0
0.0891892 	0.701794 	-3.98302e-18 	0
0.0897898 	0.702612 	-3.98236e-18 	0
0.0903904 	0.703429 	-3.9817e-18 	0
0.090991 	0.704247 	-3.98104e-18 	0
0.0915916 	0.705049 	-3.98043e-18 	0
0.0921922 	0.705851 	-3.97981e-18 	0
0.0927928 	0.706652 	-3.9792e-18 	0
0.0933934 	0.707444 	-3.97863e-18 	0
0.093994 	0.708231 	-3.97807e-18 	0
0.0945946 	0.709018 	-3.97752e-18 	0
0.0951952 	0.7098 	-3.97698e-18 	0
0.0957958 	0.710573 	-3.97647e-18 	0
0.0963964 	0.711345 	-3.97597e-18 	0
0.096997 	0.712118 	-3.97546e-18 	0
0.0975976 	0.712877 	-3.97501e-18 	0
0.0981982 	0.713636 	-3.97457e-18 	0
0.0987988 	0.714395 	-3.97412e-18 	0
0.0993994 	0.715145 	-3.97371e-18 	0
0.1 	0.715891 	-3.97332e-18 	0
0.100601 	0.716636 	-3.97294e-18 	0
0.101201 	0.717378 	-3.97257e-18 	0
0.101802 	0.718111 	-3.97224e-18 	0
0.102402 	0.718844 	-3.97191e-18 	0
0.103003 	0.719577 	-3.97158e-18 	0
0.103604 	0.720298 	-3.97131e-18 	0
0.104204 	0.721019 	-3.97104e-18 	0
0.104805 	0.72174 	-3.97077e-18 	0
0.105405 	0.722453 	-3.97054e-18 	0
0.106006 	0.723162 	-3.97032e-18 	0
0.106607 	0.723871 	-3.97011e-18 	0
0.107207 	0.724576 	-3.96992e-18 	0
0.107808 	0.725274 	-3.96976e-18 	0
0.108408 	0.725972 	-3.96961e-18 	0
0.109009 	0.726669 	-3.96946e-18 	0
0.10961 	0.727356 	-3.96937e-18 	0
0.11021 	0.728043 	-3.96927e-18 	0
0.110811 	0.72873 	-3.96918e-18 	0
0.111411 	0.729409 	-3.96913e-18 	0
0.112012 	0.730086 	-3.96909e-18 	0
0.112613 	0.730763 	-3.96905e-18 	0
0.113213 	0.731436 	-3.96904e-18 	0
0.113814 	0.732102 	-3.96906e-18 	0
0.114414 	0.732768 	-3.96908e-18 	0
0.115015 	0.733434 	-3.9691e-18 	0
0.115616 	0.734091 	-3.96918e-18 	0
0.116216 	0.734747 	-3.96926e-18 	0
0.116817 	0.735404 	-3.96935e-18 	0
0.117417 	0.736054 	-3.96946e-18 	0
0.118018 	0.7367 	-3.9696e-18 	0
0.118619 	0.737347 	-3.96973e-18 	0
0.119219 	0.737991 	-3.96989e-18 	0
0.11982 	0.738629 	-3.97008e-18 	0
0.12042 	0.739266 	-3.97027e-18 	0
0.121021 	0.739904 	-3.97047e-18 	0
0.121622 	0.740533 	-3.97071e-18 	0
0.122222 	0.741162 	-3.97096e-18 	0
0.122823 	0.74179 	-3.97121e-18 	0
0.123423 	0.742413 	-3.97149e-18 	0
0.124024 	0.743034 	-3.97179e-18 	0
0.124625 	0.743654 	-3.97209e-18 	0
0.125225 	0.744272 	-3.97241e-18 	0
0.125826 	0.744884 	-3.97276e-18 	0
0.126426 	0.745496 	-3.97311e-18 	0
0.127027 	0.746107 	-3.97346e-18 	0
0.127628 	0.746711 	-3.97386e-18 	0
0.128228 	0.747315 	-3.97426e-18 	0
0.128829 	0.747919 	-3.97467e-18 	0
0.129429 	0.748517 	-3.9751e-18 	0
0.13003 	0.749113 	-3.97555e-18 	0
0.130631 	0.749709 	-3.976e-18 	0
0.131231 	0.750302 	-3.97647e-18 	0
0.131832 	0.750891 	-3.97697e-18 	0
0.132432 	0.751479 	-3.97747e-18 	0
0.133033 	0.752067 	-3.97797e-18 	0
0.133634 	0.752648 	-3.97851e-18 	0
0.134234 	0.753229 	-3.97906e-18 	0
0.134835 	0.75381 	-3.9796e-18 	0
0.135435 	0.754386 	-3.98018e-18 	0
0.136036 	0.75496 	-3.98077e-18 	0
0.136637 	0.755534 	-3.98135e-18 	0
0.137237 	0.756105 	-3.98196e-18 	0
0.137838 	0.756672 	-3.98259e-18 	0
0.138438 	0.757239 	-3.98323e-18 	0
0.139039 	0.757805 	-3.98386e-18 	0
0.13964 	0.758365 	-3.98454e-18 	0
0.14024 	0.758926 	-3.98522e-18 	0
0.140841 	0.759486 	-3.98589e-18 	0
0.141441 	0.760041 	-3.9866e-18 	0
0.142042 	0.760594 	-3.98731e-18 	0
0.142643 	0.761148 	-3.98802e-18 	0
0.143243 	0.761699 	-3.98876e-18 	0
0.143844 	0.762246 	-3.98951e-18 	0
0.144444 	0.762793 	-3.99026e-18 	0
0.145045 	0.76334 	-3.99102e-18 	0
0.145646 	0.76388 	-3.99181e-18 	0
0.146246 	0.764421 	-3.9926e-18 	0
0.146847 	0.764962 	-3.99339e-18 	0
0.147447 	0.765498 	-3.99421e-18 	0
0.148048 	0.766033 	-3.99504e-18 	0
0.148649 	0.766568 	-3.99587e-18 	0
0.149249 	0.7671 	-3.99671e-18 	0
0.14985 	0.767629 	-3.99757e-18 	0
0.15045 	0.768157 	-3.99843e-18 	0
0.151051 	0.768685 	-3.9993e-18 	0
0.151652 	0.769209 	-4.00019e-18 	0
0.152252 	0.769732 	-4.00109e-18 	0
0.152853 	0.770255 	-4.00198e-18 	0
0.153453 	0.770774 	-4.0029e-18 	0
0.154054 	0.771291 	-4.00383e-18 	0
0.154655 	0.771808 	-4.00476e-18 	0
0.155255 	0.772323 	-4.00571e-18 	0
0.155856 	0.772835 	-4.00667e-18 	0
0.156456 	0.773347 	-4.00763e-18 	0
0.157057 	0.773858 	-4.00859e-18 	0
0.157658 	0.774364 	-4.00959e-18 	0
0.158258 	0.774871 	-4.01058e-18 	0
0.158859 	0.775377 	-4.01157e-18 	0
0.159459 	0.775879 	-4.01258e-18 	0
0.16006 	0.776381 	-4.01361e-18 	0
0.160661 	0.776882 	-4.01463e-18 	0
0.161261 	0.777381 	-4.01567e-18 	0
0.161862 	0.777877 	-4.01672e-18 	0
0.162462 	0.778373 	-4.01778e-18 	0
0.163063 	0.778869 	-4.01883e-18 	0
0.163664 	0.77936 	-4.01992e-18 	0
0.164264 	0.779851 	-4.021e-18 	0
0.164865 	0.780342 	-4.02209e-18 	0
0.165465 	0.780829 	-4.02319e-18 	0
0.166066 	0.781315 	-4.0243e-18 	0
0.166667 	0.781801 	-4.02541e-18 	0
0.167267 	0.782285 	-4.02654e-18 	0
0.167868 	0.782767 	-4.02768e-18 	0
0.168468 	0.783248 	-4.02883e-18 	0
0.169069 	0.783729 	-4.02998e-18 	0
0.16967 	0.784205 	-4.03115e-18 	0
0.17027 	0.784682 	-4.03232e-18 	0
0.170871 	0.785159 	-4.0335e-18 	0
0.171471 	0.785632 	-4.0347e-18 	0
0.172072 	0.786104 	-4.0359e-18 	0
0.172673 	0.786576 	-4.0371e-18 	0
0.173273 	0.787046 	-4.03832e-18 	0
0.173874 	0.787513 	-4.03956e-18 	0
0.174474 	0.787981 	-4.0408e-18 	0
0.175075 	0.788448 	-4.04205e-18 	0
0.175676 	0.788911 	-4.04332e-18 	0
0.176276 	0.789375 	-4.04459e-18 	0
0.176877 	0.789838 	-4.04586e-18 	0
0.177477 	0.790298 	-4.04716e-18 	0
0.178078 	0.790757 	-4.04846e-18 	0
0.178679 	0.791216 	-4.04977e-18 	0
0.179279 	0.791672 	-4.0511e-18 	0
0.17988 	0.792127 	-4.05244e-18 	0
0.18048 	0.792582 	-4.05379e-18 	0
0.181081 	0.793036 	-4.05514e-18 	0
0.181682 	0.793487 	-4.05652e-18 	0
0.182282 	0.793937 	-4.05791e-18 	0
0.182883 	0.794388 	-4.0593e-18 	0
0.183483 	0.794835 	-4.06072e-18 	0
0.184084 	0.795282 	-4.06215e-18 	0
0.184685 	0.795729 	-4.06358e-18 	0
0.185285 	0.796173 	-4.06503e-18 	0
0.185886 	0.796615 	-4.06651e-18 	0
0.186486 	0.797058 	-4.06799e-18 	0
0.187087 	0.7975 	-4.06947e-18 	0
0.187688 	0.797938 	-4.071e-18 	0
0.188288 	0.798377 	-4.07252e-18 	0
0.188889 	0.798816 	-4.07405e-18 	0
0.189489 	0.799252 	-4.07562e-18 	0
0.19009 	0.799687 	-4.07721e-18 	0
0.190691 	0.800122 	-4.07879e-18 	0
0.191291 	0.800555 	-4.08041e-18 	0
0.191892 	0.800986 	-4.08205e-18 	0
0.192492 	0.801417 	-4.08369e-18 	0
0.193093 	0.801847 	-4.08535e-18 	0
0.193694 	0.802275 	-4.08706e-18 	0
0.194294 	0.802703 	-4.08877e-18 	0
0.194895 	0.80313 	-4.09048e-18 	0
0.195495 	0.803555 	-4.09225e-18 	0
0.196096 	0.803979 	-4.09404e-18 	0
0.196697 	0.804403 	-4.09583e-18 	0
0.197297 	0.804825 	-4.09765e-18 	0
0.197898 	0.805245 	-4.09952e-18 	0
0.198498 	0.805665 	-4.10139e-18 	0
0.199099 	0.806085 	-4.10327e-18 	0
0.1997 	0.806502 	-4.10523e-18 	0
0.2003 	0.806919 	-4.10718e-18 	0
0.200901 	0.807336 	-4.10914e-18 	0
0.201502 	0.80775 	-4.11118e-18 	0
0.202102 	0.808164 	-4.11323e-18 	0
0.202703 	0.808577 	-4.11529e-18 	0
0.203303 	0.808989 	-4.1174e-18 	0
0.203904 	0.809399 	-4.11957e-18 	0
0.204505 	0.80981 	-4.12173e-18 	0
0.205105 	0.810219 	-4.12392e-18 	0
0.205706 	0.810626 	-4.1262e-18 	0
0.206306 	0.811032 	-4.12848e-18 	0
0.206907 	0.811439 	-4.13077e-18 	0
0.207508 	0.811843 	-4.13316e-18 	0
0.208108 	0.812247 	-4.13558e-18 	0
0.208709 	0.812651 	-4.138e-18 	0
0.209309 	0.813053 	-4.14049e-18 	0
0.20991 	0.813453 	-4.14305e-18 	0
0.210511 	0.813854 	-4.14561e-18 	0
0.211111 	0.814254 	-4.1482e-18 	0
0.211712 	0.814651 	-4.15093e-18 	0
0.212312 	0.815049 	-4.15365e-18 	0
0.212913 	0.815446 	-4.15638e-18 	0
0.213514 	0.815841 	-4.15925e-18 	0
0.214114 	0.816235 	-4.16215e-18 	0
0.214715 	0.81663 	-4.16504e-18 	0
0.215315 	0.817022 	-4.16804e-18 	0
0.215916 	0.817414 	-4.17113e-18 	0
0.216517 	0.817805 	-4.17421e-18 	0
0.217117 	0.818196 	-4.17734e-18 	0
0.217718 	0.818584 	-4.18064e-18 	0
0.218318 	0.818972 	-4.18394e-18 	0
0.218919 	0.819361 	-4.18723e-18 	0
0.21952 	0.819746 	-4.19059e-18 	0
0.22012 	0.820132 	-4.19395e-18 	0
0.220721 	0.820517 	-4.19732e-18 	0
0.221321 	0.820901 	-4.2008e-18 	0
0.221922 	0.821283 	-4.20439e-18 	0
0.222523 	0.821666 	-4.20798e-18 	0
0.223123 	0.822048 	-4.21162e-18 	0
0.223724 	0.822428 	-4.21544e-18 	0
0.224324 	0.822808 	-4.21926e-18 	0
0.224925 	0.823188 	-4.22307e-18 	0
0.225526 	0.823565 	-4.22709e-18 	0
0.226126 	0.823942 	-4.23113e-18 	0
0.226727 	0.824319 	-4.23518e-18 	0
0.227327 	0.824694 	-4.23936e-18 	0
0.227928 	0.825068 	-4.24365e-18 	0
0.228529 	0.825442 	-4.24795e-18 	0
0.229129 	0.825816 	-4.25227e-18 	0
0.22973 	0.826187 	-4.25668e-18 	0
0.23033 	0.826559 	-4.2611e-18 	0
0.230931 	0.82693 	-4.26551e-18 	0
0.231532 	0.8273 	-4.27004e-18 	0
0.232132 	0.827669 	-4.27458e-18 	0
0.232733 	0.828038 	-4.27912e-18 	0
0.233333 	0.828405 	-4.28373e-18 	0
0.233934 	0.828771 	-4.28838e-18 	0
0.234535 	0.829137 	-4.29304e-18 	0
0.235135 	0.829503 	-4.29775e-18 	0
0.235736 	0.829866 	-4.30266e-18 	0
0.236336 	0.83023 	-4.30757e-18 	0
0.236937 	0.830594 	-4.31247e-18 	0
0.237538 	0.830955 	-4.31759e-18 	0
0.238138 	0.831317 	-4.32273e-18 	0
0.238739 	0.831678 	-4.32787e-18 	0
0.239339 	0.832038 	-4.33306e-18 	0
0.23994 	0.832396 	-4.33827e-18 	0
0.240541 	0.832755 	-4.34348e-18 	0
0.241141 	0.833113 	-4.34871e-18 	0
0.241742 	0.833469 	-4.35396e-18 	0
0.242342 	0.833825 	-4.35922e-18 	0
0.242943 	0.834181 	-4.36448e-18 	0
0.243544 	0.834535 	-4.36988e-18 	0
0.244144 	0.834889 	-4.37529e-18 	0
0.244745 	0.835243 	-4.3807e-18 	0
0.245345 	0.835595 	-4.38617e-18 	0
0.245946 	0.835946 	-4.39168e-18 	0
0.246547 	0.836298 	-4.3972e-18 	0
0.247147 	0.836649 	-4.40272e-18 	0
0.247748 	0.836998 	-4.40828e-18 	0
0.248348 	0.837347 	-4.41384e-18 	0
0.248949 	0.837696 	-4.4194e-18 	0
0.24955 	0.838043 	-4.42493e-18 	0
0.25015 	0.83839 	-4.43047e-18 	0
0.250751 	0.838736 	-4.436e-18 	0
0.251351 	0.839082 	-4.44147e-18 	0
0.251952 	0.839426 	-4.4469e-18 	0
0.252553 	0.83977 	-4.45233e-18 	0
0.253153 	0.840114 	-4.4577e-18 	0
0.253754 	0.840456 	-4.46294e-18 	0
0.254354 	0.840798 	-4.46817e-18 	0
0.254955 	0.84114 	-4.4734e-18 	0
0.255556 	0.84148 	-4.47835e-18 	0
0.256156 	0.84182 	-4.48328e-18 	0
0.256757 	0.84216 	-4.48821e-18 	0
0.257357 	0.842499 	-4.49298e-18 	0
0.257958 	0.842837 	-4.49762e-18 	0
0.258559 	0.843175 	-4.50227e-18 	0
0.259159 	0.843512 	-4.50682e-18 	0
0.25976 	0.843847 	-4.51107e-18 	0
0.26036 	0.844183 	-4.51531e-18 	0
0.260961 	0.844518 	-4.51956e-18 	0
0.261562 	0.844852 	-4.52332e-18 	0
0.262162 	0.845185 	-4.52705e-18 	0
0.262763 	0.845518 	-4.53077e-18 	0
0.263363 	0.84585 	-4.5342e-18 	0
0.263964 	0.846182 	-4.53744e-18 	0
0.264565 	0.846513 	-4.54068e-18 	0
0.265165 	0.846844 	-4.54379e-18 	0
0.265766 	0.847173 	-4.54655e-18 	0
0.266366 	0.847502 	-4.54932e-18 	0
0.266967 	0.847831 	-4.55208e-18 	0
0.267568 	0.848158 	-4.55445e-18 	0
0.268168 	0.848486 	-4.5568e-18 	0
0.268769 	0.848813 	-4.55915e-18 	0
0.269369 	0.849139 	-4.56135e-18 	0
0.26997 	0.849464 	-4.56346e-18 	0
0.270571 	0.849789 	-4.56556e-18 	0
0.271171 	0.850113 	-4.56766e-18 	0
0.271772 	0.850436 	-4.56975e-18 	0
0.272372 	0.850759 	-4.57183e-18 	0
0.272973 	0.851082 	-4.57392e-18 	0
0.273574 	0.851404 	-4.57628e-18 	0
0.274174 	0.851725 	-4.57867e-18 	0
0.274775 	0.852046 	-4.58105e-18 	0
0.275375 	0.852366 	-4.58435e-18 	0
0.275976 	0.852685 	-4.5882e-18 	0
0.276577 	0.853004 	-4.59205e-18 	0
0.277177 	0.853323 	-4.59389e-18 	0
0.277778 	0.85364 	-4.59096e-18 	0
0.278378 	0.853957 	-4.58802e-18 	0
0.278979 	0.854274 	-4.58508e-18 	0
0.27958 	0.854589 	-4.55799e-18 	0
0.28018 	0.854905 	-4.53001e-18 	0
0.280781 	0.85522 	-4.50204e-18 	0
0.281381 	0.855534 	-4.47589e-18 	0
0.281982 	0.855848 	-4.45079e-18 	0
0.282583 	0.856161 	-4.42569e-18 	0
0.283183 	0.856474 	-4.41001e-18 	0
0.283784 	0.856785 	-4.41579e-18 	0
0.284384 	0.857097 	-4.42156e-18 	0
0.284985 	0.857408 	-4.42734e-18 	0
0.285586 	0.857718 	-4.44204e-18 	0
0.286186 	0.858028 	-4.45697e-18 	0
0.286787 	0.858338 	-4.47191e-18 	0
0.287387 	0.858647 	-4.48518e-18 	0
0.287988 	0.858954 	-4.49754e-18 	0
0.288589 	0.859262 	-4.5099e-18 	0
0.289189 	0.859569 	-4.5219e-18 	0
0.28979 	0.859875 	-4.53314e-18 	0
0.29039 	0.860181 	-4.54437e-18 	0
0.290991 	0.860487 	-4.55561e-18 	0
0.291592 	0.860792 	-4.56606e-18 	0
0.292192 	0.861096 	-4.57651e-18 	0
0.292793 	0.861401 	-4.58695e-18 	0
0.293393 	0.861704 	-4.59702e-18 	0
0.293994 	0.862006 	-4.6069e-18 	0
0.294595 	0.862309 	-4.61678e-18 	0
0.295195 	0.862611 	-4.62654e-18 	0
0.295796 	0.862912 	-4.63603e-18 	0
0.296396 	0.863213 	-4.64552e-18 	0
0.296997 	0.863513 	-4.65501e-18 	0
0.297598 	0.863813 	-4.6642e-18 	0
0.298198 	0.864112 	-4.67339e-18 	0
0.298799 	0.864411 	-4.68257e-18 	0
0.299399 	0.864709 	-4.69157e-18 	0
0.3 	0.865006 	-4.70047e-18 	0
0.300601 	0.865303 	-4.70937e-18 	0
0.301201 	0.8656 	-4.71817e-18 	0
0.301802 	0.865896 	-4.72678e-18 	0
0.302402 	0.866192 	-4.73538e-18 	0
0.303003 	0.866487 	-4.74398e-18 	0
0.303604 	0.866781 	-4.75218e-18 	0
0.304204 	0.867075 	-4.76038e-18 	0
0.304805 	0.867369 	-4.76858e-18 	0
0.305405 	0.867662 	-4.77649e-18 	0
0.306006 	0.867955 	-4.78425e-18 	0
0.306607 	0.868247 	-4.79202e-18 	0
0.307207 	0.868539 	-4.79961e-18 	0
0.307808 	0.86883 	-4.8069e-18 	0
0.308408 	0.869121 	-4.81418e-18 	0
0.309009 	0.869411 	-4.82146e-18 	0
0.30961 	0.869701 	-4.82818e-18 	0
0.31021 	0.86999 	-4.8349e-18 	0
0.310811 	0.870279 	-4.84161e-18 	0
0.311411 	0.870567 	-4.84789e-18 	0
0.312012 	0.870855 	-4.85397e-18 	0
0.312613 	0.871142 	-4.86004e-18 	0
0.313213 	0.871429 	-4.86589e-18 	0
0.313814 	0.871715 	-4.87133e-18 	0
0.314414 	0.872001 	-4.87676e-18 	0
0.315015 	0.872287 	-4.88218e-18 	0
0.315616 	0.872572 	-4.88692e-18 	0
0.316216 	0.872856 	-4.89166e-18 	0
0.316817 	0.873141 	-4.8964e-18 	0
0.317417 	0.873425 	-4.90064e-18 	0
0.318018 	0.873707 	-4.90466e-18 	0
0.318619 	0.87399 	-4.90868e-18 	0
0.319219 	0.874273 	-4.91242e-18 	0
0.31982 	0.874554 	-4.91569e-18 	0
0.32042 	0.874835 	-4.91896e-18 	0
0.321021 	0.875117 	-4.92221e-18 	0
0.321622 	0.875397 	-4.92472e-18 	0
0.322222 	0.875677 	-4.92723e-18 	0
0.322823 	0.875956 	-4.92975e-18 	0
0.323423 	0.876235 	-4.93173e-18 	0
0.324024 	0.876514 	-4.93349e-18 	0
0.324625 	0.876792 	-4.93525e-18 	0
0.325225 	0.87707 	-4.93673e-18 	0
0.325826 	0.877347 	-4.93775e-18 	0
0.326426 	0.877624 	-4.93877e-18 	0
0.327027 	0.877901 	-4.93975e-18 	0
0.327628 	0.878177 	-4.94006e-18 	0
0.328228 	0.878452 	-4.94036e-18 	0
0.328829 	0.878728 	-4.94066e-18 	0
0.329429 	0.879002 	-4.94048e-18 	0
0.33003 	0.879276 	-4.94011e-18 	0
0.330631 	0.87955 	-4.93973e-18 	0
0.331231 	0.879824 	-4.93908e-18 	0
0.331832 	0.880097 	-4.93799e-18 	0
0.332432 	0.880369 	-4.9369e-18 	0
0.333033 	0.880642 	-4.93577e-18 	0
0.333634 	0.880913 	-4.93401e-18 	0
0.334234 	0.881184 	-4.93225e-18 	0
0.334835 	0.881455 	-4.93049e-18 	0
0.335435 	0.881726 	-4.92817e-18 	0
0.336036 	0.881996 	-4.92564e-18 	0
0.336637 	0.882266 	-4.9231e-18 	0
0.337237 	0.882535 	-4.9213e-18 	0
0.337838 	0.882804 	-4.92063e-18 	0
0.338438 	0.883072 	-4.91995e-18 	0
0.339039 	0.88334 	-4.92035e-18 	0
0.33964 	0.883607 	-4.93613e-18 	0
0.34024 	0.883874 	-4.95191e-18 	0
0.340841 	0.884141 	-4.9677e-18 	0
0.341441 	0.884407 	-4.99483e-18 	0
0.342042 	0.884673 	-5.02605e-18 	0
0.342643 	0.884939 	-5.05727e-18 	0
0.343243 	0.885204 	-5.0883e-18 	0
0.343844 	0.885468 	-5.11905e-18 	0
0.344444 	0.885733 	-5.14981e-18 	0
0.345045 	0.885997 	-5.17932e-18 	0
0.345646 	0.88626 	-5.19356e-18 	0
0.346246 	0.886523 	-5.20779e-18 	0
0.346847 	0.886786 	-5.22203e-18 	0
0.347447 	0.887048 	-5.22327e-18 	0
0.348048 	0.88731 	-5.22006e-18 	0
0.348649 	0.887572 	-5.21685e-18 	0
0.349249 	0.887833 	-5.21246e-18 	0
0.34985 	0.888093 	-5.20641e-18 	0
0.35045 	0.888354 	-5.20036e-18 	0
0.351051 	0.888614 	-5.19429e-18 	0
0.351652 	0.888873 	-5.18804e-18 	0
0.352252 	0.889132 	-5.1818e-18 	0
0.352853 	0.889392 	-5.17555e-18 	0
0.353453 	0.88965 	-5.16902e-18 	0
0.354054 	0.889908 	-5.1624e-18 	0
0.354655 	0.890166 	-5.15579e-18 	0
0.355255 	0.890423 	-5.14903e-18 	0
0.355856 	0.890679 	-5.14208e-18 	0
0.356456 	0.890936 	-5.13513e-18 	0
0.357057 	0.891192 	-5.12815e-18 	0
0.357658 	0.891448 	-5.1209e-18 	0
0.358258 	0.891703 	-5.11364e-18 	0
0.358859 	0.891959 	-5.10638e-18 	0
0.359459 	0.892213 	-5.09892e-18 	0
0.36006 	0.892467 	-5.09139e-18 	0
0.360661 	0.892721 	-5.08386e-18 	0
0.361261 	0.892975 	-5.07622e-18 	0
0.361862 	0.893228 	-5.06843e-18 	0
0.362462 	0.893481 	-5.06063e-18 	0
0.363063 	0.893733 	-5.05282e-18 	0
0.363664 	0.893985 	-5.04477e-18 	0
0.364264 	0.894237 	-5.03673e-18 	0
0.364865 	0.894488 	-5.02869e-18 	0
0.365465 	0.894739 	-5.02045e-18 	0
0.366066 	0.89499 	-5.01216e-18 	0
0.366667 	0.89524 	-5.00386e-18 	0
0.367267 	0.89549 	-4.99545e-18 	0
0.367868 	0.895739 	-4.98689e-18 	0
0.368468 	0.895988 	-4.97833e-18 	0
0.369069 	0.896238 	-4.96974e-18 	0
0.36967 	0.896486 	-4.96091e-18 	0
0.37027 	0.896734 	-4.95207e-18 	0
0.370871 	0.896983 	-4.94323e-18 	0
0.371471 	0.89723 	-4.93415e-18 	0
0.372072 	0.897477 	-4.925e-18 	0
0.372673 	0.897723 	-4.91585e-18 	0
0.373273 	0.89797 	-4.90654e-18 	0
0.373874 	0.898215 	-4.89703e-18 	0
0.374474 	0.898461 	-4.88753e-18 	0
0.375075 	0.898707 	-4.87797e-18 	0
0.375676 	0.898951 	-4.86806e-18 	0
0.376276 	0.899196 	-4.85815e-18 	0
0.376877 	0.899441 	-4.84823e-18 	0
0.377477 	0.899685 	-4.83794e-18 	0
0.378078 	0.899928 	-4.82754e-18 	0
0.378679 	0.900172 	-4.81715e-18 	0
0.379279 	0.900415 	-4.80652e-18 	0
0.37988 	0.900657 	-4.79561e-18 	0
0.38048 	0.900899 	-4.7847e-18 	0
0.381081 	0.901142 	-4.77371e-18 	0
0.381682 	0.901383 	-4.76219e-18 	0
0.382282 	0.901624 	-4.75066e-18 	0
0.382883 	0.901865 	-4.73914e-18 	0
0.383483 	0.902105 	-4.72707e-18 	0
0.384084 	0.902346 	-4.71486e-18 	0
0.384685 	0.902586 	-4.70266e-18 	0
0.385285 	0.902826 	-4.69006e-18 	0
0.385886 	0.903065 	-4.67704e-18 	0
0.386486 	0.903304 	-4.66402e-18 	0
0.387087 	0.903542 	-4.65086e-18 	0
0.387688 	0.90378 	-4.63693e-18 	0
0.388288 	0.904018 	-4.623e-18 	0
0.388889 	0.904256 	-4.60908e-18 	0
0.389489 	0.904493 	-4.59434e-18 	0
0.39009 	0.90473 	-4.57942e-18 	0
0.390691 	0.904967 	-4.5645e-18 	0
0.391291 	0.905203 	-4.54902e-18 	0
0.391892 	0.905439 	-4.53295e-18 	0
0.392492 	0.905675 	-4.51687e-18 	0
0.393093 	0.90591 	-4.5006e-18 	0
0.393694 	0.906145 	-4.48328e-18 	0
0.394294 	0.906379 	-4.46596e-18 	0
0.394895 	0.906614 	-4.44863e-18 	0
0.395495 	0.906848 	-4.43021e-18 	0
0.396096 	0.907082 	-4.41156e-18 	0
0.396697 	0.907316 	-4.3929e-18 	0
0.397297 	0.907549 	-4.37356e-18 	0
0.397898 	0.907781 	-4.35352e-18 	0
0.398498 	0.908014 	-4.33348e-18 	0
0.399099 	0.908246 	-4.31321e-18 	0
0.3997 	0.908478 	-4.29184e-18 	0
0.4003 	0.908709 	-4.27047e-18 	0
0.400901 	0.908941 	-4.2491e-18 	0
0.401502 	0.909172 	-4.2263e-18 	0
0.402102 	0.909402 	-4.20323e-18 	0
0.402703 	0.909633 	-4.18015e-18 	0
0.403303 	0.909863 	-4.15945e-18 	0
0.403904 	0.910093 	-4.14108e-18 	0
0.404505 	0.910322 	-4.12271e-18 	0
0.405105 	0.910552 	-4.11034e-18 	0
0.405706 	0.910781 	-4.12623e-18 	0
0.406306 	0.911009 	-4.14212e-18 	0
0.406907 	0.911238 	-4.15802e-18 	0
0.407508 	0.911465 	-4.17406e-18 	0
0.408108 	0.911693 	-4.19012e-18 	0
0.408709 	0.911921 	-4.20619e-18 	0
0.409309 	0.912148 	-4.20478e-18 	0
0.40991 	0.912374 	-4.18691e-18 	0
0.410511 	0.9126 	-4.16904e-18 	0
0.411111 	0.912827 	-4.15035e-18 	0
0.411712 	0.913052 	-4.12802e-18 	0
0.412312 	0.913278 	-4.10569e-18 	0
0.412913 	0.913503 	-4.08336e-18 	0
0.413514 	0.913728 	-4.06275e-18 	0
0.414114 	0.913953 	-4.04243e-18 	0
0.414715 	0.914177 	-4.02211e-18 	0
0.415315 	0.914401 	-4.00265e-18 	0
0.415916 	0.914625 	-3.98397e-18 	0
0.416517 	0.914849 	-3.96528e-18 	0
0.417117 	0.915072 	-3.94691e-18 	0
0.417718 	0.915295 	-3.92985e-18 	0
0.418318 	0.915518 	-3.91279e-18 	0
0.418919 	0.915741 	-3.89572e-18 	0
0.41952 	0.915963 	-3.88001e-18 	0
0.42012 	0.916184 	-3.86451e-18 	0
0.420721 	0.916406 	-3.84901e-18 	0
0.421321 	0.916627 	-3.83429e-18 	0
0.421922 	0.916848 	-3.82026e-18 	0
0.422523 	0.917069 	-3.80623e-18 	0
0.423123 	0.917289 	-3.79248e-18 	0
0.423724 	0.917509 	-3.77982e-18 	0
0.424324 	0.917729 	-3.76715e-18 	0
0.424925 	0.917949 	-3.75448e-18 	0
0.425526 	0.918169 	-3.74291e-18 	0
0.426126 	0.918387 	-3.73149e-18 	0
0.426727 	0.918606 	-3.72007e-18 	0
0.427327 	0.918825 	-3.70927e-18 	0
0.427928 	0.919043 	-3.69899e-18 	0
0.428529 	0.919261 	-3.6887e-18 	0
0.429129 	0.919479 	-3.67864e-18 	0
0.42973 	0.919696 	-3.66938e-18 	0
0.43033 	0.919913 	-3.66013e-18 	0
0.430931 	0.92013 	-3.65087e-18 	0
0.431532 	0.920346 	-3.64238e-18 	0
0.432132 	0.920563 	-3.63399e-18 	0
0.432733 	0.920779 	-3.6256e-18 	0
0.433333 	0.920994 	-3.61765e-18 	0
0.433934 	0.92121 	-3.61004e-18 	0
0.434535 	0.921425 	-3.60244e-18 	0
0.435135 	0.92164 	-3.59499e-18 	0
0.435736 	0.921855 	-3.58809e-18 	0
0.436336 	0.922069 	-3.58119e-18 	0
0.436937 	0.922283 	-3.57429e-18 	0
0.437538 	0.922497 	-3.56793e-18 	0
0.438138 	0.922711 	-3.56163e-18 	0
0.438739 	0.922924 	-3.55532e-18 	0
0.439339 	0.923137 	-3.54929e-18 	0
0.43994 	0.92335 	-3.54348e-18 	0
0.440541 	0.923562 	-3.53766e-18 	0
0.441141 	0.923775 	-3.53195e-18 	0
0.441742 	0.923986 	-3.52659e-18 	0
0.442342 	0.924198 	-3.52124e-18 	0
0.442943 	0.92441 	-3.51588e-18 	0
0.443544 	0.924621 	-3.51087e-18 	0
0.444144 	0.924832 	-3.5059e-18 	0
0.444745 	0.925042 	-3.50093e-18 	0
0.445345 	0.925253 	-3.49615e-18 	0
0.445946 	0.925463 	-3.4915e-18 	0
0.446547 	0.925673 	-3.48685e-18 	0
0.447147 	0.925883 	-3.48227e-18 	0
0.447748 	0.926092 	-3.47789e-18 	0
0.448348 	0.926301 	-3.47351e-18 	0
0.448949 	0.92651 	-3.46913e-18 	0
0.44955 	0.926719 	-3.46497e-18 	0
0.45015 	0.926927 	-3.46082e-18 	0
0.450751 	0.927136 	-3.45668e-18 	0
0.451351 	0.927343 	-3.45265e-18 	0
0.451952 	0.927551 	-3.44871e-18 	0
0.452553 	0.927758 	-3.44476e-18 	0
0.453153 	0.927966 	-3.44086e-18 	0
0.453754 	0.928173 	-3.43709e-18 	0
0.454354 	0.92838 	-3.43331e-18 	0
0.454955 	0.928586 	-3.42954e-18 	0
0.455556 	0.928792 	-3.42591e-18 	0
0.456156 	0.928998 	-3.42228e-18 	0
0.456757 	0.929204 	-3.41866e-18 	0
0.457357 	0.929409 	-3.4151e-18 	0
0.457958 	0.929614 	-3.4116e-18 	0
0.458559 	0.929819 	-3.4081e-18 	0
0.459159 	0.930024 	-3.40462e-18 	0
0.45976 	0.930228 	-3.40122e-18 	0
0.46036 	0.930433 	-3.39781e-18 	0
0.460961 	0.930637 	-3.39441e-18 	0
0.461562 	0.93084 	-3.39115e-18 	0
0.462162 	0.931043 	-3.38789e-18 	0
0.462763 	0.931247 	-3.38464e-18 	0
0.463363 	0.93145 	-3.38146e-18 	0
0.463964 	0.931652 	-3.37834e-18 	0
0.464565 	0.931855 	-3.37521e-18 	0
0.465165 	0.932057 	-3.37212e-18 	0
0.465766 	0.932259 	-3.36912e-18 	0
0.466366 	0.932461 	-3.36611e-18 	0
0.466967 	0.932663 	-3.36311e-18 	0
0.467568 	0.932864 	-3.3602e-18 	0
0.468168 	0.933065 	-3.35731e-18 	0
0.468769 	0.933266 	-3.35441e-18 	0
0.469369 	0.933466 	-3.35158e-18 	0
0.46997 	0.933666 	-3.34878e-18 	0
0.470571 	0.933867 	-3.34599e-18 	0
0.471171 	0.934067 	-3.34322e-18 	0
0.471772 	0.934266 	-3.34052e-18 	0
0.472372 	0.934466 	-3.33781e-18 	0
0.472973 	0.934665 	-3.33511e-18 	0
0.473574 	0.934864 	-3.33249e-18 	0
0.474174 	0.935062 	-3.32988e-18 	0
0.474775 	0.935261 	-3.32727e-18 	0
0.475375 	0.935459 	-3.32471e-18 	0
0.475976 	0.935657 	-3.32219e-18 	0
0.476577 	0.935854 	-3.31966e-18 	0
0.477177 	0.936052 	-3.31716e-18 	0
0.477778 	0.936249 	-3.31472e-18 	0
0.478378 	0.936446 	-3.31228e-18 	0
0.478979 	0.936643 	-3.30984e-18 	0
0.47958 	0.93684 	-3.30747e-18 	0
0.48018 	0.937036 	-3.30511e-18 	0
0.480781 	0.937232 	-3.30274e-18 	0
0.481381 	0.937428 	-3.30043e-18 	0
0.481982 	0.937624 	-3.29814e-18 	0
0.482583 	0.937819 	-3.29585e-18 	0
0.483183 	0.938014 	-3.29358e-18 	0
0.483784 	0.938209 	-3.29136e-18 	0
0.484384 	0.938404 	-3.28914e-18 	0
0.484985 	0.938599 	-3.28693e-18 	0
0.485586 	0.938793 	-3.28478e-18 	0
0.486186 	0.938987 	-3.28263e-18 	0
0.486787 	0.939181 	-3.28048e-18 	0
0.487387 	0.939375 	-3.27838e-18 	0
0.487988 	0.939568 	-3.27629e-18 	0
0.488589 	0.939761 	-3.27421e-18 	0
0.489189 	0.939954 	-3.27214e-18 	0
0.48979 	0.940146 	-3.27012e-18 	0
0.49039 	0.940339 	-3.26809e-18 	0
0.490991 	0.940531 	-3.26607e-18 	0
0.491592 	0.940723 	-3.2641e-18 	0
0.492192 	0.940915 	-3.26213e-18 	0
0.492793 	0.941107 	-3.26016e-18 	0
0.493393 	0.941298 	-3.25823e-18 	0
0.493994 	0.941489 	-3.25631e-18 	0
0.494595 	0.94168 	-3.25439e-18 	0
0.495195 	0.941871 	-3.25249e-18 	0
0.495796 	0.942061 	-3.25062e-18 	0
0.496396 	0.942252 	-3.24875e-18 	0
0.496997 	0.942442 	-3.24688e-18 	0
0.497598 	0.942632 	-3.24505e-18 	0
0.498198 	0.942821 	-3.24322e-18 	0
0.498799 	0.943011 	-3.24139e-18 	0
0.499399 	0.9432 	-3.23959e-18 	0
0.5 	0.943388 	-3.23781e-18 	0
