0.001002 	0.0499982 	-9.56493e-19 	0
0.00220441 	0.109493 	-1.9506e-18 	0
0.00340681 	0.166529 	-2.19437e-18 	0
0.00460922 	0.223566 	-2.43813e-18 	0
0.00581162 	0.280602 	-2.6819e-18 	0
0.00701403 	0.325213 	-2.80687e-18 	0
0.00821643 	0.367516 	-2.90978e-18 	0
0.00941884 	0.409819 	-3.01268e-18 	0
0.0106212 	0.444124 	-3.03139e-18 	0
0.0118236 	0.470946 	-2.97132e-18 	0
0.0130261 	0.497769 	-2.91126e-18 	0
0.0142285 	0.522922 	-2.85711e-18 	0
0.0154309 	0.540953 	-2.82818e-18 	0
0.0166333 	0.558984 	-2.79925e-18 	0
0.0178357 	0.577015 	-2.77031e-18 	0
0.0190381 	0.590768 	-2.75724e-18 	0
0.0202405 	0.603845 	-2.74668e-18 	0
0.0214429 	0.616921 	-2.73611e-18 	0
0.0226453 	0.628386 	-2.74353e-18 	0
0.0238477 	0.63846 	-2.76646e-18 	0
0.0250501 	0.648535 	-2.7894e-18 	0
0.0262525 	0.658205 	-2.80554e-18 	0
0.0274549 	0.666359 	-2.79612e-18 	0
0.0286573 	0.674512 	-2.78671e-18 	0
0.0298597 	0.682666 	-2.77729e-18 	0
0.0310621 	0.689658 	-2.58342e-18 	0
0.0322645 	0.696496 	-2.36519e-18 	0
0.0334669 	0.703334 	-2.14696e-18 	0
0.0346693 	0.709636 	-1.95574e-18 	0
0.0358717 	0.715511 	-1.78604e-18 	0
0.0370741 	0.721386 	-1.61633e-18 	0
0.0382766 	0.727092 	-1.49029e-18 	0
0.039479 	0.732234 	-1.51044e-18 	0
0.0406814 	0.737375 	-1.53058e-18 	0
0.0418838 	0.742516 	-1.55072e-18 	0
0.0430862 	0.747138 	-1.60561e-18 	0
0.0442886 	0.751704 	-1.66421e-18 	0
0.045491 	0.756271 	-1.72281e-18 	0
0.0466934 	0.760571 	-1.79711e-18 	0
0.0478958 	0.764675 	-1.88294e-18 	0
0.0490982 	0.768779 	-1.96876e-18 	0
0.0503006 	0.772788 	-2.05559e-18 	0
0.051503 	0.776514 	-2.14542e-18 	0
0.0527054 	0.780239 	-2.23525e-18 	0
0.0539078 	0.783964 	-2.32508e-18 	0
0.0551102 	0.787398 	-2.31458e-18 	0
0.0563126 	0.790807 	-2.29575e-18 	0
0.057515 	0.794216 	-2.27692e-18 	0
0.0587174 	0.797466 	-2.25655e-18 	0
0.0599198 	0.800608 	-2.23515e-18 	0
0.0611222 	0.80375 	-2.21375e-18 	0
0.0623246 	0.806831 	-2.20786e-18 	0
0.0635271 	0.809744 	-2.24389e-18 	0
0.0647295 	0.812657 	-2.27993e-18 	0
0.0659319 	0.81557 	-2.31596e-18 	0
0.0671343 	0.818296 	-2.32904e-18 	0
0.0683367 	0.821012 	-2.34075e-18 	0
0.0695391 	0.823727 	-2.35245e-18 	0
0.0707415 	0.826336 	-2.3632e-18 	0
0.0719439 	0.828879 	-2.37335e-18 	0
0.0731463 	0.831422 	-2.38349e-18 	0
0.0743487 	0.83392 	-2.39304e-18 	0
0.0755511 	0.836311 	-2.40111e-18 	0
0.0767535 	0.838701 	-2.40918e-18 	0
0.0779559 	0.841091 	-2.41725e-18 	0
0.0791583 	0.843352 	-2.42385e-18 	0
0.0803607 	0.845608 	-2.43039e-18 	0
0.0815631 	0.847863 	-2.43692e-18 	0
0.0827655 	0.850042 	-2.44276e-18 	0
0.0839679 	0.852178 	-2.44819e-18 	0
0.0851703 	0.854313 	-2.45361e-18 	0
0.0863727 	0.856414 	-2.4588e-18 	0
0.0875752 	0.858442 	-2.46345e-18 	0
0.0887776 	0.860469 	-2.4681e-18 	0
0.08998 	0.862496 	-2.47275e-18 	0
0.0911824 	0.864428 	-2.47686e-18 	0
0.0923848 	0.866358 	-2.48096e-18 	0
0.0935872 	0.868288 	-2.48506e-18 	0
0.0947896 	0.87016 	-2.48891e-18 	0
0.095992 	0.872002 	-2.49264e-18 	0
0.0971944 	0.873844 	-2.49636e-18 	0
0.0983968 	0.875659 	-2.49999e-18 	0
0.0995992 	0.87742 	-2.50344e-18 	0
0.100802 	0.879182 	-2.5069e-18 	0
0.102004 	0.880943 	-2.51035e-18 	0
0.103206 	0.882631 	-2.51362e-18 	0
0.104409 	0.884319 	-2.51689e-18 	0
0.105611 	0.886007 	-2.52015e-18 	0
0.106814 	0.88765 	-2.52332e-18 	0
0.108016 	0.889271 	-2.52644e-18 	0
0.109218 	0.890891 	-2.52956e-18 	0
0.110421 	0.892491 	-2.53264e-18 	0
0.111623 	0.89405 	-2.53564e-18 	0
0.112826 	0.895608 	-2.53865e-18 	0
0.114028 	0.897166 	-2.54165e-18 	0
0.11523 	0.898668 	-2.54455e-18 	0
0.116433 	0.90017 	-2.54744e-18 	0
0.117635 	0.901672 	-2.55034e-18 	0
0.118838 	0.903138 	-2.55317e-18 	0
0.12004 	0.904587 	-2.55597e-18 	0
0.121242 	0.906036 	-2.55877e-18 	0
0.122445 	0.907467 	-2.56153e-18 	0
0.123647 	0.908867 	-2.56423e-18 	0
0.12485 	0.910267 	-2.56693e-18 	0
0.126052 	0.911666 	-2.56962e-18 	0
0.127255 	0.913021 	-2.57222e-18 	0
0.128457 	0.914375 	-2.57482e-18 	0
0.129659 	0.91573 	-2.57742e-18 	0
0.130862 	0.917055 	-2.57995e-18 	0
0.132064 	0.918367 	-2.58245e-18 	0
0.133267 	0.919679 	-2.58495e-18 	0
0.134469 	0.920976 	-2.5874e-18 	0
0.135671 	0.92225 	-2.5898e-18 	0
0.136874 	0.923523 	-2.5922e-18 	0
0.138076 	0.924793 	-2.59458e-18 	0
0.139279 	0.926029 	-2.59687e-18 	0
0.140481 	0.927265 	-2.59916e-18 	0
0.141683 	0.928501 	-2.60145e-18 	0
0.142886 	0.929711 	-2.60366e-18 	0
0.144088 	0.930912 	-2.60585e-18 	0
0.145291 	0.932113 	-2.60803e-18 	0
0.146493 	0.933301 	-2.61017e-18 	0
0.147695 	0.93447 	-2.61225e-18 	0
0.148898 	0.935639 	-2.61433e-18 	0
0.1501 	0.936805 	-2.6164e-18 	0
0.151303 	0.937943 	-2.61838e-18 	0
0.152505 	0.939081 	-2.62036e-18 	0
0.153707 	0.940219 	-2.62234e-18 	0
0.15491 	0.941335 	-2.62424e-18 	0
0.156112 	0.942445 	-2.62612e-18 	0
0.157315 	0.943554 	-2.628e-18 	0
0.158517 	0.944651 	-2.62984e-18 	0
0.159719 	0.945733 	-2.63162e-18 	0
0.160922 	0.946816 	-2.6334e-18 	0
0.162124 	0.947895 	-2.63517e-18 	0
0.163327 	0.948951 	-2.63687e-18 	0
0.164529 	0.950008 	-2.63856e-18 	0
0.165731 	0.951064 	-2.64025e-18 	0
0.166934 	0.952102 	-2.64187e-18 	0
0.168136 	0.953134 	-2.64348e-18 	0
0.169339 	0.954166 	-2.64508e-18 	0
0.170541 	0.955188 	-2.64664e-18 	0
0.171743 	0.956198 	-2.64816e-18 	0
0.172946 	0.957207 	-2.64968e-18 	0
0.174148 	0.958214 	-2.65119e-18 	0
0.175351 	0.959201 	-2.65263e-18 	0
0.176553 	0.960189 	-2.65407e-18 	0
0.177756 	0.961176 	-2.65551e-18 	0
0.178958 	0.962147 	-2.65688e-18 	0
0.18016 	0.963114 	-2.65825e-18 	0
0.181363 	0.964081 	-2.65961e-18 	0
0.182565 	0.965039 	-2.66093e-18 	0
0.183768 	0.965986 	-2.66222e-18 	0
0.18497 	0.966934 	-2.66351e-18 	0
0.186172 	0.967878 	-2.66478e-18 	0
0.187375 	0.968807 	-2.666e-18 	0
0.188577 	0.969736 	-2.66722e-18 	0
0.18978 	0.970665 	-2.66844e-18 	0
0.190982 	0.971579 	-2.6696e-18 	0
0.192184 	0.97249 	-2.67075e-18 	0
0.193387 	0.973401 	-2.6719e-18 	0
0.194589 	0.974304 	-2.67302e-18 	0
0.195792 	0.975198 	-2.67411e-18 	0
0.196994 	0.976092 	-2.67519e-18 	0
0.198196 	0.976983 	-2.67627e-18 	0
0.199399 	0.977862 	-2.67729e-18 	0
0.200601 	0.97874 	-2.6783e-18 	0
0.201804 	0.979619 	-2.67932e-18 	0
0.203006 	0.980484 	-2.68029e-18 	0
0.204208 	0.981347 	-2.68126e-18 	0
0.205411 	0.982209 	-2.68222e-18 	0
0.206613 	0.983064 	-2.68315e-18 	0
0.207816 	0.983912 	-2.68405e-18 	0
0.209018 	0.98476 	-2.68495e-18 	0
0.21022 	0.985606 	-2.68583e-18 	0
0.211423 	0.98644 	-2.68668e-18 	0
0.212625 	0.987274 	-2.68752e-18 	0
0.213828 	0.988108 	-2.68836e-18 	0
0.21503 	0.988931 	-2.68915e-18 	0
0.216232 	0.989752 	-2.68993e-18 	0
0.217435 	0.990573 	-2.69071e-18 	0
0.218637 	0.991387 	-2.69146e-18 	0
0.21984 	0.992195 	-2.69218e-18 	0
0.221042 	0.993003 	-2.69291e-18 	0
0.222244 	0.993809 	-2.69362e-18 	0
0.223447 	0.994604 	-2.69428e-18 	0
0.224649 	0.9954 	-2.69494e-18 	0
0.225852 	0.996196 	-2.69561e-18 	0
0.227054 	0.996981 	-2.69622e-18 	0
0.228257 	0.997765 	-2.69682e-18 	0
0.229459 	0.998549 	-2.69743e-18 	0
0.230661 	0.999327 	-2.698e-18 	0
0.231864 	1.0001 	-2.69854e-18 	0
0.233066 	1.00087 	-2.69909e-18 	0
0.234269 	1.00164 	-2.69962e-18 	0
0.235471 	1.0024 	-2.70011e-18 	0
0.236673 	1.00317 	-2.70059e-18 	0
0.237876 	1.00393 	-2.70108e-18 	0
0.239078 	1.00468 	-2.70151e-18 	0
0.240281 	1.00544 	-2.70193e-18 	0
0.241483 	1.00619 	-2.70235e-18 	0
0.242685 	1.00693 	-2.70274e-18 	0
0.243888 	1.00767 	-2.7031e-18 	0
0.24509 	1.00841 	-2.70346e-18 	0
0.246293 	1.00915 	-2.7038e-18 	0
0.247495 	1.00988 	-2.7041e-18 	0
0.248697 	1.01062 	-2.70439e-18 	0
0.2499 	1.01135 	-2.70469e-18 	0
0.251102 	1.01207 	-2.70492e-18 	0
0.252305 	1.01279 	-2.70515e-18 	0
0.253507 	1.01351 	-2.70539e-18 	0
0.254709 	1.01423 	-2.70558e-18 	0
0.255912 	1.01495 	-2.70574e-18 	0
0.257114 	1.01566 	-2.7059e-18 	0
0.258317 	1.01638 	-2.70604e-18 	0
0.259519 	1.01708 	-2.70613e-18 	0
0.260721 	1.01779 	-2.70622e-18 	0
0.261924 	1.0185 	-2.70631e-18 	0
0.263126 	1.01919 	-2.70634e-18 	0
0.264329 	1.01989 	-2.70637e-18 	0
0.265531 	1.02059 	-2.70639e-18 	0
0.266733 	1.02128 	-2.70637e-18 	0
0.267936 	1.02197 	-2.70631e-18 	0
0.269138 	1.02266 	-2.70626e-18 	0
0.270341 	1.02334 	-2.70618e-18 	0
0.271543 	1.02403 	-2.70605e-18 	0
0.272745 	1.02471 	-2.70592e-18 	0
0.273948 	1.02539 	-2.7058e-18 	0
0.27515 	1.02606 	-2.70559e-18 	0
0.276353 	1.02674 	-2.70538e-18 	0
0.277555 	1.02741 	-2.70518e-18 	0
0.278758 	1.02808 	-2.70492e-18 	0
0.27996 	1.02875 	-2.70463e-18 	0
0.281162 	1.02942 	-2.70435e-18 	0
0.282365 	1.03008 	-2.70404e-18 	0
0.283567 	1.03074 	-2.70366e-18 	0
0.28477 	1.0314 	-2.70329e-18 	0
0.285972 	1.03205 	-2.70292e-18 	0
0.287174 	1.03271 	-2.70246e-18 	0
0.288377 	1.03337 	-2.70201e-18 	0
0.289579 	1.03402 	-2.70155e-18 	0
0.290782 	1.03467 	-2.70103e-18 	0
0.291984 	1.03532 	-2.70049e-18 	0
0.293186 	1.03596 	-2.69994e-18 	0
0.294389 	1.03661 	-2.69936e-18 	0
0.295591 	1.03725 	-2.69872e-18 	0
0.296794 	1.03789 	-2.69808e-18 	0
0.297996 	1.03853 	-2.69744e-18 	0
0.299198 	1.03916 	-2.69671e-18 	0
0.300401 	1.0398 	-2.69597e-18 	0
0.301603 	1.04043 	-2.69523e-18 	0
0.302806 	1.04106 	-2.69443e-18 	0
0.304008 	1.04169 	-2.6936e-18 	0
0.30521 	1.04232 	-2.69277e-18 	0
0.306413 	1.04294 	-2.6919e-18 	0
0.307615 	1.04357 	-2.69096e-18 	0
0.308818 	1.0442 	-2.69003e-18 	0
0.31002 	1.04482 	-2.68909e-18 	0
0.311222 	1.04544 	-2.68805e-18 	0
0.312425 	1.04605 	-2.68701e-18 	0
0.313627 	1.04667 	-2.68596e-18 	0
0.31483 	1.04728 	-2.68485e-18 	0
0.316032 	1.0479 	-2.68369e-18 	0
0.317234 	1.04851 	-2.68254e-18 	0
0.318437 	1.04912 	-2.68135e-18 	0
0.319639 	1.04973 	-2.68008e-18 	0
0.320842 	1.05034 	-2.67882e-18 	0
0.322044 	1.05094 	-2.67755e-18 	0
0.323246 	1.05154 	-2.67617e-18 	0
0.324449 	1.05214 	-2.67479e-18 	0
0.325651 	1.05275 	-2.67341e-18 	0
0.326854 	1.05334 	-2.67194e-18 	0
0.328056 	1.05394 	-2.67043e-18 	0
0.329259 	1.05453 	-2.66893e-18 	0
0.330461 	1.05513 	-2.66738e-18 	0
0.331663 	1.05572 	-2.66575e-18 	0
0.332866 	1.05631 	-2.66412e-18 	0
0.334068 	1.0569 	-2.66249e-18 	0
0.335271 	1.05749 	-2.66073e-18 	0
0.336473 	1.05808 	-2.65897e-18 	0
0.337675 	1.05867 	-2.65721e-18 	0
0.338878 	1.05926 	-2.65536e-18 	0
0.34008 	1.05984 	-2.65346e-18 	0
0.341283 	1.06042 	-2.65157e-18 	0
0.342485 	1.061 	-2.64962e-18 	0
0.343687 	1.06158 	-2.64759e-18 	0
0.34489 	1.06216 	-2.64556e-18 	0
0.346092 	1.06273 	-2.64352e-18 	0
0.347295 	1.06331 	-2.64135e-18 	0
0.348497 	1.06388 	-2.63918e-18 	0
0.349699 	1.06446 	-2.637e-18 	0
0.350902 	1.06503 	-2.63472e-18 	0
0.352104 	1.0656 	-2.6324e-18 	0
0.353307 	1.06617 	-2.63008e-18 	0
0.354509 	1.06674 	-2.62769e-18 	0
0.355711 	1.0673 	-2.62522e-18 	0
0.356914 	1.06787 	-2.62275e-18 	0
0.358116 	1.06843 	-2.62027e-18 	0
0.359319 	1.069 	-2.61764e-18 	0
0.360521 	1.06956 	-2.61501e-18 	0
0.361723 	1.07012 	-2.61238e-18 	0
0.362926 	1.07068 	-2.60963e-18 	0
0.364128 	1.07124 	-2.60685e-18 	0
0.365331 	1.0718 	-2.60406e-18 	0
0.366533 	1.07236 	-2.6012e-18 	0
0.367735 	1.07291 	-2.59825e-18 	0
0.368938 	1.07346 	-2.5953e-18 	0
0.37014 	1.07401 	-2.59233e-18 	0
0.371343 	1.07456 	-2.58921e-18 	0
0.372545 	1.07511 	-2.5861e-18 	0
0.373747 	1.07566 	-2.58298e-18 	0
0.37495 	1.07621 	-2.57973e-18 	0
0.376152 	1.07676 	-2.57645e-18 	0
0.377355 	1.07731 	-2.57316e-18 	0
0.378557 	1.07785 	-2.5698e-18 	0
0.37976 	1.07839 	-2.56634e-18 	0
0.380962 	1.07893 	-2.56288e-18 	0
0.382164 	1.07947 	-2.5594e-18 	0
0.383367 	1.08001 	-2.55578e-18 	0
0.384569 	1.08055 	-2.55215e-18 	0
0.385772 	1.08109 	-2.54852e-18 	0
0.386974 	1.08163 	-2.54475e-18 	0
0.388176 	1.08216 	-2.54095e-18 	0
0.389379 	1.0827 	-2.53715e-18 	0
0.390581 	1.08324 	-2.53327e-18 	0
0.391784 	1.08377 	-2.5293e-18 	0
0.392986 	1.0843 	-2.52532e-18 	0
0.394188 	1.08483 	-2.52132e-18 	0
0.395391 	1.08536 	-2.51718e-18 	0
0.396593 	1.08589 	-2.51304e-18 	0
0.397796 	1.08642 	-2.50889e-18 	0
0.398998 	1.08694 	-2.50461e-18 	0
0.4002 	1.08747 	-2.5003e-18 	0
0.401403 	1.08799 	-2.49599e-18 	0
0.402605 	1.08851 	-2.4916e-18 	0
0.403808 	1.08904 	-2.48713e-18 	0
0.40501 	1.08956 	-2.48265e-18 	0
0.406212 	1.09008 	-2.47815e-18 	0
0.407415 	1.0906 	-2.47353e-18 	0
0.408617 	1.09112 	-2.46891e-18 	0
0.40982 	1.09164 	-2.46428e-18 	0
0.411022 	1.09216 	-2.45954e-18 	0
0.412224 	1.09267 	-2.45476e-18 	0
0.413427 	1.09318 	-2.44999e-18 	0
0.414629 	1.0937 	-2.44516e-18 	0
0.415832 	1.09421 	-2.44026e-18 	0
0.417034 	1.09473 	-2.43536e-18 	0
0.418236 	1.09524 	-2.43043e-18 	0
0.419439 	1.09575 	-2.42542e-18 	0
0.420641 	1.09626 	-2.4204e-18 	0
0.421844 	1.09676 	-2.41538e-18 	0
0.423046 	1.09727 	-2.41028e-18 	0
0.424248 	1.09778 	-2.40516e-18 	0
0.425451 	1.09829 	-2.40005e-18 	0
0.426653 	1.09879 	-2.39489e-18 	0
0.427856 	1.09929 	-2.38969e-18 	0
0.429058 	1.0998 	-2.3845e-18 	0
0.430261 	1.1003 	-2.37929e-18 	0
0.431463 	1.1008 	-2.37405e-18 	0
0.432665 	1.1013 	-2.36881e-18 	0
0.433868 	1.1018 	-2.36357e-18 	0
0.43507 	1.10229 	-2.3583e-18 	0
0.436273 	1.10279 	-2.35303e-18 	0
0.437475 	1.10329 	-2.34776e-18 	0
0.438677 	1.10379 	-2.3425e-18 	0
0.43988 	1.10428 	-2.33724e-18 	0
0.441082 	1.10477 	-2.33198e-18 	0
0.442285 	1.10527 	-2.32672e-18 	0
0.443487 	1.10576 	-2.32151e-18 	0
0.444689 	1.10625 	-2.31629e-18 	0
0.445892 	1.10675 	-2.31107e-18 	0
0.447094 	1.10723 	-2.30593e-18 	0
0.448297 	1.10772 	-2.3008e-18 	0
0.449499 	1.10821 	-2.29567e-18 	0
0.450701 	1.10869 	-2.29061e-18 	0
0.451904 	1.10918 	-2.2856e-18 	0
0.453106 	1.10967 	-2.28059e-18 	0
0.454309 	1.11015 	-2.27563e-18 	0
0.455511 	1.11063 	-2.27079e-18 	0
0.456713 	1.11112 	-2.26596e-18 	0
0.457916 	1.1116 	-2.26112e-18 	0
0.459118 	1.11208 	-2.25648e-18 	0
0.460321 	1.11256 	-2.25186e-18 	0
0.461523 	1.11304 	-2.24724e-18 	0
0.462725 	1.11352 	-2.24278e-18 	0
0.463928 	1.11399 	-2.23843e-18 	0
0.46513 	1.11447 	-2.23408e-18 	0
0.466333 	1.11494 	-2.22981e-18 	0
0.467535 	1.11542 	-2.22578e-18 	0
0.468737 	1.11589 	-2.22175e-18 	0
0.46994 	1.11637 	-2.21771e-18 	0
0.471142 	1.11684 	-2.21403e-18 	0
0.472345 	1.11731 	-2.21036e-18 	0
0.473547 	1.11778 	-2.20669e-18 	0
0.474749 	1.11825 	-2.20329e-18 	0
0.475952 	1.11872 	-2.20004e-18 	0
0.477154 	1.11919 	-2.19679e-18 	0
0.478357 	1.11966 	-2.19369e-18 	0
0.479559 	1.12012 	-2.1909e-18 	0
0.480762 	1.12059 	-2.18812e-18 	0
0.481964 	1.12106 	-2.18534e-18 	0
0.483166 	1.12152 	-2.18307e-18 	0
0.484369 	1.12198 	-2.18082e-18 	0
0.485571 	1.12244 	-2.17856e-18 	0
0.486774 	1.12291 	-2.17668e-18 	0
0.487976 	1.12337 	-2.175e-18 	0
0.489178 	1.12383 	-2.17332e-18 	0
0.490381 	1.12428 	-2.17173e-18 	0
0.491583 	1.12474 	-2.17032e-18 	0
0.492786 	1.1252 	-2.16892e-18 	0
0.493988 	1.12566 	-2.16751e-18 	0
0.49519 	1.12611 	-2.16677e-18 	0
0.496393 	1.12656 	-2.16604e-18 	0
0.497595 	1.12702 	-2.16531e-18 	0
0.498798 	1.12747 	-2.16505e-18 	0
0.5 	1.12793 	-2.16503e-18 	0
