# y_plus_values_1, u_plus_values_1
0.253179, 0.252795
0.556995, 0.548330
0.860810, 0.805000
1.164630, 1.061669
1.468446, 1.318339
1.772261, 1.540095
2.076076, 1.754993
2.379891, 1.969891
2.683707, 2.162611
2.987522, 2.333524
3.291337, 2.504437
3.595153, 2.669580
3.898968, 2.807081
4.202783, 2.944582
4.506598, 3.082063
4.810414, 3.199845
5.114229, 3.313873
5.418044, 3.427900
5.721860, 3.533412
6.025675, 3.630704
6.329490, 3.727996
6.633305, 3.823094
6.937121, 3.907978
7.240936, 3.992881
7.544751, 4.077784
7.848567, 4.154645
8.152382, 4.230045
8.456197, 4.305464
8.760012, 4.377010
9.063828, 4.444921
9.367643, 4.512812
9.671458, 4.579616
9.975274, 4.641480
10.279109, 4.703325
10.582874, 4.765170
10.886740, 4.822747
11.190504, 4.879593
11.494370, 4.936419
11.798135, 4.991071
12.102001, 5.043709
12.405766, 5.096346
12.709631, 5.148292
13.013396, 5.197333
13.317262, 5.246374
13.621027, 5.295415
13.924893, 5.341808
14.228657, 5.387767
14.532523, 5.433706
14.836288, 5.478242
15.140154, 5.521494
15.443918, 5.564746
15.747784, 5.607543
16.051549, 5.648424
16.355415, 5.689305
16.659180, 5.730186
16.963045, 5.769249
17.266810, 5.808015
17.570676, 5.846782
17.874441, 5.884561
18.178307, 5.921450
18.482071, 5.958340
18.785937, 5.994893
19.089702, 6.030084
19.393568, 6.065274
19.697332, 6.100464
20.001198, 6.134331
20.304963, 6.167999
20.608829, 6.201648
20.912594, 6.234586
21.216459, 6.266852
21.520224, 6.299118
21.824090, 6.331147
22.127855, 6.362149
22.431721, 6.393130
22.735485, 6.424132
23.039351, 6.454125
23.343116, 6.483961
23.646982, 6.513797
23.950746, 6.543059
24.254612, 6.571828
24.558377, 6.600577
24.862243, 6.629148
25.166008, 6.656909
25.469873, 6.684690
25.773638, 6.712451
26.077504, 6.739421
26.381269, 6.766274
26.685135, 6.793126
26.988899, 6.819523
27.292765, 6.845526
27.596530, 6.871528
27.900396, 6.897353
28.204160, 6.922565
28.508026, 6.947757
28.811791, 6.972969
29.115657, 6.997530
29.419422, 7.021991
29.723287, 7.046452
30.027052, 7.070518
30.330918, 7.094288
30.634683, 7.118058
30.938549, 7.141669
31.242313, 7.164787
31.546179, 7.187905
31.849944, 7.211023
32.153810, 7.233587
32.457574, 7.256092
32.761440, 7.278578
33.065205, 7.300767
33.369071, 7.322699
33.672836, 7.344611
33.976701, 7.366425
34.280466, 7.387784
34.584332, 7.409163
34.888097, 7.430542
35.191963, 7.451447
35.495727, 7.472292
35.799593, 7.493157
36.103358, 7.513746
36.407224, 7.534117
36.710988, 7.554488
37.014854, 7.574741
37.318619, 7.594638
37.622485, 7.614555
37.926250, 7.634452
38.230115, 7.653954
38.533880, 7.673416
38.837746, 7.692878
39.141511, 7.712104
39.445377, 7.731151
39.749141, 7.750179
40.053007, 7.769127
40.356772, 7.787779
40.660638, 7.806412
40.964402, 7.825044
41.268268, 7.843361
41.572033, 7.861618
41.875899, 7.879875
42.179664, 7.897934
42.483529, 7.915816
42.787294, 7.933717
43.091160, 7.951540
43.394925, 7.969085
43.698791, 7.986631
44.002555, 8.004177
44.306421, 8.021426
44.610186, 8.038656
44.914052, 8.055866
45.217816, 8.072898
45.521682, 8.089791
45.825447, 8.106685
46.129313, 8.123520
46.433078, 8.140097
46.736943, 8.156694
47.040708, 8.173272
47.344574, 8.189593
47.648339, 8.205894
47.952205, 8.222195
48.255969, 8.238318
48.559835, 8.254342
48.863600, 8.270347
49.167466, 8.286292
49.471230, 8.302040
49.775096, 8.317787
50.078861, 8.333535
50.382727, 8.349046
50.686492, 8.364517
50.990357, 8.380007
51.294122, 8.395340
51.597988, 8.410574
51.901753, 8.425808
52.205619, 8.440983
52.509383, 8.455960
52.813249, 8.470937
53.117014, 8.485934
53.420880, 8.500713
53.724644, 8.515453
54.028510, 8.530213
54.332275, 8.544835
54.636141, 8.559377
54.939906, 8.573900
55.243771, 8.588363
55.547536, 8.602688
55.851402, 8.616993
56.155167, 8.631299
56.459033, 8.645426
56.762797, 8.659534
57.066663, 8.673622
57.370428, 8.687611
57.674294, 8.701521
57.978058, 8.715412
58.281924, 8.729262
58.585689, 8.742955
58.889555, 8.756668
59.193320, 8.770361
59.497185, 8.783876
59.800950, 8.797391
60.104816, 8.810906
60.408581, 8.824302
60.712447, 8.837639
61.016211, 8.850956
61.320077, 8.864234
61.623842, 8.877374
61.927708, 8.890533
62.231472, 8.903673
62.535338, 8.916674
62.839103, 8.929636
63.142969, 8.942617
63.446734, 8.955500
63.750599, 8.968303
64.054364, 8.981107
64.358230, 8.993851
64.661995, 9.006497
64.965861, 9.019143
65.269625, 9.031788
65.573491, 9.044276
65.877256, 9.056763
66.181122, 9.069251
66.484886, 9.081639
66.788752, 9.093969
67.092517, 9.106298
67.396383, 9.118588
67.700148, 9.130760
68.004013, 9.142931
68.307778, 9.155122
68.611644, 9.167155
68.915409, 9.179188
69.219275, 9.191221
69.523039, 9.203175
69.826905, 9.215050
70.130670, 9.226945
70.434536, 9.238800
70.738300, 9.250557
71.042166, 9.262313
71.345931, 9.274070
71.649797, 9.285688
71.953562, 9.297326
72.257427, 9.308944
72.561192, 9.320483
72.865058, 9.331963
73.168823, 9.343462
73.472689, 9.354902
73.776453, 9.366264
74.080319, 9.377625
74.384084, 9.388986
74.687950, 9.400229
74.991714, 9.411452
75.295580, 9.422695
75.599345, 9.433858
75.903211, 9.444982
76.206976, 9.456087
76.510841, 9.467172
76.814606, 9.478157
77.118472, 9.489163
77.422237, 9.500149
77.726103, 9.511036
78.029867, 9.521923
78.333733, 9.532810
78.637498, 9.543618
78.941364, 9.554386
79.245128, 9.565135
79.548994, 9.575864
79.852759, 9.586534
80.156625, 9.597184
80.460390, 9.607854
80.764255, 9.618405
81.068020, 9.628956
81.371886, 9.639507
81.675651, 9.649979
81.979517, 9.660432
82.283281, 9.670864
82.587147, 9.681277
82.890912, 9.691631
83.194778, 9.701964
83.498542, 9.712318
83.802408, 9.722553
84.106173, 9.732808
84.410039, 9.743043
84.713804, 9.753218
85.017669, 9.763355
85.321434, 9.773511
85.625300, 9.783607
85.929065, 9.793665
86.232931, 9.803702
86.536695, 9.813759
86.840561, 9.823698
87.144326, 9.833656
87.448192, 9.843615
87.751956, 9.853514
88.055822, 9.863373
88.359587, 9.873233
88.663453, 9.883053
88.967218, 9.892834
89.271083, 9.902594
89.574848, 9.912375
89.878714, 9.922057
90.182479, 9.931738
90.486345, 9.941420
90.790109, 9.951043
91.093975, 9.960626
91.397740, 9.970228
91.701606, 9.979792
92.005370, 9.989296
92.309236, 9.998819
92.613001, 10.008323
92.916867, 10.017748
93.220632, 10.027173
93.524497, 10.036598
93.828262, 10.045964
94.132128, 10.055309
94.435893, 10.064675
94.739759, 10.073981
95.043523, 10.083248
95.347389, 10.092515
95.651154, 10.101782
95.955020, 10.110970
96.258784, 10.120158
96.562650, 10.129345
96.866415, 10.138474
97.170281, 10.147563
97.474046, 10.156672
97.777911, 10.165761
98.081676, 10.174790
98.385542, 10.183820
98.689307, 10.192850
98.993173, 10.201820
99.296937, 10.210771
99.600803, 10.219741
99.904568, 10.228653
100.208434, 10.237524
100.512198, 10.246416
100.816064, 10.255268
101.119829, 10.264080
101.423594, 10.272892
101.727257, 10.281705
102.030921, 10.290458
102.335596, 10.299191
102.639260, 10.307944
102.942923, 10.316638
103.246587, 10.325312
103.550250, 10.333986
103.853913, 10.342641
104.157577, 10.351256
104.462253, 10.359851
104.765916, 10.368465
105.069580, 10.377001
105.373243, 10.385537
105.676906, 10.394073
105.980570, 10.402569
106.285246, 10.411045
106.588909, 10.419502
106.892572, 10.427959
107.196236, 10.436356
107.499899, 10.444774
107.803563, 10.453191
108.107226, 10.461529
108.411902, 10.469867
108.715565, 10.478225
109.019229, 10.486524
109.322892, 10.494803
109.626556, 10.503081
109.930219, 10.511360
110.233883, 10.519580
110.538558, 10.527800
110.842222, 10.536019
111.145885, 10.544180
111.449549, 10.552340
111.753212, 10.560500
112.056876, 10.568621
112.361551, 10.576722
112.665215, 10.584823
112.968878, 10.592885
113.272542, 10.600927
113.576205, 10.608968
113.879869, 10.617010
114.183532, 10.624993
114.488208, 10.632975
114.791871, 10.640958
115.095535, 10.648901
115.399198, 10.656824
115.702861, 10.664747
116.006525, 10.672651
116.310188, 10.680535
116.614864, 10.688418
116.918527, 10.696282
117.222191, 10.704107
117.525854, 10.711911
117.829518, 10.719716
118.133181, 10.727501
118.437857, 10.735266
118.741520, 10.743031
119.045184, 10.750757
119.348847, 10.758483
119.652511, 10.766189
119.956174, 10.773894
120.259838, 10.781541
120.564513, 10.789188
120.868177, 10.796854
121.171840, 10.804461
121.475504, 10.812068
121.779167, 10.819675
122.082831, 10.827263
122.386494, 10.834811
122.691170, 10.842358
122.994833, 10.849926
123.298497, 10.857415
123.602160, 10.864903
123.905824, 10.872411
124.209487, 10.879880
124.514163, 10.887329
124.817826, 10.894778
125.121490, 10.902227
125.425153, 10.909617
125.728817, 10.917027
126.032480, 10.924416
126.336143, 10.931767
126.640819, 10.939117
126.944483, 10.946467
127.248146, 10.953778
127.551809, 10.961089
127.855473, 10.968399
128.159136, 10.975690
128.462800, 10.982942
128.767475, 10.990193
129.071139, 10.997464
129.374802, 11.004676
129.678466, 11.011888
129.982129, 11.019100
130.285793, 11.026273
130.590468, 11.033445
130.894132, 11.040598
131.197795, 11.047750
131.501459, 11.054863
131.805122, 11.061977
132.108786, 11.069090
132.412449, 11.076163
132.717125, 11.083237
133.020788, 11.090311
133.324452, 11.097364
133.628115, 11.104379
133.931779, 11.111413
134.235442, 11.118427
134.539106, 11.125422
134.843781, 11.132397
135.147445, 11.139391
135.451108, 11.146326
135.754772, 11.153262
136.058435, 11.160197
136.362098, 11.167113
136.666774, 11.174008
136.970438, 11.180924
137.274101, 11.187800
137.577764, 11.194656
137.881428, 11.201513
138.185091, 11.208369
138.488755, 11.215186
138.793431, 11.222002
139.097094, 11.228819
139.400757, 11.235596
139.704421, 11.242374
140.008084, 11.249151
140.311748, 11.255908
140.615411, 11.262646
140.920087, 11.269384
141.223750, 11.276102
141.527414, 11.282800
141.831077, 11.289478
142.134741, 11.296177
142.438404, 11.302835
142.743080, 11.309494
143.046743, 11.316153
143.350407, 11.322792
143.654070, 11.329391
143.957734, 11.336010
144.261397, 11.342629
144.565061, 11.349189
144.869736, 11.355769
145.173400, 11.362349
145.477063, 11.368889
145.780727, 11.375429
146.084390, 11.381969
146.388054, 11.388489
146.691717, 11.394990
146.996393, 11.401491
147.300056, 11.407991
147.603720, 11.414452
147.907383, 11.420913
148.211046, 11.427355
148.514710, 11.433796
148.819386, 11.440218
149.123049, 11.446639
149.426712, 11.453041
149.730376, 11.459443
150.034039, 11.465825
150.337703, 11.472207
150.641366, 11.478550
150.946042, 11.484912
151.249705, 11.491254
151.553369, 11.497577
151.857032, 11.503900
152.160696, 11.510203
152.464359, 11.516506
152.768023, 11.522789
153.072698, 11.529053
153.376362, 11.535336
153.680025, 11.541580
153.983689, 11.547824
154.287352, 11.554048
154.591016, 11.560272
154.895691, 11.566476
155.199355, 11.572700
155.503018, 11.578884
155.806682, 11.585049
156.110345, 11.591233
156.414009, 11.597398
156.717672, 11.603543
157.022348, 11.609688
157.326011, 11.615813
157.629675, 11.621919
157.933338, 11.628024
158.237001, 11.634130
158.540665, 11.640215
158.844328, 11.646301
159.149004, 11.652367
159.452668, 11.658433
159.756331, 11.664479
160.059994, 11.670505
160.363658, 11.676532
160.667321, 11.682539
160.971997, 11.688545
161.275660, 11.694552
161.579324, 11.700558
161.882987, 11.706526
162.186651, 11.712493
162.490314, 11.718460
162.793978, 11.724407
163.098653, 11.730335
163.402317, 11.736282
163.705980, 11.742190
164.009644, 11.748098
164.313307, 11.754006
164.616971, 11.759894
164.920634, 11.765782
165.225310, 11.771650
165.528973, 11.777519
165.832637, 11.783367
166.136300, 11.789216
166.439964, 11.795045
166.743627, 11.800873
167.048303, 11.806683
167.351966, 11.812492
167.655630, 11.818281
167.959293, 11.824070
168.262957, 11.829860
168.566620, 11.835629
168.870283, 11.841379
169.174959, 11.847129
169.478623, 11.852878
169.782286, 11.858608
170.085949, 11.864319
170.389613, 11.870049
170.693276, 11.875759
170.996940, 11.881450
171.301615, 11.887120
171.605279, 11.892811
171.908942, 11.898482
172.212606, 11.904133
172.516269, 11.909803
172.819933, 11.915435
173.124608, 11.921066
173.428272, 11.926697
173.731935, 11.932308
174.035599, 11.937920
174.339262, 11.943512
174.642926, 11.949103
174.946589, 11.954675
175.251265, 11.960247
175.554928, 11.965839
175.858592, 11.971371
176.162255, 11.976924
176.465919, 11.982476
176.769582, 11.988008
177.073246, 11.993501
177.377921, 11.999014
177.681585, 12.004527
177.985248, 12.010019
178.288912, 12.015493
178.592575, 12.020986
178.896238, 12.026459
179.200914, 12.031912
179.504578, 12.037366
179.808241, 12.042819
180.111904, 12.048253
180.415568, 12.053666
180.719231, 12.059100
181.022895, 12.064494
181.327571, 12.069908
181.631234, 12.075302
181.934897, 12.080677
182.238561, 12.086051
182.542224, 12.091425
182.845888, 12.096800
183.149551, 12.102135
183.454227, 12.107489
183.757890, 12.112844
184.061554, 12.118159
184.365217, 12.123474
184.668881, 12.128789
184.972544, 12.134084
185.277220, 12.139380
185.580883, 12.144675
185.884547, 12.149951
186.188210, 12.155207
186.491874, 12.160482
186.795537, 12.165738
187.099201, 12.170994
187.403876, 12.176230
187.707540, 12.181466
188.011203, 12.186682
188.314867, 12.191898
188.618530, 12.197115
188.922194, 12.202311
189.225857, 12.207508
189.530533, 12.212704
189.834196, 12.217881
190.137860, 12.223038
190.441523, 12.228195
190.745186, 12.233352
191.048850, 12.238509
191.353526, 12.243647
191.657189, 12.248764
191.960852, 12.253901
192.264516, 12.259019
192.568179, 12.264117
192.871843, 12.269234
193.175506, 12.274312
193.480182, 12.279390
193.783845, 12.284468
194.087509, 12.289546
194.391172, 12.294604
194.694836, 12.299663
194.998499, 12.304701
195.302163, 12.309739
195.606838, 12.314778
195.910502, 12.319816
196.214165, 12.324815
196.517829, 12.329834
196.821492, 12.334833
197.125156, 12.339832
197.429831, 12.344811
197.733495, 12.349790
198.037158, 12.354770
198.340822, 12.359729
198.644485, 12.364688
198.948149, 12.369648
199.251812, 12.374588
199.556488, 12.379527
199.860151, 12.384447
200.163815, 12.389367
200.467478, 12.394287
200.771141, 12.399207
201.074805, 12.404107
201.378468, 12.408987
201.683144, 12.413888
201.986808, 12.418768
202.290471, 12.423629
202.594134, 12.428489
202.897798, 12.433350
203.201461, 12.438191
203.506137, 12.443032
203.809800, 12.447873
204.113464, 12.452714
204.417127, 12.457535
204.720791, 12.462356
205.024454, 12.467157
205.328118, 12.471959
205.632793, 12.476740
205.936457, 12.481541
206.240120, 12.486323
206.543784, 12.491085
206.847447, 12.495867
207.151111, 12.500628
207.454774, 12.505370
207.759450, 12.510113
208.063113, 12.514855
208.366777, 12.519577
208.670440, 12.524319
208.974104, 12.529041
209.277767, 12.533744
209.582443, 12.538447
209.886106, 12.543149
210.189770, 12.547832
210.493433, 12.552515
210.797097, 12.557198
211.100760, 12.561880
211.404423, 12.566524
211.709099, 12.571187
212.012763, 12.575830
212.316426, 12.580473
212.620089, 12.585117
212.923753, 12.589760
213.227416, 12.594384
213.531080, 12.598987
213.835755, 12.603611
214.139419, 12.608215
214.443082, 12.612799
214.746746, 12.617402
215.050409, 12.621986
215.354073, 12.626551
215.658748, 12.631135
215.962412, 12.635699
216.266075, 12.640243
216.569739, 12.644808
216.873402, 12.649352
217.177066, 12.653897
217.480729, 12.658422
217.785405, 12.662946
218.089068, 12.667471
218.392732, 12.671976
218.696395, 12.676481
219.000059, 12.680966
219.303722, 12.685471
219.607386, 12.689956
219.912061, 12.694442
220.215725, 12.698907
220.519388, 12.703373
220.823052, 12.707838
221.126715, 12.712304
221.430378, 12.716749
221.735054, 12.721195
222.038718, 12.725621
222.342381, 12.730047
222.646045, 12.734473
222.949708, 12.738879
223.253371, 12.743305
223.557035, 12.747691
223.861711, 12.752098
224.165374, 12.756504
224.469037, 12.760890
224.772701, 12.765257
225.076364, 12.769643
225.380028, 12.774010
225.683691, 12.778357
225.988367, 12.782724
226.292030, 12.787071
226.595694, 12.791417
226.899357, 12.795745
227.203021, 12.800072
227.506684, 12.804399
227.811360, 12.808726
228.115023, 12.813033
228.418687, 12.817341
228.722350, 12.821629
229.026014, 12.825936
229.329677, 12.830224
229.633341, 12.834491
229.938016, 12.838759
230.241680, 12.843047
230.545343, 12.847295
230.849007, 12.851563
231.152670, 12.855811
231.456334, 12.860059
231.759997, 12.864307
232.064673, 12.868536
232.368336, 12.872764
232.672000, 12.876973
232.975663, 12.881201
233.279326, 12.885410
233.582990, 12.889618
233.887666, 12.893807
234.191329, 12.897996
234.494992, 12.902185
234.798656, 12.906354
235.102319, 12.910523
235.405983, 12.914692
235.709646, 12.918861
236.014322, 12.923010
236.317985, 12.927180
236.621649, 12.931309
236.925312, 12.935458
237.228976, 12.939588
237.532639, 12.943718
237.836303, 12.947827
238.140978, 12.951957
238.444642, 12.956067
238.748305, 12.960177
239.051969, 12.964267
239.355632, 12.968376
239.659296, 12.972467
239.963971, 12.976537
240.267635, 12.980627
240.571298, 12.984677
240.874962, 12.988748
241.178625, 12.992798
241.482289, 12.996849
241.785952, 13.000899
242.090628, 13.004950
242.394291, 13.008981
242.697955, 13.013011
243.001618, 13.017022
243.305281, 13.021053
243.608945, 13.025064
243.912608, 13.029075
244.217284, 13.033067
244.520948, 13.037078
244.824611, 13.041069
245.128274, 13.045060
245.431938, 13.049051
245.735601, 13.053023
246.040277, 13.056975
246.343940, 13.060946
246.647604, 13.064898
246.951267, 13.068850
247.254931, 13.072782
247.558594, 13.076733
247.862258, 13.080665
248.166933, 13.084597
248.470597, 13.088529
248.774260, 13.092441
249.077924, 13.096354
249.381587, 13.100266
249.685251, 13.104178
249.988914, 13.108071
250.293590, 13.111963
250.597253, 13.115856
250.900917, 13.119728
251.204580, 13.123601
251.508244, 13.127474
251.811907, 13.131346
252.116583, 13.135199
252.420246, 13.139052
252.723910, 13.142905
253.027573, 13.146738
253.331237, 13.150591
253.634900, 13.154425
253.938563, 13.158238
254.243239, 13.162071
254.546903, 13.165885
254.850566, 13.169698
255.154229, 13.173511
255.457893, 13.177325
255.761556, 13.181119
256.065220, 13.184893
256.369895, 13.188666
256.673559, 13.192460
256.977222, 13.196234
257.280886, 13.200008
257.584549, 13.203782
257.888213, 13.207536
258.192888, 13.211290
258.496552, 13.215044
258.800215, 13.218779
259.103879, 13.222513
259.407542, 13.226248
259.711206, 13.229982
260.014869, 13.233697
260.319545, 13.237411
260.623208, 13.241126
260.926872, 13.244821
261.230535, 13.248535
261.534199, 13.252230
261.837862, 13.255925
262.141526, 13.259620
262.446201, 13.263295
262.749865, 13.266970
263.053528, 13.270645
263.357192, 13.274301
263.660855, 13.277976
263.964518, 13.281611
264.269194, 13.285267
264.572858, 13.288922
264.876521, 13.292558
265.180185, 13.296193
265.483848, 13.299829
265.787511, 13.303465
266.091175, 13.307080
266.395851, 13.310696
266.699514, 13.314312
267.003177, 13.317908
267.306841, 13.321504
267.610504, 13.325100
267.914168, 13.328696
268.217831, 13.332273
268.522507, 13.335869
268.826170, 13.339445
269.129834, 13.343002
269.433497, 13.346578
269.737161, 13.350135
270.040824, 13.353691
270.345500, 13.357248
270.649163, 13.360785
270.952827, 13.364341
271.256490, 13.367858
271.560154, 13.371395
271.863817, 13.374932
272.167481, 13.378449
272.472156, 13.381966
272.775820, 13.385483
273.079483, 13.388980
273.383147, 13.392497
273.686810, 13.395995
273.990474, 13.399492
274.294137, 13.402969
274.598813, 13.406447
274.902476, 13.409925
275.206140, 13.413402
275.509803, 13.416860
275.813466, 13.420337
276.117130, 13.423795
276.421806, 13.427253
276.725469, 13.430711
277.029132, 13.434149
277.332796, 13.437587
277.636459, 13.441025
277.940123, 13.444443
278.243786, 13.447881
278.548462, 13.451299
278.852125, 13.454718
279.155789, 13.458116
279.459452, 13.461534
279.763116, 13.464933
280.066779, 13.468331
280.370443, 13.471710
280.675118, 13.475109
280.978782, 13.478507
281.282445, 13.481866
281.586109, 13.485245
281.889772, 13.488623
282.193436, 13.491982
282.498111, 13.495341
282.801775, 13.498700
283.105438, 13.502059
283.409102, 13.505399
283.712765, 13.508738
284.016429, 13.512077
284.320092, 13.515397
284.624768, 13.518736
284.928431, 13.522075
285.232095, 13.525375
285.535758, 13.528694
285.839422, 13.531994
286.143085, 13.535294
286.446748, 13.538593
286.751424, 13.541893
287.055088, 13.545193
287.358751, 13.548473
287.662414, 13.551753
287.966078, 13.555052
288.269741, 13.558312
288.574417, 13.561573
288.878080, 13.564853
289.181744, 13.568113
289.485407, 13.571353
289.789071, 13.574613
290.092734, 13.577854
290.396398, 13.581094
290.701073, 13.584335
291.004737, 13.587575
291.308400, 13.590796
291.612064, 13.594016
291.915727, 13.597237
292.219391, 13.600458
292.523054, 13.603678
292.827730, 13.606879
293.131393, 13.610080
293.435057, 13.613261
293.738720, 13.616462
294.042384, 13.619644
294.346047, 13.622825
294.650723, 13.626006
294.954386, 13.629187
295.258050, 13.632368
295.561713, 13.635530
295.865377, 13.638691
296.169040, 13.641852
296.472703, 13.645014
296.777379, 13.648155
297.081043, 13.651297
297.384706, 13.654439
297.688369, 13.657561
297.992033, 13.660702
298.295696, 13.663824
298.599360, 13.666946
298.904036, 13.670068
299.207699, 13.673190
299.511362, 13.676292
299.815026, 13.679394
300.118689, 13.682496
300.422353, 13.685598
300.727028, 13.688680
301.030692, 13.691783
301.334355, 13.694865
301.638019, 13.697947
301.941682, 13.701030
302.245346, 13.704092
302.549009, 13.707155
302.853685, 13.710217
303.157348, 13.713280
303.461012, 13.716323
303.764675, 13.719386
304.068339, 13.722448
304.372002, 13.725471
304.676678, 13.728514
304.980341, 13.731537
305.284005, 13.734560
305.587668, 13.737583
305.891332, 13.740626
306.194995, 13.743649
306.498658, 13.746653
306.803334, 13.749656
307.106998, 13.752659
307.410661, 13.755663
307.714325, 13.758666
308.017988, 13.761649
308.321651, 13.764633
308.625315, 13.767617
308.929991, 13.770600
309.233654, 13.773564
309.537317, 13.776548
309.840981, 13.779511
310.144644, 13.782495
310.448308, 13.785439
310.752983, 13.788403
311.056647, 13.791347
311.360310, 13.794291
311.663974, 13.797235
311.967637, 13.800179
312.271301, 13.803103
312.574964, 13.806028
312.879640, 13.808952
313.183303, 13.811876
313.486967, 13.814800
313.790630, 13.817705
314.094294, 13.820629
314.397957, 13.823534
314.701621, 13.826438
315.006296, 13.829323
315.309960, 13.832228
315.613623, 13.835112
315.917287, 13.837997
316.220950, 13.840882
316.524614, 13.843767
316.829289, 13.846632
317.132953, 13.849497
317.436616, 13.852362
317.740280, 13.855227
318.043943, 13.858092
318.347606, 13.860937
318.651270, 13.863802
318.955946, 13.866647
319.259609, 13.869493
319.563272, 13.872318
319.866936, 13.875163
320.170599, 13.877989
320.474263, 13.880814
320.777926, 13.883640
321.082602, 13.886465
321.386265, 13.889271
321.689929, 13.892077
321.993592, 13.894902
322.297256, 13.897708
322.600919, 13.900514
322.905595, 13.903300
323.209258, 13.906086
323.512922, 13.908872
323.816585, 13.911658
324.120249, 13.914444
324.423912, 13.917230
324.727576, 13.919996
325.032251, 13.922762
325.335915, 13.925508
325.639578, 13.928275
325.943242, 13.931041
326.246905, 13.933787
326.550569, 13.936534
326.854232, 13.939280
327.158908, 13.942027
327.462571, 13.944753
327.766235, 13.947500
328.069898, 13.950227
328.373562, 13.952973
328.677225, 13.955680
328.981901, 13.958407
329.285564, 13.961114
329.589228, 13.963821
329.892891, 13.966528
330.196554, 13.969235
330.500218, 13.971941
330.803881, 13.974629
331.108557, 13.977336
331.412220, 13.980023
331.715884, 13.982710
332.019547, 13.985377
332.323211, 13.988065
332.626874, 13.990732
332.930538, 13.993419
333.235213, 13.996087
333.538877, 13.998754
333.842540, 14.001402
334.146204, 14.004049
334.449867, 14.006697
334.753531, 14.009345
335.058206, 14.011992
335.361870, 14.014640
335.665533, 14.017268
335.969197, 14.019916
336.272860, 14.022544
336.576524, 14.025171
336.880187, 14.027799
337.184863, 14.030407
337.488526, 14.033016
337.792190, 14.035624
338.095853, 14.038232
338.399517, 14.040860
338.703180, 14.043448
339.006843, 14.046037
339.311519, 14.048645
339.615183, 14.051233
339.918846, 14.053822
340.222509, 14.056390
340.526173, 14.058979
340.829836, 14.061567
341.134512, 14.064136
341.438176, 14.066684
341.741839, 14.069253
342.045502, 14.071822
342.349166, 14.074390
342.652829, 14.076939
342.956493, 14.079488
343.261168, 14.082037
343.564832, 14.084586
343.868495, 14.087115
344.172159, 14.089664
344.475822, 14.092193
344.779486, 14.094722
345.083149, 14.097251
345.387825, 14.099761
345.691488, 14.102290
345.995152, 14.104799
346.298815, 14.107308
346.602479, 14.109838
346.906142, 14.112327
347.210818, 14.114836
347.514481, 14.117326
347.818145, 14.119816
348.121808, 14.122305
348.425472, 14.124795
348.729135, 14.127284
349.032798, 14.129754
349.337474, 14.132244
349.641138, 14.134714
349.944801, 14.137184
350.248465, 14.139653
350.552128, 14.142104
350.855791, 14.144573
351.159455, 14.147023
351.464131, 14.149493
351.767794, 14.151943
352.071457, 14.154374
352.375121, 14.156824
352.678784, 14.159274
352.982448, 14.161704
353.287123, 14.164134
353.590787, 14.166565
353.894450, 14.168995
354.198114, 14.171406
354.501777, 14.173836
354.805441, 14.176247
355.109104, 14.178657
355.413780, 14.181068
355.717443, 14.183478
356.021107, 14.185869
356.324770, 14.188280
356.628434, 14.190670
356.932097, 14.193061
357.235761, 14.195452
357.540436, 14.197843
357.844100, 14.200234
358.147763, 14.202605
358.451427, 14.204976
358.755090, 14.207347
359.058754, 14.209718
359.363429, 14.212069
359.667093, 14.214440
359.970756, 14.216811
360.274420, 14.219163
360.578083, 14.221514
360.881746, 14.223865
361.185410, 14.226216
361.490086, 14.228548
361.793749, 14.230899
362.097413, 14.233231
362.401076, 14.235562
362.704739, 14.237894
363.008403, 14.240225
363.312066, 14.242537
363.616742, 14.244849
363.920405, 14.247180
364.224069, 14.249492
364.527732, 14.251804
364.831396, 14.254116
365.135059, 14.256408
365.439735, 14.258700
365.743398, 14.260992
366.047062, 14.263284
366.350725, 14.265576
366.654389, 14.267868
366.958052, 14.270160
367.261716, 14.272432
367.566391, 14.274724
367.870055, 14.276996
368.173718, 14.279269
368.477382, 14.281521
368.781045, 14.283793
369.084709, 14.286046
369.388372, 14.288318
369.693048, 14.290571
369.996711, 14.292823
370.300375, 14.295075
370.604038, 14.297328
370.907702, 14.299580
371.211365, 14.301813
371.516041, 14.304046
371.819704, 14.306259
372.123368, 14.308492
372.427031, 14.310724
372.730694, 14.312957
373.034358, 14.315190
373.338021, 14.317403
373.642697, 14.319616
373.946360, 14.321829
374.250024, 14.324022
374.553687, 14.326235
374.857351, 14.328448
375.161014, 14.330641
375.464678, 14.332834
375.769353, 14.335028
376.073017, 14.337221
376.376680, 14.339414
376.680344, 14.341588
376.984007, 14.343781
377.287671, 14.345954
377.592346, 14.348108
377.896010, 14.350281
378.199673, 14.352455
378.503337, 14.354609
378.807000, 14.356782
379.110664, 14.358955
379.414327, 14.361089
379.719003, 14.363243
380.022666, 14.365397
380.326330, 14.367550
380.629993, 14.369684
380.933657, 14.371838
381.237320, 14.373972
381.540983, 14.376106
381.845659, 14.378240
382.149323, 14.380374
382.452986, 14.382488
382.756649, 14.384622
383.060313, 14.386736
383.363976, 14.388850
383.668652, 14.390965
383.972316, 14.393079
384.275979, 14.395193
384.579642, 14.397287
384.883306, 14.399402
385.186969, 14.401496
385.490633, 14.403590
385.795308, 14.405685
386.098972, 14.407779
386.402635, 14.409874
386.706299, 14.411948
387.009962, 14.414023
387.313626, 14.416098
387.617289, 14.418172
387.921965, 14.420247
388.225628, 14.422322
388.529292, 14.424377
388.832955, 14.426431
389.136619, 14.428506
389.440282, 14.430561
389.744958, 14.432616
390.048621, 14.434671
390.352285, 14.436726
390.655948, 14.438761
390.959612, 14.440816
391.263275, 14.442851
391.566939, 14.444886
391.871614, 14.446921
392.175278, 14.448956
392.478941, 14.450972
392.782605, 14.453007
393.086268, 14.455022
393.389931, 14.457038
393.693595, 14.459053
393.998271, 14.461068
394.301934, 14.463084
394.605597, 14.465099
394.909261, 14.467095
395.212924, 14.469091
395.516588, 14.471106
395.821263, 14.473102
396.124927, 14.475097
396.428590, 14.477093
396.732254, 14.479069
397.035917, 14.481064
397.339581, 14.483040
397.643244, 14.485016
397.947920, 14.486992
398.251583, 14.488968
398.555247, 14.490944
398.858910, 14.492920
399.162574, 14.494876
399.466237, 14.496852
399.769901, 14.498808
400.074576, 14.500764
400.378240, 14.502720
400.681903, 14.504656
400.985567, 14.506612
401.289230, 14.508568
401.592894, 14.510505
401.897569, 14.512441
402.201233, 14.514397
402.504896, 14.516314
402.808560, 14.518250
403.112223, 14.520167
403.415886, 14.522103
403.719550, 14.524020
404.024226, 14.525936
404.327889, 14.527873
404.631553, 14.529770
404.935216, 14.531686
405.238879, 14.533603
405.542543, 14.535500
405.846206, 14.537416
406.150882, 14.539313
406.454545, 14.541210
406.758209, 14.543107
407.061872, 14.545003
407.365536, 14.546881
407.669199, 14.548777
407.973875, 14.550654
408.277538, 14.552551
408.581202, 14.554428
408.884865, 14.556305
409.188529, 14.558183
409.492192, 14.560040
409.795856, 14.561917
410.100531, 14.563794
410.404195, 14.565651
410.707858, 14.567509
411.011522, 14.569366
411.315185, 14.571223
411.618849, 14.573081
411.922512, 14.574918
412.227188, 14.576776
412.530851, 14.578633
412.834515, 14.580470
413.138178, 14.582308
413.441842, 14.584146
413.745505, 14.585963
414.050181, 14.587801
414.353844, 14.589619
414.657508, 14.591456
414.961171, 14.593274
415.264834, 14.595092
415.568498, 14.596910
415.872161, 14.598727
416.176837, 14.600545
416.480500, 14.602343
416.784164, 14.604161
417.087827, 14.605959
417.391491, 14.607757
417.695154, 14.609555
417.998818, 14.611353
418.303493, 14.613151
418.607157, 14.614949
418.910820, 14.616728
419.214484, 14.618526
419.518147, 14.620304
419.821811, 14.622082
420.126486, 14.623861
420.430150, 14.625639
420.733813, 14.627417
421.037477, 14.629176
421.341140, 14.630954
421.644804, 14.632712
421.948467, 14.634471
422.253143, 14.636249
422.556806, 14.638008
422.860470, 14.639747
423.164133, 14.641505
423.467797, 14.643244
423.771460, 14.645002
424.075123, 14.646741
424.379799, 14.648480
424.683463, 14.650219
424.987126, 14.651957
425.290789, 14.653696
425.594453, 14.655415
425.898116, 14.657154
426.202792, 14.658873
426.506456, 14.660592
426.810119, 14.662331
427.113782, 14.664050
427.417446, 14.665769
427.721109, 14.667488
428.024773, 14.669187
428.329448, 14.670906
428.633112, 14.672605
428.936775, 14.674305
429.240439, 14.676004
429.544102, 14.677703
429.847766, 14.679383
430.151429, 14.681082
430.456105, 14.682781
430.759768, 14.684480
431.063432, 14.686160
431.367095, 14.687839
431.670759, 14.689539
431.974422, 14.691198
432.279098, 14.692878
432.582761, 14.694557
432.886425, 14.696217
433.190088, 14.697877
433.493752, 14.699556
433.797415, 14.701216
434.101079, 14.702876
434.405754, 14.704535
434.709418, 14.706195
435.013081, 14.707855
435.316745, 14.709495
435.620408, 14.711155
435.924071, 14.712795
436.227735, 14.714434
436.532411, 14.716074
436.836074, 14.717714
437.139737, 14.719354
437.443401, 14.720975
437.747064, 14.722615
438.050728, 14.724235
438.355404, 14.725855
438.659067, 14.727475
438.962730, 14.729115
439.266394, 14.730716
439.570057, 14.732336
439.873721, 14.733956
440.177384, 14.735576
440.482060, 14.737177
440.785723, 14.738777
441.089387, 14.740378
441.393050, 14.741978
441.696714, 14.743579
442.000377, 14.745179
442.304041, 14.746780
442.608716, 14.748360
442.912380, 14.749941
443.216043, 14.751541
443.519707, 14.753122
443.823370, 14.754723
444.127034, 14.756283
444.431709, 14.757864
444.735373, 14.759425
445.039036, 14.761006
445.342700, 14.762586
445.646363, 14.764147
445.950026, 14.765708
446.253690, 14.767269
446.558366, 14.768830
446.862029, 14.770391
447.165693, 14.771952
447.469356, 14.773513
447.773019, 14.775054
448.076683, 14.776615
448.380346, 14.778156
448.685022, 14.779698
448.988685, 14.781239
449.292349, 14.782760
449.596012, 14.784301
449.899676, 14.785842
450.203339, 14.787364
450.508015, 14.788905
450.811678, 14.790427
451.115342, 14.791948
451.419005, 14.793469
451.722669, 14.794991
452.026332, 14.796512
452.329996, 14.798034
452.634671, 14.799535
452.938335, 14.801057
453.241998, 14.802558
453.545662, 14.804060
453.849325, 14.805562
454.152989, 14.807063
454.456652, 14.808565
454.761328, 14.810067
455.064991, 14.811568
455.368655, 14.813050
455.672318, 14.814532
455.975982, 14.816034
456.279645, 14.817516
456.584321, 14.818998
456.887984, 14.820480
457.191648, 14.821961
457.495311, 14.823424
457.798974, 14.824886
458.102638, 14.826368
458.406301, 14.827830
458.710977, 14.829292
459.014640, 14.830754
459.318304, 14.832216
459.621967, 14.833678
459.925631, 14.835140
460.229294, 14.836583
460.532958, 14.838045
460.837633, 14.839507
461.141297, 14.840950
461.444960, 14.842392
461.748624, 14.843834
462.052287, 14.845277
462.355951, 14.846699
462.660626, 14.848142
462.964290, 14.849584
463.267953, 14.851007
463.571617, 14.852429
463.875280, 14.853872
464.178944, 14.855294
464.482607, 14.856717
464.787283, 14.858120
465.090946, 14.859542
465.394610, 14.860965
465.698273, 14.862388
466.001937, 14.863791
466.305600, 14.865213
466.609263, 14.866616
466.913939, 14.868019
467.217603, 14.869422
467.521266, 14.870825
467.824930, 14.872208
468.128593, 14.873611
468.432256, 14.874994
468.736932, 14.876397
469.040596, 14.877780
469.344259, 14.879163
469.647922, 14.880546
469.951586, 14.881929
470.255249, 14.883312
470.558913, 14.884695
470.863588, 14.886059
471.167252, 14.887442
471.470915, 14.888805
471.774579, 14.890169
472.078242, 14.891532
472.381906, 14.892895
472.685569, 14.894259
472.990245, 14.895622
473.293908, 14.896985
473.597572, 14.898349
473.901235, 14.899692
474.204899, 14.901036
474.508562, 14.902379
474.813238, 14.903723
475.116901, 14.905067
475.420565, 14.906410
475.724228, 14.907754
476.027892, 14.909078
476.331555, 14.910421
476.635219, 14.911745
476.939894, 14.913089
477.243558, 14.914412
477.547221, 14.915736
477.850885, 14.917060
478.154548, 14.918404
478.458211, 14.919708
478.761875, 14.921032
479.066551, 14.922355
479.370214, 14.923660
479.673877, 14.924964
479.977541, 14.926268
480.281204, 14.927572
480.584868, 14.928876
480.889544, 14.930180
481.193207, 14.931484
481.496870, 14.932788
481.800534, 14.934072
482.104197, 14.935376
482.407861, 14.936661
482.711524, 14.937945
483.016200, 14.939229
483.319863, 14.940533
483.623527, 14.941798
483.927190, 14.943082
484.230854, 14.944367
484.534517, 14.945651
484.838181, 14.946916
485.142856, 14.948180
485.446520, 14.949445
485.750183, 14.950709
486.053847, 14.951994
486.357510, 14.953258
486.661174, 14.954523
486.965849, 14.955767
487.269513, 14.957032
487.573176, 14.958277
487.876840, 14.959541
488.180503, 14.960786
488.484166, 14.962031
488.787830, 14.963276
489.092506, 14.964521
489.396169, 14.965765
489.699833, 14.967010
490.003496, 14.968235
490.307159, 14.969480
490.610823, 14.970705
490.914486, 14.971930
491.219162, 14.973175
491.522825, 14.974400
491.826489, 14.975625
492.130152, 14.976850
492.433816, 14.978075
492.737479, 14.979280
493.042155, 14.980505
493.345818, 14.981711
493.649482, 14.982936
493.953145, 14.984141
494.256809, 14.985346
494.560472, 14.986552
494.864136, 14.987757
495.168811, 14.988942
495.472475, 14.990148
495.776138, 14.991353
496.079802, 14.992538
496.383465, 14.993744
496.687129, 14.994929
496.990792, 14.996115
497.295468, 14.997300
497.599131, 14.998486
497.902795, 14.999671
498.206458, 15.000857
498.510122, 15.002023
498.813785, 15.003208
499.118461, 15.004374
499.422124, 15.005559
499.725788, 15.006725
500.029451, 15.007891
500.333114, 15.009057
500.636778, 15.010222
500.940441, 15.011388
501.245117, 15.012554
501.548781, 15.013720
501.852444, 15.014866
502.156107, 15.016012
502.459771, 15.017158
502.763434, 15.018304
503.067098, 15.019470
503.371773, 15.020616
503.675437, 15.021762
503.979100, 15.022908
504.282764, 15.024034
504.586427, 15.025180
504.890091, 15.026306
505.194766, 15.027452
505.498430, 15.028578
505.802093, 15.029705
506.105757, 15.030831
