/*--------------------------------*- C++ -*----------------------------------*\
| =========                 |                                                 |
| \\      /  F ield         | OpenFOAM: The Open Source CFD Toolbox           |
|  \\    /   O peration     | Version:  2312                                  |
|   \\  /    A nd           | Website:  www.openfoam.com                      |
|    \\/     M anipulation  |                                                 |
\*---------------------------------------------------------------------------*/
FoamFile
{
    version     2.0;
    format      ascii;
    arch        "LSB;label=32;scalar=64";
    class       volVectorField;
    location    "22.23";
    object      U;
}
// * * * * * * * * * * * * * * * * * * * * * * * * * * * * * * * * * * * * * //

dimensions      [0 1 -1 0 0 0 0];

internalField   nonuniform List<vector> 
2000
(
(0.0255754 -1.78046e-19 0)
(0.0688545 -9.64745e-19 0)
(0.10509 -7.07455e-19 0)
(0.133909 -7.29631e-19 0)
(0.157093 -7.23234e-19 0)
(0.176321 -7.15836e-19 0)
(0.192726 -7.03477e-19 0)
(0.207041 -6.81707e-19 0)
(0.219756 -6.69616e-19 0)
(0.231206 -6.55142e-19 0)
(0.241635 -6.59347e-19 0)
(0.251218 -6.74588e-19 0)
(0.260093 -6.64415e-19 0)
(0.268362 -6.73477e-19 0)
(0.27611 -7.06743e-19 0)
(0.283403 -7.30152e-19 0)
(0.290296 -7.3441e-19 0)
(0.296833 -7.28516e-19 0)
(0.303053 -7.21081e-19 0)
(0.308987 -7.14158e-19 0)
(0.314663 -7.07886e-19 0)
(0.320105 -7.02319e-19 0)
(0.325332 -6.97463e-19 0)
(0.330363 -6.9329e-19 0)
(0.335213 -6.89757e-19 0)
(0.339896 -6.86811e-19 0)
(0.344424 -6.84395e-19 0)
(0.348808 -6.82452e-19 0)
(0.353058 -6.80926e-19 0)
(0.357183 -6.79765e-19 0)
(0.36119 -6.78919e-19 0)
(0.365088 -6.78345e-19 0)
(0.368881 -6.78001e-19 0)
(0.372578 -6.77852e-19 0)
(0.376182 -6.77865e-19 0)
(0.379698 -6.78012e-19 0)
(0.383133 -6.7827e-19 0)
(0.386489 -6.78617e-19 0)
(0.38977 -6.79037e-19 0)
(0.392981 -6.79514e-19 0)
(0.396124 -6.80036e-19 0)
(0.399203 -6.80594e-19 0)
(0.402221 -6.81179e-19 0)
(0.40518 -6.81785e-19 0)
(0.408083 -6.82407e-19 0)
(0.410932 -6.83041e-19 0)
(0.413729 -6.83684e-19 0)
(0.416477 -6.84335e-19 0)
(0.419177 -6.84991e-19 0)
(0.421832 -6.85652e-19 0)
(0.424443 -6.86318e-19 0)
(0.427011 -6.86988e-19 0)
(0.429538 -6.87662e-19 0)
(0.432026 -6.88342e-19 0)
(0.434476 -6.89027e-19 0)
(0.436889 -6.89717e-19 0)
(0.439267 -6.90415e-19 0)
(0.441611 -6.91119e-19 0)
(0.443921 -6.91831e-19 0)
(0.446199 -6.92552e-19 0)
(0.448446 -6.93281e-19 0)
(0.450663 -6.94021e-19 0)
(0.452851 -6.9477e-19 0)
(0.45501 -6.9553e-19 0)
(0.457142 -6.96302e-19 0)
(0.459247 -6.97085e-19 0)
(0.461326 -6.9788e-19 0)
(0.463379 -6.98687e-19 0)
(0.465408 -6.99506e-19 0)
(0.467413 -7.00339e-19 0)
(0.469395 -7.01183e-19 0)
(0.471355 -7.02041e-19 0)
(0.473292 -7.02911e-19 0)
(0.475207 -7.03793e-19 0)
(0.477102 -7.04687e-19 0)
(0.478976 -7.05592e-19 0)
(0.48083 -7.06508e-19 0)
(0.482665 -7.07434e-19 0)
(0.48448 -7.0837e-19 0)
(0.486277 -7.09314e-19 0)
(0.488056 -7.10264e-19 0)
(0.489817 -7.11221e-19 0)
(0.491561 -7.12181e-19 0)
(0.493288 -7.13144e-19 0)
(0.494998 -7.14107e-19 0)
(0.496692 -7.15069e-19 0)
(0.49837 -7.16025e-19 0)
(0.500033 -7.16975e-19 0)
(0.50168 -7.17915e-19 0)
(0.503313 -7.18841e-19 0)
(0.50493 -7.1975e-19 0)
(0.506534 -7.20639e-19 0)
(0.508123 -7.21503e-19 0)
(0.509699 -7.22338e-19 0)
(0.511261 -7.2314e-19 0)
(0.51281 -7.23902e-19 0)
(0.514345 -7.24621e-19 0)
(0.515868 -7.25291e-19 0)
(0.517379 -7.25906e-19 0)
(0.518877 -7.26461e-19 0)
(0.520363 -7.26949e-19 0)
(0.521837 -7.27365e-19 0)
(0.5233 -7.27701e-19 0)
(0.524751 -7.27951e-19 0)
(0.526191 -7.28109e-19 0)
(0.527619 -7.28167e-19 0)
(0.529037 -7.28117e-19 0)
(0.530444 -7.27952e-19 0)
(0.531841 -7.27664e-19 0)
(0.533227 -7.27241e-19 0)
(0.534603 -7.26674e-19 0)
(0.535969 -7.2595e-19 0)
(0.537325 -7.25055e-19 0)
(0.538671 -7.23969e-19 0)
(0.540007 -7.22672e-19 0)
(0.541335 -7.21136e-19 0)
(0.542652 -7.19327e-19 0)
(0.543961 -7.17203e-19 0)
(0.545261 -7.14872e-19 0)
(0.546551 -7.12283e-19 0)
(0.547833 -7.09385e-19 0)
(0.549107 -7.06127e-19 0)
(0.550371 -7.0246e-19 0)
(0.551628 -6.98321e-19 0)
(0.552876 -6.93635e-19 0)
(0.554115 -6.88315e-19 0)
(0.555347 -6.82263e-19 0)
(0.556571 -6.75528e-19 0)
(0.557787 -6.68009e-19 0)
(0.558995 -6.59618e-19 0)
(0.560195 -6.50431e-19 0)
(0.561388 -6.40408e-19 0)
(0.562573 -6.29566e-19 0)
(0.563751 -6.18147e-19 0)
(0.564921 -6.06523e-19 0)
(0.566085 -5.951e-19 0)
(0.567241 -5.8456e-19 0)
(0.56839 -5.79093e-19 0)
(0.569533 -5.77909e-19 0)
(0.570668 -5.70779e-19 0)
(0.571796 -5.67546e-19 0)
(0.572918 -5.64217e-19 0)
(0.574033 -5.57108e-19 0)
(0.575142 -5.55855e-19 0)
(0.576244 -5.50231e-19 0)
(0.57734 -5.39527e-19 0)
(0.578429 -5.27945e-19 0)
(0.579512 -5.16155e-19 0)
(0.580589 -5.04564e-19 0)
(0.58166 -4.93526e-19 0)
(0.582724 -4.83273e-19 0)
(0.583783 -4.73822e-19 0)
(0.584835 -4.65143e-19 0)
(0.585882 -4.57316e-19 0)
(0.586923 -4.50262e-19 0)
(0.587958 -4.43898e-19 0)
(0.588987 -4.38276e-19 0)
(0.590011 -4.33324e-19 0)
(0.591028 -4.2898e-19 0)
(0.592041 -4.252e-19 0)
(0.593048 -4.21951e-19 0)
(0.594049 -4.1921e-19 0)
(0.595045 -4.16963e-19 0)
(0.596036 -4.15202e-19 0)
(0.597021 -4.13917e-19 0)
(0.598001 -4.13098e-19 0)
(0.598976 -4.12741e-19 0)
(0.599945 -4.13283e-19 0)
(0.60091 -4.11945e-19 0)
(0.601869 -4.07759e-19 0)
(0.602824 -4.21018e-19 0)
(0.603773 -4.47557e-19 0)
(0.604717 -4.74175e-19 0)
(0.605657 -4.87301e-19 0)
(0.606592 -4.83416e-19 0)
(0.607521 -4.79671e-19 0)
(0.608446 -4.751e-19 0)
(0.609367 -4.69946e-19 0)
(0.610282 -4.64368e-19 0)
(0.611193 -4.58495e-19 0)
(0.612099 -4.52318e-19 0)
(0.613001 -4.4584e-19 0)
(0.613898 -4.39072e-19 0)
(0.61479 -4.32034e-19 0)
(0.615678 -4.24752e-19 0)
(0.616562 -4.17258e-19 0)
(0.617441 -4.09589e-19 0)
(0.618316 -4.0179e-19 0)
(0.619186 -3.93782e-19 0)
(0.620052 -3.85615e-19 0)
(0.620914 -3.77333e-19 0)
(0.621771 -3.68977e-19 0)
(0.622624 -3.6059e-19 0)
(0.623473 -3.52217e-19 0)
(0.624318 -3.43898e-19 0)
(0.625158 -3.35665e-19 0)
(0.625995 -3.27549e-19 0)
(0.626827 -3.19579e-19 0)
(0.627656 -3.11785e-19 0)
(0.62848 -3.04067e-19 0)
(0.6293 -2.96568e-19 0)
(0.630116 -2.88248e-19 0)
(0.630929 -2.92573e-19 0)
(0.631737 -3.61939e-19 0)
(0.632542 -4.31328e-19 0)
(0.633342 -4.35974e-19 0)
(0.634139 -4.28189e-19 0)
(0.634932 -4.21439e-19 0)
(0.635721 -4.14811e-19 0)
(0.636506 -4.08317e-19 0)
(0.637288 -4.0197e-19 0)
(0.638066 -3.95792e-19 0)
(0.63884 -3.89811e-19 0)
(0.63961 -3.84065e-19 0)
(0.640377 -3.78472e-19 0)
(0.64114 -3.7307e-19 0)
(0.641899 -3.67896e-19 0)
(0.642655 -3.62989e-19 0)
(0.643408 -3.5838e-19 0)
(0.644156 -3.54096e-19 0)
(0.644901 -3.50153e-19 0)
(0.645643 -3.46563e-19 0)
(0.646381 -3.43328e-19 0)
(0.647116 -3.40442e-19 0)
(0.647847 -3.37892e-19 0)
(0.648575 -3.3566e-19 0)
(0.649299 -3.3372e-19 0)
(0.65002 -3.32044e-19 0)
(0.650738 -3.30599e-19 0)
(0.651452 -3.29352e-19 0)
(0.652163 -3.28269e-19 0)
(0.65287 -3.27428e-19 0)
(0.653574 -3.26796e-19 0)
(0.654275 -3.2634e-19 0)
(0.654973 -3.26028e-19 0)
(0.655667 -3.25829e-19 0)
(0.656359 -3.25717e-19 0)
(0.657047 -3.25666e-19 0)
(0.657731 -3.25653e-19 0)
(0.658413 -3.25659e-19 0)
(0.659091 -3.25666e-19 0)
(0.659766 -3.25659e-19 0)
(0.660439 -3.25625e-19 0)
(0.661108 -3.25553e-19 0)
(0.661773 -3.25434e-19 0)
(0.662436 -3.2526e-19 0)
(0.663096 -3.25026e-19 0)
(0.663753 -3.24728e-19 0)
(0.664406 -3.2436e-19 0)
(0.665057 -3.23922e-19 0)
(0.665704 -3.23412e-19 0)
(0.666349 -3.22828e-19 0)
(0.666991 -3.2217e-19 0)
(0.667629 -3.2144e-19 0)
(0.668265 -3.20636e-19 0)
(0.668898 -3.19762e-19 0)
(0.669528 -3.18817e-19 0)
(0.670154 -3.17803e-19 0)
(0.670779 -3.16723e-19 0)
(0.6714 -3.15578e-19 0)
(0.672018 -3.14369e-19 0)
(0.672633 -3.131e-19 0)
(0.673246 -3.11773e-19 0)
(0.673856 -3.10389e-19 0)
(0.674463 -3.0895e-19 0)
(0.675067 -3.07459e-19 0)
(0.675668 -3.05919e-19 0)
(0.676267 -3.04331e-19 0)
(0.676863 -3.02697e-19 0)
(0.677456 -3.01019e-19 0)
(0.678047 -2.99301e-19 0)
(0.678634 -2.97543e-19 0)
(0.679219 -2.95748e-19 0)
(0.679802 -2.93919e-19 0)
(0.680381 -2.92056e-19 0)
(0.680958 -2.90162e-19 0)
(0.681532 -2.88239e-19 0)
(0.682104 -2.86289e-19 0)
(0.682673 -2.84313e-19 0)
(0.68324 -2.82314e-19 0)
(0.683803 -2.80293e-19 0)
(0.684365 -2.78252e-19 0)
(0.684923 -2.76193e-19 0)
(0.685479 -2.74117e-19 0)
(0.686033 -2.72026e-19 0)
(0.686584 -2.69921e-19 0)
(0.687132 -2.67805e-19 0)
(0.687678 -2.65677e-19 0)
(0.688222 -2.63541e-19 0)
(0.688763 -2.61397e-19 0)
(0.689301 -2.59246e-19 0)
(0.689837 -2.57091e-19 0)
(0.690371 -2.54931e-19 0)
(0.690902 -2.52768e-19 0)
(0.69143 -2.50603e-19 0)
(0.691957 -2.48438e-19 0)
(0.69248 -2.46273e-19 0)
(0.693002 -2.44109e-19 0)
(0.693521 -2.41947e-19 0)
(0.694037 -2.39788e-19 0)
(0.694552 -2.37632e-19 0)
(0.695063 -2.35481e-19 0)
(0.695573 -2.33335e-19 0)
(0.69608 -2.31195e-19 0)
(0.696585 -2.29061e-19 0)
(0.697087 -2.26934e-19 0)
(0.697588 -2.24814e-19 0)
(0.698086 -2.22702e-19 0)
(0.698581 -2.20598e-19 0)
(0.699074 -2.18503e-19 0)
(0.699566 -2.16416e-19 0)
(0.700054 -2.14339e-19 0)
(0.700541 -2.12272e-19 0)
(0.701025 -2.10214e-19 0)
(0.701507 -2.08166e-19 0)
(0.701987 -2.06128e-19 0)
(0.702465 -2.041e-19 0)
(0.70294 -2.02083e-19 0)
(0.703414 -2.00076e-19 0)
(0.703885 -1.9808e-19 0)
(0.704354 -1.96094e-19 0)
(0.70482 -1.94118e-19 0)
(0.705285 -1.92153e-19 0)
(0.705747 -1.90198e-19 0)
(0.706208 -1.88254e-19 0)
(0.706666 -1.8632e-19 0)
(0.707122 -1.84396e-19 0)
(0.707576 -1.82483e-19 0)
(0.708028 -1.80579e-19 0)
(0.708478 -1.78685e-19 0)
(0.708925 -1.768e-19 0)
(0.709371 -1.74926e-19 0)
(0.709815 -1.7306e-19 0)
(0.710256 -1.71204e-19 0)
(0.710696 -1.69356e-19 0)
(0.711133 -1.67518e-19 0)
(0.711569 -1.65687e-19 0)
(0.712002 -1.63865e-19 0)
(0.712434 -1.62052e-19 0)
(0.712863 -1.60246e-19 0)
(0.713291 -1.58447e-19 0)
(0.713716 -1.56656e-19 0)
(0.71414 -1.54872e-19 0)
(0.714561 -1.53095e-19 0)
(0.714981 -1.51325e-19 0)
(0.715398 -1.49561e-19 0)
(0.715814 -1.47803e-19 0)
(0.716228 -1.46051e-19 0)
(0.71664 -1.44305e-19 0)
(0.71705 -1.42564e-19 0)
(0.717458 -1.40828e-19 0)
(0.717864 -1.39097e-19 0)
(0.718268 -1.37371e-19 0)
(0.718671 -1.35649e-19 0)
(0.719071 -1.33931e-19 0)
(0.71947 -1.32217e-19 0)
(0.719867 -1.30507e-19 0)
(0.720262 -1.28801e-19 0)
(0.720655 -1.27097e-19 0)
(0.721046 -1.25397e-19 0)
(0.721436 -1.23699e-19 0)
(0.721823 -1.22004e-19 0)
(0.722209 -1.20311e-19 0)
(0.722593 -1.18621e-19 0)
(0.722975 -1.16932e-19 0)
(0.723356 -1.15245e-19 0)
(0.723735 -1.13559e-19 0)
(0.724111 -1.11875e-19 0)
(0.724487 -1.10192e-19 0)
(0.72486 -1.0851e-19 0)
(0.725232 -1.06829e-19 0)
(0.725602 -1.05148e-19 0)
(0.72597 -1.03468e-19 0)
(0.726336 -1.01788e-19 0)
(0.726701 -1.00108e-19 0)
(0.727064 -9.84278e-20 0)
(0.727425 -9.67476e-20 0)
(0.727785 -9.50672e-20 0)
(0.728143 -9.33863e-20 0)
(0.728499 -9.17048e-20 0)
(0.728854 -9.00225e-20 0)
(0.729207 -8.83395e-20 0)
(0.729558 -8.66554e-20 0)
(0.729907 -8.49703e-20 0)
(0.730255 -8.3284e-20 0)
(0.730602 -8.15964e-20 0)
(0.730946 -7.99074e-20 0)
(0.731289 -7.8217e-20 0)
(0.73163 -7.65249e-20 0)
(0.73197 -7.48313e-20 0)
(0.732308 -7.31359e-20 0)
(0.732645 -7.14387e-20 0)
(0.73298 -6.97396e-20 0)
(0.733313 -6.80386e-20 0)
(0.733645 -6.63355e-20 0)
(0.733975 -6.46304e-20 0)
(0.734304 -6.29232e-20 0)
(0.734631 -6.12138e-20 0)
(0.734956 -5.95022e-20 0)
(0.73528 -5.77884e-20 0)
(0.735602 -5.60722e-20 0)
(0.735923 -5.43537e-20 0)
(0.736242 -5.26328e-20 0)
(0.73656 -5.09096e-20 0)
(0.736876 -4.91838e-20 0)
(0.737191 -4.74557e-20 0)
(0.737504 -4.57251e-20 0)
(0.737816 -4.39919e-20 0)
(0.738126 -4.22563e-20 0)
(0.738434 -4.05182e-20 0)
(0.738741 -3.87775e-20 0)
(0.739047 -3.70343e-20 0)
(0.739351 -3.52885e-20 0)
(0.739654 -3.35402e-20 0)
(0.739955 -3.17894e-20 0)
(0.740255 -3.0036e-20 0)
(0.740553 -2.828e-20 0)
(0.74085 -2.65216e-20 0)
(0.741145 -2.47606e-20 0)
(0.741439 -2.29971e-20 0)
(0.741731 -2.12311e-20 0)
(0.742022 -1.94625e-20 0)
(0.742312 -1.76915e-20 0)
(0.7426 -1.59181e-20 0)
(0.742886 -1.41422e-20 0)
(0.743172 -1.23638e-20 0)
(0.743456 -1.05831e-20 0)
(0.743738 -8.79995e-21 0)
(0.744019 -7.01444e-21 0)
(0.744299 -5.22659e-21 0)
(0.744577 -3.43643e-21 0)
(0.744854 -1.64396e-21 0)
(0.745129 1.50769e-22 0)
(0.745403 1.94774e-21 0)
(0.745676 3.74693e-21 0)
(0.745947 5.5483e-21 0)
(0.746217 7.35183e-21 0)
(0.746485 9.15749e-21 0)
(0.746753 1.09652e-20 0)
(0.747018 1.27751e-20 0)
(0.747283 1.45869e-20 0)
(0.747546 1.64008e-20 0)
(0.747808 1.82166e-20 0)
(0.748068 2.00344e-20 0)
(0.748327 2.1854e-20 0)
(0.748585 2.36756e-20 0)
(0.748841 2.5499e-20 0)
(0.749097 2.73242e-20 0)
(0.74935 2.91511e-20 0)
(0.749603 3.09798e-20 0)
(0.749854 3.28102e-20 0)
(0.750104 3.46423e-20 0)
(0.750352 3.6476e-20 0)
(0.750599 3.83113e-20 0)
(0.750845 4.01481e-20 0)
(0.75109 4.19865e-20 0)
(0.751333 4.38264e-20 0)
(0.751575 4.56678e-20 0)
(0.751816 4.75105e-20 0)
(0.752055 4.93547e-20 0)
(0.752294 5.12002e-20 0)
(0.752531 5.30471e-20 0)
(0.752766 5.48953e-20 0)
(0.753001 5.67447e-20 0)
(0.753234 5.85953e-20 0)
(0.753466 6.04471e-20 0)
(0.753696 6.23001e-20 0)
(0.753926 6.41542e-20 0)
(0.754154 6.60094e-20 0)
(0.75438 6.78657e-20 0)
(0.754606 6.9723e-20 0)
(0.75483 7.15813e-20 0)
(0.755054 7.34405e-20 0)
(0.755276 7.53007e-20 0)
(0.755496 7.71618e-20 0)
(0.755716 7.90238e-20 0)
(0.755934 8.08866e-20 0)
(0.756151 8.27502e-20 0)
(0.756367 8.46146e-20 0)
(0.756581 8.64798e-20 0)
(0.756795 8.83457e-20 0)
(0.757007 9.02123e-20 0)
(0.757218 9.20795e-20 0)
(0.757428 9.39474e-20 0)
(0.757636 9.58159e-20 0)
(0.757844 9.7685e-20 0)
(0.75805 9.95547e-20 0)
(0.758255 1.01425e-19 0)
(0.758459 1.03296e-19 0)
(0.758661 1.05167e-19 0)
(0.758863 1.07038e-19 0)
(0.759063 1.0891e-19 0)
(0.759262 1.10783e-19 0)
(0.75946 1.12656e-19 0)
(0.759657 1.14529e-19 0)
(0.759853 1.16402e-19 0)
(0.760047 1.18276e-19 0)
(0.760241 1.2015e-19 0)
(0.760433 1.22025e-19 0)
(0.760624 1.23899e-19 0)
(0.760814 1.25774e-19 0)
(0.761003 1.27649e-19 0)
(0.76119 1.29525e-19 0)
(0.761377 1.314e-19 0)
(0.761562 1.33275e-19 0)
(0.761747 1.35151e-19 0)
(0.76193 1.37027e-19 0)
(0.762112 1.38903e-19 0)
(0.762293 1.40779e-19 0)
(0.762472 1.42655e-19 0)
(0.762651 1.4453e-19 0)
(0.762829 1.46406e-19 0)
(0.763005 1.48282e-19 0)
(0.763181 1.50158e-19 0)
(0.763355 1.52034e-19 0)
(0.763528 1.5391e-19 0)
(0.7637 1.55786e-19 0)
(0.763871 1.57661e-19 0)
(0.764041 1.59537e-19 0)
(0.76421 1.61412e-19 0)
(0.764378 1.63288e-19 0)
(0.764545 1.65163e-19 0)
(0.76471 1.67038e-19 0)
(0.764875 1.68913e-19 0)
(0.765039 1.70787e-19 0)
(0.765201 1.72662e-19 0)
(0.765363 1.74536e-19 0)
(0.765523 1.7641e-19 0)
(0.765682 1.78284e-19 0)
(0.765841 1.80157e-19 0)
(0.765998 1.8203e-19 0)
(0.766154 1.83903e-19 0)
(0.766309 1.85776e-19 0)
(0.766464 1.87648e-19 0)
(0.766617 1.8952e-19 0)
(0.766769 1.91392e-19 0)
(0.76692 1.93263e-19 0)
(0.76707 1.95134e-19 0)
(0.767219 1.97005e-19 0)
(0.767367 1.98875e-19 0)
(0.767514 2.00745e-19 0)
(0.76766 2.02615e-19 0)
(0.767806 2.04484e-19 0)
(0.76795 2.06353e-19 0)
(0.768093 2.08221e-19 0)
(0.768235 2.10089e-19 0)
(0.768376 2.11956e-19 0)
(0.768516 2.13824e-19 0)
(0.768656 2.1569e-19 0)
(0.768794 2.17557e-19 0)
(0.768931 2.19422e-19 0)
(0.769067 2.21288e-19 0)
(0.769203 2.23153e-19 0)
(0.769337 2.25017e-19 0)
(0.769471 2.26881e-19 0)
(0.769603 2.28744e-19 0)
(0.769735 2.30607e-19 0)
(0.769865 2.3247e-19 0)
(0.769995 2.34332e-19 0)
(0.770124 2.36193e-19 0)
(0.770252 2.38054e-19 0)
(0.770379 2.39915e-19 0)
(0.770505 2.41775e-19 0)
(0.77063 2.43634e-19 0)
(0.770754 2.45493e-19 0)
(0.770877 2.47351e-19 0)
(0.771 2.49209e-19 0)
(0.771121 2.51066e-19 0)
(0.771242 2.52923e-19 0)
(0.771362 2.54779e-19 0)
(0.77148 2.56635e-19 0)
(0.771598 2.5849e-19 0)
(0.771715 2.60345e-19 0)
(0.771832 2.62199e-19 0)
(0.771947 2.64052e-19 0)
(0.772061 2.65905e-19 0)
(0.772175 2.67757e-19 0)
(0.772288 2.69609e-19 0)
(0.7724 2.7146e-19 0)
(0.772511 2.7331e-19 0)
(0.772621 2.7516e-19 0)
(0.77273 2.7701e-19 0)
(0.772839 2.78858e-19 0)
(0.772947 2.80707e-19 0)
(0.773054 2.82554e-19 0)
(0.77316 2.84401e-19 0)
(0.773265 2.86248e-19 0)
(0.773369 2.88093e-19 0)
(0.773473 2.89938e-19 0)
(0.773576 2.91783e-19 0)
(0.773678 2.93627e-19 0)
(0.773779 2.9547e-19 0)
(0.77388 2.97313e-19 0)
(0.773979 2.99155e-19 0)
(0.774078 3.00997e-19 0)
(0.774176 3.02838e-19 0)
(0.774273 3.04678e-19 0)
(0.77437 3.06518e-19 0)
(0.774466 3.08357e-19 0)
(0.774561 3.10195e-19 0)
(0.774655 3.12033e-19 0)
(0.774749 3.1387e-19 0)
(0.774841 3.15707e-19 0)
(0.774933 3.17542e-19 0)
(0.775025 3.19378e-19 0)
(0.775115 3.21212e-19 0)
(0.775205 3.23046e-19 0)
(0.775294 3.2488e-19 0)
(0.775382 3.26713e-19 0)
(0.77547 3.28545e-19 0)
(0.775557 3.30376e-19 0)
(0.775643 3.32207e-19 0)
(0.775729 3.34037e-19 0)
(0.775813 3.35867e-19 0)
(0.775898 3.37696e-19 0)
(0.775981 3.39524e-19 0)
(0.776064 3.41352e-19 0)
(0.776146 3.43179e-19 0)
(0.776227 3.45005e-19 0)
(0.776308 3.46831e-19 0)
(0.776388 3.48656e-19 0)
(0.776467 3.50481e-19 0)
(0.776546 3.52304e-19 0)
(0.776624 3.54128e-19 0)
(0.776701 3.5595e-19 0)
(0.776778 3.57772e-19 0)
(0.776854 3.59593e-19 0)
(0.776929 3.61414e-19 0)
(0.777004 3.63234e-19 0)
(0.777078 3.65053e-19 0)
(0.777152 3.66872e-19 0)
(0.777225 3.6869e-19 0)
(0.777297 3.70508e-19 0)
(0.777368 3.72324e-19 0)
(0.777439 3.74141e-19 0)
(0.77751 3.75956e-19 0)
(0.77758 3.77771e-19 0)
(0.777649 3.79585e-19 0)
(0.777717 3.81399e-19 0)
(0.777785 3.83212e-19 0)
(0.777853 3.85024e-19 0)
(0.77792 3.86836e-19 0)
(0.777986 3.88647e-19 0)
(0.778052 3.90457e-19 0)
(0.778117 3.92267e-19 0)
(0.778181 3.94076e-19 0)
(0.778245 3.95885e-19 0)
(0.778309 3.97693e-19 0)
(0.778372 3.995e-19 0)
(0.778434 4.01307e-19 0)
(0.778496 4.03113e-19 0)
(0.778557 4.04918e-19 0)
(0.778617 4.06723e-19 0)
(0.778678 4.08527e-19 0)
(0.778737 4.10331e-19 0)
(0.778796 4.12134e-19 0)
(0.778855 4.13936e-19 0)
(0.778913 4.15738e-19 0)
(0.77897 4.17539e-19 0)
(0.779027 4.19339e-19 0)
(0.779084 4.21139e-19 0)
(0.77914 4.22939e-19 0)
(0.779195 4.24737e-19 0)
(0.77925 4.26536e-19 0)
(0.779304 4.28333e-19 0)
(0.779358 4.3013e-19 0)
(0.779412 4.31927e-19 0)
(0.779465 4.33722e-19 0)
(0.779517 4.35518e-19 0)
(0.779569 4.37312e-19 0)
(0.779621 4.39106e-19 0)
(0.779672 4.409e-19 0)
(0.779722 4.42693e-19 0)
(0.779773 4.44485e-19 0)
(0.779822 4.46277e-19 0)
(0.779871 4.48068e-19 0)
(0.77992 4.49859e-19 0)
(0.779969 4.51649e-19 0)
(0.780016 4.53439e-19 0)
(0.780064 4.55228e-19 0)
(0.780111 4.57017e-19 0)
(0.780157 4.58805e-19 0)
(0.780203 4.60592e-19 0)
(0.780249 4.62379e-19 0)
(0.780294 4.64166e-19 0)
(0.780339 4.65952e-19 0)
(0.780384 4.67737e-19 0)
(0.780428 4.69522e-19 0)
(0.780471 4.71307e-19 0)
(0.780514 4.73091e-19 0)
(0.780557 4.74874e-19 0)
(0.7806 4.76657e-19 0)
(0.780642 4.7844e-19 0)
(0.780683 4.80222e-19 0)
(0.780724 4.82004e-19 0)
(0.780765 4.83785e-19 0)
(0.780806 4.85565e-19 0)
(0.780846 4.87346e-19 0)
(0.780885 4.89125e-19 0)
(0.780924 4.90905e-19 0)
(0.780963 4.92684e-19 0)
(0.781002 4.94462e-19 0)
(0.78104 4.9624e-19 0)
(0.781078 4.98018e-19 0)
(0.781115 4.99795e-19 0)
(0.781152 5.01572e-19 0)
(0.781189 5.03349e-19 0)
(0.781225 5.05125e-19 0)
(0.781261 5.069e-19 0)
(0.781297 5.08676e-19 0)
(0.781332 5.1045e-19 0)
(0.781367 5.12225e-19 0)
(0.781402 5.13999e-19 0)
(0.781436 5.15773e-19 0)
(0.78147 5.17546e-19 0)
(0.781504 5.19319e-19 0)
(0.781537 5.21092e-19 0)
(0.78157 5.22864e-19 0)
(0.781603 5.24636e-19 0)
(0.781635 5.26407e-19 0)
(0.781667 5.28178e-19 0)
(0.781699 5.29949e-19 0)
(0.78173 5.3172e-19 0)
(0.781761 5.3349e-19 0)
(0.781792 5.3526e-19 0)
(0.781823 5.37029e-19 0)
(0.781853 5.38798e-19 0)
(0.781883 5.40567e-19 0)
(0.781912 5.42335e-19 0)
(0.781941 5.44103e-19 0)
(0.78197 5.45871e-19 0)
(0.781999 5.47638e-19 0)
(0.782028 5.49405e-19 0)
(0.782056 5.51172e-19 0)
(0.782084 5.52938e-19 0)
(0.782111 5.54704e-19 0)
(0.782138 5.5647e-19 0)
(0.782165 5.58235e-19 0)
(0.782192 5.6e-19 0)
(0.782219 5.61765e-19 0)
(0.782245 5.63529e-19 0)
(0.782271 5.65292e-19 0)
(0.782297 5.67056e-19 0)
(0.782322 5.68819e-19 0)
(0.782347 5.70581e-19 0)
(0.782372 5.72343e-19 0)
(0.782397 5.74105e-19 0)
(0.782421 5.75867e-19 0)
(0.782446 5.77627e-19 0)
(0.782469 5.79388e-19 0)
(0.782493 5.81148e-19 0)
(0.782517 5.82907e-19 0)
(0.78254 5.84666e-19 0)
(0.782563 5.86425e-19 0)
(0.782586 5.88183e-19 0)
(0.782608 5.8994e-19 0)
(0.78263 5.91697e-19 0)
(0.782652 5.93453e-19 0)
(0.782674 5.95209e-19 0)
(0.782696 5.96964e-19 0)
(0.782717 5.98719e-19 0)
(0.782738 6.00473e-19 0)
(0.782759 6.02226e-19 0)
(0.78278 6.03978e-19 0)
(0.782801 6.0573e-19 0)
(0.782821 6.07481e-19 0)
(0.782841 6.09232e-19 0)
(0.782861 6.10981e-19 0)
(0.782881 6.1273e-19 0)
(0.7829 6.14478e-19 0)
(0.782919 6.16226e-19 0)
(0.782938 6.17972e-19 0)
(0.782957 6.19717e-19 0)
(0.782976 6.21462e-19 0)
(0.782994 6.23206e-19 0)
(0.783013 6.24948e-19 0)
(0.783031 6.2669e-19 0)
(0.783049 6.28431e-19 0)
(0.783066 6.3017e-19 0)
(0.783084 6.31909e-19 0)
(0.783101 6.33646e-19 0)
(0.783118 6.35382e-19 0)
(0.783135 6.37117e-19 0)
(0.783152 6.38851e-19 0)
(0.783169 6.40584e-19 0)
(0.783185 6.42316e-19 0)
(0.783202 6.44046e-19 0)
(0.783218 6.45775e-19 0)
(0.783234 6.47502e-19 0)
(0.783249 6.49229e-19 0)
(0.783265 6.50953e-19 0)
(0.78328 6.52677e-19 0)
(0.783296 6.54399e-19 0)
(0.783311 6.5612e-19 0)
(0.783326 6.57839e-19 0)
(0.78334 6.59557e-19 0)
(0.783355 6.61273e-19 0)
(0.78337 6.62988e-19 0)
(0.783384 6.64701e-19 0)
(0.783398 6.66412e-19 0)
(0.783412 6.68123e-19 0)
(0.783426 6.69831e-19 0)
(0.78344 6.71538e-19 0)
(0.783453 6.73243e-19 0)
(0.783466 6.74947e-19 0)
(0.78348 6.76649e-19 0)
(0.783493 6.7835e-19 0)
(0.783506 6.80049e-19 0)
(0.783519 6.81747e-19 0)
(0.783531 6.83442e-19 0)
(0.783544 6.85137e-19 0)
(0.783556 6.8683e-19 0)
(0.783569 6.88521e-19 0)
(0.783581 6.90211e-19 0)
(0.783593 6.91899e-19 0)
(0.783605 6.93586e-19 0)
(0.783616 6.95271e-19 0)
(0.783628 6.96955e-19 0)
(0.783639 6.98637e-19 0)
(0.783651 7.00319e-19 0)
(0.783662 7.01999e-19 0)
(0.783673 7.03677e-19 0)
(0.783684 7.05355e-19 0)
(0.783695 7.07031e-19 0)
(0.783706 7.08706e-19 0)
(0.783716 7.10381e-19 0)
(0.783727 7.12054e-19 0)
(0.783737 7.13726e-19 0)
(0.783747 7.15398e-19 0)
(0.783758 7.17069e-19 0)
(0.783768 7.1874e-19 0)
(0.783777 7.20409e-19 0)
(0.783787 7.22079e-19 0)
(0.783797 7.23748e-19 0)
(0.783807 7.25417e-19 0)
(0.783816 7.27086e-19 0)
(0.783825 7.28755e-19 0)
(0.783835 7.30424e-19 0)
(0.783844 7.32094e-19 0)
(0.783853 7.33764e-19 0)
(0.783862 7.35434e-19 0)
(0.783871 7.37105e-19 0)
(0.783879 7.38778e-19 0)
(0.783888 7.40451e-19 0)
(0.783897 7.42125e-19 0)
(0.783905 7.43801e-19 0)
(0.783913 7.45479e-19 0)
(0.783922 7.47158e-19 0)
(0.78393 7.48839e-19 0)
(0.783938 7.50522e-19 0)
(0.783946 7.52207e-19 0)
(0.783954 7.53894e-19 0)
(0.783961 7.55583e-19 0)
(0.783969 7.57273e-19 0)
(0.783977 7.58966e-19 0)
(0.783984 7.60661e-19 0)
(0.783992 7.62357e-19 0)
(0.783999 7.64057e-19 0)
(0.784006 7.65758e-19 0)
(0.784013 7.67463e-19 0)
(0.78402 7.69171e-19 0)
(0.784027 7.70881e-19 0)
(0.784034 7.72595e-19 0)
(0.784041 7.74313e-19 0)
(0.784048 7.76034e-19 0)
(0.784054 7.77759e-19 0)
(0.784061 7.79487e-19 0)
(0.784068 7.8122e-19 0)
(0.784074 7.82957e-19 0)
(0.78408 7.84698e-19 0)
(0.784087 7.86443e-19 0)
(0.784093 7.88193e-19 0)
(0.784099 7.89947e-19 0)
(0.784105 7.91706e-19 0)
(0.784111 7.93469e-19 0)
(0.784117 7.95237e-19 0)
(0.784122 7.9701e-19 0)
(0.784128 7.98787e-19 0)
(0.784134 8.00568e-19 0)
(0.784139 8.02353e-19 0)
(0.784145 8.04143e-19 0)
(0.78415 8.05937e-19 0)
(0.784156 8.07735e-19 0)
(0.784161 8.09537e-19 0)
(0.784166 8.11343e-19 0)
(0.784171 8.13152e-19 0)
(0.784177 8.14964e-19 0)
(0.784182 8.16779e-19 0)
(0.784187 8.18597e-19 0)
(0.784192 8.20417e-19 0)
(0.784196 8.2224e-19 0)
(0.784201 8.24065e-19 0)
(0.784206 8.25891e-19 0)
(0.78421 8.27718e-19 0)
(0.784215 8.29546e-19 0)
(0.78422 8.31375e-19 0)
(0.784224 8.33203e-19 0)
(0.784228 8.35031e-19 0)
(0.784233 8.36857e-19 0)
(0.784237 8.38682e-19 0)
(0.784241 8.40504e-19 0)
(0.784246 8.42324e-19 0)
(0.78425 8.4414e-19 0)
(0.784254 8.45952e-19 0)
(0.784258 8.47759e-19 0)
(0.784262 8.49561e-19 0)
(0.784265 8.51356e-19 0)
(0.784269 8.53145e-19 0)
(0.784273 8.54926e-19 0)
(0.784277 8.56698e-19 0)
(0.78428 8.5846e-19 0)
(0.784284 8.60213e-19 0)
(0.784288 8.61955e-19 0)
(0.784291 8.63684e-19 0)
(0.784295 8.65402e-19 0)
(0.784298 8.67106e-19 0)
(0.784301 8.68796e-19 0)
(0.784305 8.70471e-19 0)
(0.784308 8.7213e-19 0)
(0.784311 8.73772e-19 0)
(0.784314 8.75397e-19 0)
(0.784317 8.77003e-19 0)
(0.78432 8.78591e-19 0)
(0.784323 8.80159e-19 0)
(0.784326 8.81707e-19 0)
(0.784329 8.83234e-19 0)
(0.784332 8.84739e-19 0)
(0.784335 8.86223e-19 0)
(0.784338 8.87684e-19 0)
(0.78434 8.89122e-19 0)
(0.784343 8.90537e-19 0)
(0.784346 8.91929e-19 0)
(0.784348 8.93297e-19 0)
(0.784351 8.9464e-19 0)
(0.784353 8.9596e-19 0)
(0.784356 8.97256e-19 0)
(0.784358 8.98528e-19 0)
(0.784361 8.99776e-19 0)
(0.784363 9.01e-19 0)
(0.784365 9.02202e-19 0)
(0.784367 9.0338e-19 0)
(0.78437 9.04537e-19 0)
(0.784372 9.05672e-19 0)
(0.784374 9.06785e-19 0)
(0.784376 9.07878e-19 0)
(0.784378 9.08952e-19 0)
(0.78438 9.10006e-19 0)
(0.784382 9.11043e-19 0)
(0.784384 9.12061e-19 0)
(0.784386 9.13063e-19 0)
(0.784387 9.14049e-19 0)
(0.784389 9.1502e-19 0)
(0.784391 9.15977e-19 0)
(0.784393 9.16919e-19 0)
(0.784394 9.17848e-19 0)
(0.784396 9.18765e-19 0)
(0.784397 9.19668e-19 0)
(0.784399 9.20559e-19 0)
(0.7844 9.21436e-19 0)
(0.784402 9.22301e-19 0)
(0.784403 9.23151e-19 0)
(0.784405 9.23987e-19 0)
(0.784406 9.24806e-19 0)
(0.784407 9.25607e-19 0)
(0.784409 9.26387e-19 0)
(0.78441 9.27146e-19 0)
(0.784411 9.27879e-19 0)
(0.784412 9.28584e-19 0)
(0.784413 9.29257e-19 0)
(0.784414 9.29893e-19 0)
(0.784416 9.3049e-19 0)
(0.784417 9.31042e-19 0)
(0.784418 9.31544e-19 0)
(0.784418 9.31992e-19 0)
(0.784419 9.3238e-19 0)
(0.78442 9.32703e-19 0)
(0.784421 9.32957e-19 0)
(0.784422 9.33136e-19 0)
(0.784423 9.33236e-19 0)
(0.784423 9.33253e-19 0)
(0.784424 9.33184e-19 0)
(0.784425 9.33027e-19 0)
(0.784425 9.3278e-19 0)
(0.784426 9.32443e-19 0)
(0.784426 9.32016e-19 0)
(0.784427 9.31502e-19 0)
(0.784427 9.30906e-19 0)
(0.784428 9.30232e-19 0)
(0.784428 9.29489e-19 0)
(0.784429 9.28688e-19 0)
(0.784429 9.27839e-19 0)
(0.784429 9.26958e-19 0)
(0.78443 9.26058e-19 0)
(0.78443 9.25148e-19 0)
(0.78443 9.24227e-19 0)
(0.78443 9.23266e-19 0)
(0.78443 9.2218e-19 0)
(0.784431 9.20778e-19 0)
(0.784431 9.18676e-19 0)
(0.784431 9.15151e-19 0)
(0.784431 9.08912e-19 0)
(0.784431 8.98645e-19 0)
(0.784431 8.83916e-19 0)
(0.78443 9.09403e-19 0)
(0.78443 9.36728e-19 0)
(0.78443 9.28514e-19 0)
(0.78443 9.12624e-19 0)
(0.78443 9.00291e-19 0)
(0.784429 8.83053e-19 0)
(0.784429 8.51917e-19 0)
(0.784429 8.23562e-19 0)
(0.784428 7.63403e-19 0)
(0.784428 7.00359e-19 0)
(0.784427 6.69511e-19 0)
(0.784427 6.42466e-19 0)
(0.784426 6.30672e-19 0)
(0.784426 6.15286e-19 0)
(0.784425 5.82733e-19 0)
(0.784425 5.60518e-19 0)
(0.784424 6.29878e-19 0)
(0.784423 6.98839e-19 0)
(0.784423 6.73907e-19 0)
(0.784422 6.61158e-19 0)
(0.784421 6.55533e-19 0)
(0.78442 6.60871e-19 0)
(0.784419 6.7738e-19 0)
(0.784418 6.6648e-19 0)
(0.784417 6.1466e-19 0)
(0.784417 5.70695e-19 0)
(0.784416 5.79434e-19 0)
(0.784414 5.99067e-19 0)
(0.784413 5.1384e-19 0)
(0.784412 4.31021e-19 0)
(0.784411 4.64342e-19 0)
(0.78441 5.0137e-19 0)
(0.784409 4.98275e-19 0)
(0.784407 4.93215e-19 0)
(0.784406 5.22551e-19 0)
(0.784405 5.64032e-19 0)
(0.784403 6.2652e-19 0)
(0.784402 6.81443e-19 0)
(0.7844 7.00063e-19 0)
(0.784399 6.92559e-19 0)
(0.784397 6.14564e-19 0)
(0.784396 5.25851e-19 0)
(0.784394 4.84929e-19 0)
(0.784393 4.56168e-19 0)
(0.784391 5.25604e-19 0)
(0.784389 5.8949e-19 0)
(0.784387 5.43294e-19 0)
(0.784386 4.73843e-19 0)
(0.784384 4.87374e-19 0)
(0.784382 5.07108e-19 0)
(0.78438 4.52242e-19 0)
(0.784378 3.91403e-19 0)
(0.784376 3.98888e-19 0)
(0.784374 4.03865e-19 0)
(0.784372 3.33215e-19 0)
(0.78437 2.90711e-19 0)
(0.784367 3.61482e-19 0)
(0.784365 4.39277e-19 0)
(0.784363 4.17104e-19 0)
(0.784361 3.96065e-19 0)
(0.784358 3.70785e-19 0)
(0.784356 3.56008e-19 0)
(0.784353 3.62397e-19 0)
(0.784351 3.56402e-19 0)
(0.784348 3.78638e-19 0)
(0.784346 4.0405e-19 0)
(0.784343 4.08856e-19 0)
(0.78434 4.17466e-19 0)
(0.784338 3.93232e-19 0)
(0.784335 3.65148e-19 0)
(0.784332 3.67062e-19 0)
(0.784329 3.87746e-19 0)
(0.784326 4.40483e-19 0)
(0.784323 4.89939e-19 0)
(0.78432 4.99996e-19 0)
(0.784317 4.96127e-19 0)
(0.784314 4.72954e-19 0)
(0.784311 4.57259e-19 0)
(0.784308 4.78019e-19 0)
(0.784305 5.00126e-19 0)
(0.784301 4.88797e-19 0)
(0.784298 4.79172e-19 0)
(0.784295 5.1124e-19 0)
(0.784291 5.71239e-19 0)
(0.784288 6.19075e-19 0)
(0.784284 6.67743e-19 0)
(0.78428 7.29897e-19 0)
(0.784277 7.70089e-19 0)
(0.784273 8.18289e-19 0)
(0.784269 8.6262e-19 0)
(0.784265 8.90958e-19 0)
(0.784262 9.35022e-19 0)
(0.784258 9.06489e-19 0)
(0.784254 8.74797e-19 0)
(0.78425 9.07395e-19 0)
(0.784245 9.37775e-19 0)
(0.784241 1.0054e-18 0)
(0.784237 1.0648e-18 0)
(0.784233 1.06995e-18 0)
(0.784228 1.06763e-18 0)
(0.784224 1.11072e-18 0)
(0.78422 1.1614e-18 0)
(0.784215 1.17834e-18 0)
(0.78421 1.17665e-18 0)
(0.784206 1.11008e-18 0)
(0.784201 1.05001e-18 0)
(0.784196 1.06416e-18 0)
(0.784191 1.06626e-18 0)
(0.784187 9.82972e-19 0)
(0.784182 8.8645e-19 0)
(0.784177 8.46357e-19 0)
(0.784171 8.24065e-19 0)
(0.784166 8.42002e-19 0)
(0.784161 8.65885e-19 0)
(0.784156 8.55448e-19 0)
(0.78415 8.27867e-19 0)
(0.784145 7.679e-19 0)
(0.784139 7.10641e-19 0)
(0.784134 6.92197e-19 0)
(0.784128 6.81819e-19 0)
(0.784122 6.94718e-19 0)
(0.784117 7.14986e-19 0)
(0.784111 7.26096e-19 0)
(0.784105 7.52001e-19 0)
(0.784099 7.72968e-19 0)
(0.784093 6.91715e-19 0)
(0.784087 6.14432e-19 0)
(0.78408 6.4209e-19 0)
(0.784074 6.68116e-19 0)
(0.784068 6.5465e-19 0)
(0.784061 6.35117e-19 0)
(0.784054 6.50063e-19 0)
(0.784048 6.57161e-19 0)
(0.784041 6.80965e-19 0)
(0.784034 7.04912e-19 0)
(0.784027 7.12794e-19 0)
(0.78402 7.30255e-19 0)
(0.784013 7.1669e-19 0)
(0.784006 7.00169e-19 0)
(0.783999 7.07895e-19 0)
(0.783992 7.07928e-19 0)
(0.783984 7.05897e-19 0)
(0.783977 7.03934e-19 0)
(0.783969 7.0933e-19 0)
(0.783961 7.43464e-19 0)
(0.783954 7.70779e-19 0)
(0.783946 7.99904e-19 0)
(0.783938 8.38999e-19 0)
(0.78393 8.58582e-19 0)
(0.783922 8.3562e-19 0)
(0.783913 8.07422e-19 0)
(0.783905 8.11192e-19 0)
(0.783897 8.2218e-19 0)
(0.783888 9.2078e-19 0)
(0.783879 1.01281e-18 0)
(0.783871 1.00295e-18 0)
(0.783862 9.85671e-19 0)
(0.783853 9.94206e-19 0)
(0.783844 1.00427e-18 0)
(0.783835 9.915e-19 0)
(0.783825 9.8991e-19 0)
(0.783816 9.66305e-19 0)
(0.783807 9.52241e-19 0)
(0.783797 9.68418e-19 0)
(0.783787 9.56613e-19 0)
(0.783777 9.72726e-19 0)
(0.783768 1.00047e-18 0)
(0.783758 1.01949e-18 0)
(0.783747 1.05542e-18 0)
(0.783737 1.06067e-18 0)
(0.783727 1.0689e-18 0)
(0.783716 1.05658e-18 0)
(0.783706 1.00643e-18 0)
(0.783695 9.88991e-19 0)
(0.783684 1.02644e-18 0)
(0.783673 1.07675e-18 0)
(0.783662 1.11435e-18 0)
(0.783651 1.0805e-18 0)
(0.783639 1.0543e-18 0)
(0.783628 1.10379e-18 0)
(0.783616 1.13689e-18 0)
(0.783605 1.12052e-18 0)
(0.783593 1.09669e-18 0)
(0.783581 1.11294e-18 0)
(0.783568 1.14375e-18 0)
(0.783556 1.14338e-18 0)
(0.783544 1.13618e-18 0)
(0.783531 1.14646e-18 0)
(0.783519 1.13224e-18 0)
(0.783506 1.065e-18 0)
(0.783493 1.00147e-18 0)
(0.78348 1.00167e-18 0)
(0.783466 9.98995e-19 0)
(0.783453 1.00143e-18 0)
(0.783439 1.0103e-18 0)
(0.783426 1.0213e-18 0)
(0.783412 1.03314e-18 0)
(0.783398 1.06092e-18 0)
(0.783384 1.07748e-18 0)
(0.783369 1.06099e-18 0)
(0.783355 1.03941e-18 0)
(0.78334 1.07869e-18 0)
(0.783326 1.11736e-18 0)
(0.783311 1.09998e-18 0)
(0.783296 1.09454e-18 0)
(0.78328 1.03485e-18 0)
(0.783265 9.77632e-19 0)
(0.783249 9.79106e-19 0)
(0.783234 9.75163e-19 0)
(0.783218 9.01182e-19 0)
(0.783202 8.21522e-19 0)
(0.783185 8.04923e-19 0)
(0.783169 8.18372e-19 0)
(0.783152 8.99634e-19 0)
(0.783135 9.94042e-19 0)
(0.783118 1.0476e-18 0)
(0.783101 1.09682e-18 0)
(0.783084 1.12497e-18 0)
(0.783066 1.16038e-18 0)
(0.783049 1.16545e-18 0)
(0.783031 1.0998e-18 0)
(0.783013 1.1031e-18 0)
(0.782994 1.10236e-18 0)
(0.782976 1.09091e-18 0)
(0.782957 1.16569e-18 0)
(0.782938 1.16169e-18 0)
(0.782919 1.15474e-18 0)
(0.7829 1.22098e-18 0)
(0.782881 1.2623e-18 0)
(0.782861 1.23906e-18 0)
(0.782841 1.21334e-18 0)
(0.782821 1.24899e-18 0)
(0.782801 1.27589e-18 0)
(0.78278 1.28385e-18 0)
(0.782759 1.2855e-18 0)
(0.782738 1.29079e-18 0)
(0.782717 1.3239e-18 0)
(0.782696 1.35182e-18 0)
(0.782674 1.3797e-18 0)
(0.782652 1.41715e-18 0)
(0.78263 1.45872e-18 0)
(0.782608 1.47674e-18 0)
(0.782586 1.49935e-18 0)
(0.782563 1.55054e-18 0)
(0.78254 1.56998e-18 0)
(0.782517 1.58359e-18 0)
(0.782493 1.59514e-18 0)
(0.782469 1.60923e-18 0)
(0.782445 1.64444e-18 0)
(0.782421 1.66835e-18 0)
(0.782397 1.65372e-18 0)
(0.782372 1.63607e-18 0)
(0.782347 1.65129e-18 0)
(0.782322 1.66623e-18 0)
(0.782297 1.57361e-18 0)
(0.782271 1.47365e-18 0)
(0.782245 1.4722e-18 0)
(0.782219 1.46901e-18 0)
(0.782192 1.39493e-18 0)
(0.782165 1.31563e-18 0)
(0.782138 1.30096e-18 0)
(0.782111 1.31198e-18 0)
(0.782084 1.29014e-18 0)
(0.782056 1.26421e-18 0)
(0.782028 1.26261e-18 0)
(0.781999 1.23144e-18 0)
(0.78197 1.1584e-18 0)
(0.781941 1.0867e-18 0)
(0.781912 1.05553e-18 0)
(0.781883 1.01964e-18 0)
(0.781853 9.85693e-19 0)
(0.781822 9.49951e-19 0)
(0.781792 9.07218e-19 0)
(0.781761 8.82903e-19 0)
(0.78173 8.89878e-19 0)
(0.781699 8.93342e-19 0)
(0.781667 8.58419e-19 0)
(0.781635 7.97717e-19 0)
(0.781603 7.58815e-19 0)
(0.78157 7.23492e-19 0)
(0.781537 6.67083e-19 0)
(0.781504 6.35652e-19 0)
(0.78147 6.52568e-19 0)
(0.781436 6.8424e-19 0)
(0.781402 6.89212e-19 0)
(0.781367 7.08636e-19 0)
(0.781332 7.16016e-19 0)
(0.781297 7.36067e-19 0)
(0.781261 7.89139e-19 0)
(0.781225 8.24315e-19 0)
(0.781189 7.65572e-19 0)
(0.781152 7.11236e-19 0)
(0.781115 7.54151e-19 0)
(0.781078 8.07228e-19 0)
(0.78104 8.43251e-19 0)
(0.781002 8.83166e-19 0)
(0.780963 9.42231e-19 0)
(0.780924 9.82816e-19 0)
(0.780885 9.19377e-19 0)
(0.780845 8.61741e-19 0)
(0.780805 9.15224e-19 0)
(0.780765 9.67438e-19 0)
(0.780724 1.02507e-18 0)
(0.780683 1.07952e-18 0)
(0.780642 1.12169e-18 0)
(0.7806 1.15848e-18 0)
(0.780557 1.12183e-18 0)
(0.780514 1.07136e-18 0)
(0.780471 1.0717e-18 0)
(0.780428 1.06975e-18 0)
(0.780384 1.01344e-18 0)
(0.780339 9.48642e-19 0)
(0.780294 9.25338e-19 0)
(0.780249 9.2491e-19 0)
(0.780203 9.24543e-19 0)
(0.780157 9.32667e-19 0)
(0.780111 9.58637e-19 0)
(0.780064 9.67199e-19 0)
(0.780016 1.005e-18 0)
(0.779968 1.04377e-18 0)
(0.77992 1.06164e-18 0)
(0.779871 1.10609e-18 0)
(0.779822 1.13771e-18 0)
(0.779772 1.15924e-18 0)
(0.779722 1.17895e-18 0)
(0.779672 1.17078e-18 0)
(0.779621 1.0984e-18 0)
(0.779569 1.02539e-18 0)
(0.779517 1.0112e-18 0)
(0.779465 9.83173e-19 0)
(0.779412 9.48211e-19 0)
(0.779358 9.18694e-19 0)
(0.779304 8.70677e-19 0)
(0.77925 8.27443e-19 0)
(0.779195 8.35467e-19 0)
(0.779139 8.41767e-19 0)
(0.779083 8.22771e-19 0)
(0.779027 8.19922e-19 0)
(0.77897 8.23163e-19 0)
(0.778913 8.33082e-19 0)
(0.778855 8.50265e-19 0)
(0.778796 8.65142e-19 0)
(0.778737 8.45439e-19 0)
(0.778677 8.26518e-19 0)
(0.778617 8.4502e-19 0)
(0.778557 8.49122e-19 0)
(0.778495 8.36934e-19 0)
(0.778434 8.1989e-19 0)
(0.778371 7.76969e-19 0)
(0.778309 7.49265e-19 0)
(0.778245 8.39096e-19 0)
(0.778181 9.29113e-19 0)
(0.778117 9.24779e-19 0)
(0.778052 9.15521e-19 0)
(0.777986 9.07814e-19 0)
(0.77792 8.98278e-19 0)
(0.777853 8.83484e-19 0)
(0.777785 8.76838e-19 0)
(0.777717 9.07295e-19 0)
(0.777649 9.3803e-19 0)
(0.77758 9.33366e-19 0)
(0.77751 9.12271e-19 0)
(0.777439 8.6924e-19 0)
(0.777368 8.37981e-19 0)
(0.777297 8.48157e-19 0)
(0.777224 8.60523e-19 0)
(0.777152 8.96949e-19 0)
(0.777078 9.29526e-19 0)
(0.777004 9.35759e-19 0)
(0.776929 9.53908e-19 0)
(0.776854 9.71029e-19 0)
(0.776778 9.89096e-19 0)
(0.776701 1.00935e-18 0)
(0.776624 1.03389e-18 0)
(0.776546 1.04817e-18 0)
(0.776467 9.98796e-19 0)
(0.776388 9.53777e-19 0)
(0.776308 9.75969e-19 0)
(0.776227 9.92958e-19 0)
(0.776146 1.00616e-18 0)
(0.776064 1.01476e-18 0)
(0.775981 1.01701e-18 0)
(0.775897 1.02943e-18 0)
(0.775813 1.03967e-18 0)
(0.775729 1.04941e-18 0)
(0.775643 1.06483e-18 0)
(0.775557 1.10366e-18 0)
(0.77547 1.08112e-18 0)
(0.775382 1.06623e-18 0)
(0.775294 1.12307e-18 0)
(0.775205 1.14711e-18 0)
(0.775115 1.05213e-18 0)
(0.775025 9.45406e-19 0)
(0.774933 9.35339e-19 0)
(0.774841 9.15316e-19 0)
(0.774748 9.1381e-19 0)
(0.774655 9.03911e-19 0)
(0.774561 8.5716e-19 0)
(0.774466 8.15564e-19 0)
(0.77437 7.69072e-19 0)
(0.774273 7.23104e-19 0)
(0.774176 6.768e-19 0)
(0.774078 6.12182e-19 0)
(0.773979 5.00871e-19 0)
(0.773879 3.95556e-19 0)
(0.773779 3.44001e-19 0)
(0.773678 2.99664e-19 0)
(0.773576 2.84309e-19 0)
(0.773473 2.75281e-19 0)
(0.773369 2.54804e-19 0)
(0.773265 2.70045e-19 0)
(0.77316 3.50764e-19 0)
(0.773053 4.26373e-19 0)
(0.772947 4.3772e-19 0)
(0.772839 4.39374e-19 0)
(0.77273 4.40601e-19 0)
(0.772621 4.42005e-19 0)
(0.772511 4.46098e-19 0)
(0.7724 4.39151e-19 0)
(0.772288 4.58563e-19 0)
(0.772175 4.75801e-19 0)
(0.772061 4.62563e-19 0)
(0.771947 4.49453e-19 0)
(0.771832 4.44918e-19 0)
(0.771715 4.41031e-19 0)
(0.771598 4.27148e-19 0)
(0.77148 4.39675e-19 0)
(0.771361 4.34521e-19 0)
(0.771242 4.39417e-19 0)
(0.771121 4.82214e-19 0)
(0.771 5.19659e-19 0)
(0.770877 5.59941e-19 0)
(0.770754 6.03363e-19 0)
(0.77063 6.46129e-19 0)
(0.770505 6.69023e-19 0)
(0.770379 6.48987e-19 0)
(0.770252 6.28853e-19 0)
(0.770124 6.67829e-19 0)
(0.769995 6.95536e-19 0)
(0.769865 6.8523e-19 0)
(0.769735 6.71557e-19 0)
(0.769603 6.88832e-19 0)
(0.769471 7.14576e-19 0)
(0.769337 6.69385e-19 0)
(0.769203 6.15414e-19 0)
(0.769067 6.04595e-19 0)
(0.768931 6.06957e-19 0)
(0.768794 6.02988e-19 0)
(0.768655 5.98562e-19 0)
(0.768516 5.80363e-19 0)
(0.768376 5.81813e-19 0)
(0.768235 5.40441e-19 0)
(0.768093 5.04946e-19 0)
(0.76795 5.48208e-19 0)
(0.767806 5.73864e-19 0)
(0.76766 6.12055e-19 0)
(0.767514 6.45323e-19 0)
(0.767367 6.62089e-19 0)
(0.767219 7.01501e-19 0)
(0.76707 7.31134e-19 0)
(0.76692 7.54512e-19 0)
(0.766769 7.80651e-19 0)
(0.766617 7.94382e-19 0)
(0.766464 8.10031e-19 0)
(0.766309 8.27518e-19 0)
(0.766154 8.47006e-19 0)
(0.765998 8.80322e-19 0)
(0.765841 9.71249e-19 0)
(0.765682 1.05785e-18 0)
(0.765523 1.07852e-18 0)
(0.765363 1.07134e-18 0)
(0.765201 1.03164e-18 0)
(0.765039 1.00543e-18 0)
(0.764875 1.05031e-18 0)
(0.76471 1.08621e-18 0)
(0.764545 1.10039e-18 0)
(0.764378 1.09488e-18 0)
(0.76421 1.06068e-18 0)
(0.764041 1.04179e-18 0)
(0.763871 1.02584e-18 0)
(0.7637 1.01338e-18 0)
(0.763528 1.00569e-18 0)
(0.763355 9.8946e-19 0)
(0.763181 1.00393e-18 0)
(0.763005 1.01496e-18 0)
(0.762829 9.95509e-19 0)
(0.762651 9.83741e-19 0)
(0.762472 8.76327e-19 0)
(0.762293 7.76575e-19 0)
(0.762112 7.87694e-19 0)
(0.76193 8.06229e-19 0)
(0.761746 7.9027e-19 0)
(0.761562 7.71064e-19 0)
(0.761377 7.85079e-19 0)
(0.76119 8.03136e-19 0)
(0.761003 8.10956e-19 0)
(0.760814 8.16226e-19 0)
(0.760624 8.25193e-19 0)
(0.760433 8.32379e-19 0)
(0.760241 8.16485e-19 0)
(0.760047 7.27526e-19 0)
(0.759853 6.56788e-19 0)
(0.759657 6.31486e-19 0)
(0.75946 6.08435e-19 0)
(0.759262 6.13379e-19 0)
(0.759063 5.96941e-19 0)
(0.758863 5.72836e-19 0)
(0.758661 5.62997e-19 0)
(0.758459 5.55732e-19 0)
(0.758255 5.52657e-19 0)
(0.75805 5.54865e-19 0)
(0.757844 5.69068e-19 0)
(0.757636 5.80363e-19 0)
(0.757428 5.95351e-19 0)
(0.757218 6.15816e-19 0)
(0.757007 6.03176e-19 0)
(0.756795 5.08021e-19 0)
(0.756581 4.025e-19 0)
(0.756367 3.57941e-19 0)
(0.756151 3.28326e-19 0)
(0.755934 3.28451e-19 0)
(0.755716 3.31253e-19 0)
(0.755496 3.02396e-19 0)
(0.755275 2.69104e-19 0)
(0.755054 2.4246e-19 0)
(0.75483 2.2334e-19 0)
(0.754606 2.13121e-19 0)
(0.75438 2.18723e-19 0)
(0.754154 2.86753e-19 0)
(0.753925 3.48793e-19 0)
(0.753696 3.4304e-19 0)
(0.753466 3.16964e-19 0)
(0.753234 3.236e-19 0)
(0.753001 3.37893e-19 0)
(0.752766 3.29889e-19 0)
(0.752531 3.31193e-19 0)
(0.752294 2.83213e-19 0)
(0.752055 2.36928e-19 0)
(0.751816 2.48741e-19 0)
(0.751575 2.69487e-19 0)
(0.751333 2.87187e-19 0)
(0.75109 3.1494e-19 0)
(0.750845 3.81977e-19 0)
(0.750599 4.40846e-19 0)
(0.750352 4.28442e-19 0)
(0.750104 4.08937e-19 0)
(0.749854 4.25228e-19 0)
(0.749603 4.31024e-19 0)
(0.74935 3.85557e-19 0)
(0.749096 3.50087e-19 0)
(0.748841 4.00113e-19 0)
(0.748585 4.7867e-19 0)
(0.748327 5.10556e-19 0)
(0.748068 5.24142e-19 0)
(0.747808 5.4273e-19 0)
(0.747546 5.55752e-19 0)
(0.747283 5.76615e-19 0)
(0.747018 5.97358e-19 0)
(0.746753 6.09308e-19 0)
(0.746485 6.296e-19 0)
(0.746217 6.23121e-19 0)
(0.745947 6.12686e-19 0)
(0.745676 6.21622e-19 0)
(0.745403 6.09307e-19 0)
(0.745129 5.70066e-19 0)
(0.744854 5.37682e-19 0)
(0.744577 5.42262e-19 0)
(0.744299 5.45252e-19 0)
(0.744019 4.47052e-19 0)
(0.743738 3.50206e-19 0)
(0.743456 3.56663e-19 0)
(0.743172 3.72925e-19 0)
(0.742886 3.90082e-19 0)
(0.7426 4.10114e-19 0)
(0.742312 4.35175e-19 0)
(0.742022 4.51138e-19 0)
(0.741731 4.28594e-19 0)
(0.741439 4.04124e-19 0)
(0.741145 4.14978e-19 0)
(0.74085 4.2097e-19 0)
(0.740553 4.32179e-19 0)
(0.740255 4.57043e-19 0)
(0.739955 5.07024e-19 0)
(0.739654 5.58067e-19 0)
(0.739351 5.4715e-19 0)
(0.739047 5.28941e-19 0)
(0.738741 5.48179e-19 0)
(0.738434 5.81023e-19 0)
(0.738126 6.0741e-19 0)
(0.737816 6.23009e-19 0)
(0.737504 6.26752e-19 0)
(0.737191 6.32863e-19 0)
(0.736876 6.93817e-19 0)
(0.73656 7.47561e-19 0)
(0.736242 7.3231e-19 0)
(0.735923 6.899e-19 0)
(0.735602 7.19872e-19 0)
(0.73528 7.50122e-19 0)
(0.734956 7.0888e-19 0)
(0.734631 6.95778e-19 0)
(0.734304 7.53082e-19 0)
(0.733975 8.12066e-19 0)
(0.733645 8.04069e-19 0)
(0.733313 7.818e-19 0)
(0.73298 7.59499e-19 0)
(0.732645 7.3548e-19 0)
(0.732308 7.08768e-19 0)
(0.73197 6.84058e-19 0)
(0.73163 6.88278e-19 0)
(0.731289 6.95079e-19 0)
(0.730946 6.72993e-19 0)
(0.730601 6.32627e-19 0)
(0.730255 5.97633e-19 0)
(0.729907 5.62126e-19 0)
(0.729558 5.20906e-19 0)
(0.729207 4.80673e-19 0)
(0.728854 5.08847e-19 0)
(0.728499 5.38026e-19 0)
(0.728143 5.05272e-19 0)
(0.727785 5.07863e-19 0)
(0.727425 5.79705e-19 0)
(0.727064 6.55725e-19 0)
(0.726701 6.76963e-19 0)
(0.726336 6.96142e-19 0)
(0.72597 7.13374e-19 0)
(0.725602 6.9174e-19 0)
(0.725232 6.76964e-19 0)
(0.72486 7.15823e-19 0)
(0.724487 7.59331e-19 0)
(0.724111 6.98282e-19 0)
(0.723735 6.35498e-19 0)
(0.723356 6.72529e-19 0)
(0.722975 7.13123e-19 0)
(0.722593 7.43974e-19 0)
(0.722209 7.6586e-19 0)
(0.721823 7.78869e-19 0)
(0.721436 7.77216e-19 0)
(0.721046 8.05225e-19 0)
(0.720655 8.46751e-19 0)
(0.720262 8.96474e-19 0)
(0.719867 9.44322e-19 0)
(0.71947 9.19255e-19 0)
(0.719071 8.87092e-19 0)
(0.718671 8.97889e-19 0)
(0.718268 9.12021e-19 0)
(0.717864 9.45675e-19 0)
(0.717458 9.7302e-19 0)
(0.71705 9.73772e-19 0)
(0.71664 9.79011e-19 0)
(0.716228 9.74762e-19 0)
(0.715814 9.74309e-19 0)
(0.715398 9.60125e-19 0)
(0.714981 9.49579e-19 0)
(0.714561 9.30108e-19 0)
(0.71414 9.01684e-19 0)
(0.713716 8.94461e-19 0)
(0.71329 8.74857e-19 0)
(0.712863 8.32177e-19 0)
(0.712434 7.90443e-19 0)
(0.712002 7.79486e-19 0)
(0.711569 7.94715e-19 0)
(0.711133 8.72652e-19 0)
(0.710696 9.52465e-19 0)
(0.710256 9.72398e-19 0)
(0.709815 9.78671e-19 0)
(0.709371 9.78029e-19 0)
(0.708925 9.71296e-19 0)
(0.708478 9.58702e-19 0)
(0.708028 9.51474e-19 0)
(0.707576 1.03633e-18 0)
(0.707122 1.12518e-18 0)
(0.706666 1.15304e-18 0)
(0.706208 1.16276e-18 0)
(0.705747 1.15068e-18 0)
(0.705285 1.12645e-18 0)
(0.70482 1.08499e-18 0)
(0.704354 1.04305e-18 0)
(0.703885 1.07209e-18 0)
(0.703414 1.09841e-18 0)
(0.70294 1.05382e-18 0)
(0.702465 1.0231e-18 0)
(0.701987 9.94661e-19 0)
(0.701507 9.67447e-19 0)
(0.701025 9.40232e-19 0)
(0.700541 9.02981e-19 0)
(0.700054 8.96801e-19 0)
(0.699566 8.91842e-19 0)
(0.699074 8.5811e-19 0)
(0.698581 8.30302e-19 0)
(0.698086 8.37492e-19 0)
(0.697588 8.43283e-19 0)
(0.697087 8.1047e-19 0)
(0.696585 7.70858e-19 0)
(0.69608 7.39583e-19 0)
(0.695573 7.15405e-19 0)
(0.695063 6.97119e-19 0)
(0.694552 6.99683e-19 0)
(0.694037 7.08336e-19 0)
(0.693521 7.33724e-19 0)
(0.693002 7.56925e-19 0)
(0.69248 7.82653e-19 0)
(0.691957 8.98919e-19 0)
(0.69143 9.86259e-19 0)
(0.690902 9.599e-19 0)
(0.690371 9.24693e-19 0)
(0.689837 9.41632e-19 0)
(0.689301 9.58151e-19 0)
(0.688763 9.15493e-19 0)
(0.688222 8.72024e-19 0)
(0.687678 9.38588e-19 0)
(0.687132 1.01172e-18 0)
(0.686584 9.82324e-19 0)
(0.686033 9.5588e-19 0)
(0.685479 9.30456e-19 0)
(0.684923 9.23447e-19 0)
(0.684365 9.48997e-19 0)
(0.683803 9.70529e-19 0)
(0.68324 8.96907e-19 0)
(0.682673 8.43119e-19 0)
(0.682104 9.36277e-19 0)
(0.681532 1.01997e-18 0)
(0.680958 9.43251e-19 0)
(0.680381 8.5842e-19 0)
(0.679802 8.42987e-19 0)
(0.679219 8.12506e-19 0)
(0.678634 8.08962e-19 0)
(0.678047 7.91956e-19 0)
(0.677456 7.6548e-19 0)
(0.676863 7.42798e-19 0)
(0.676267 7.07795e-19 0)
(0.675668 6.62677e-19 0)
(0.675067 6.08512e-19 0)
(0.674463 5.34101e-19 0)
(0.673856 5.30585e-19 0)
(0.673246 5.29925e-19 0)
(0.672633 4.58241e-19 0)
(0.672018 3.87131e-19 0)
(0.6714 3.13326e-19 0)
(0.670779 2.40118e-19 0)
(0.670154 1.71222e-19 0)
(0.669528 1.69081e-19 0)
(0.668898 1.15458e-19 0)
(0.668265 6.10729e-20 0)
(0.667629 6.19932e-20 0)
(0.666991 1.93708e-20 0)
(0.666349 -1.23768e-20 0)
(0.665704 -3.19032e-20 0)
(0.665057 -3.85227e-20 0)
(0.664406 -3.04661e-20 0)
(0.663753 -2.23256e-20 0)
(0.663096 -4.43481e-20 0)
(0.662436 -6.08842e-20 0)
(0.661773 -4.24965e-20 0)
(0.661108 -3.00886e-20 0)
(0.660439 -1.34589e-20 0)
(0.659766 -2.04216e-21 0)
(0.659091 -6.18812e-21 0)
(0.658413 -6.67232e-21 0)
(0.657731 -1.45344e-20 0)
(0.657047 -1.81272e-20 0)
(0.656359 7.60712e-20 0)
(0.655667 1.81661e-19 0)
(0.654973 1.83416e-19 0)
(0.654275 1.8197e-19 0)
(0.653574 1.94831e-19 0)
(0.65287 2.10461e-19 0)
(0.652163 2.63452e-19 0)
(0.651452 3.24482e-19 0)
(0.650738 3.66644e-19 0)
(0.65002 3.90298e-19 0)
(0.649299 3.34216e-19 0)
(0.648575 2.70595e-19 0)
(0.647847 2.78047e-19 0)
(0.647116 3.01269e-19 0)
(0.646381 3.24527e-19 0)
(0.645643 3.52795e-19 0)
(0.644901 3.84857e-19 0)
(0.644156 4.02941e-19 0)
(0.643408 3.11744e-19 0)
(0.642655 2.22758e-19 0)
(0.641899 1.96166e-19 0)
(0.64114 1.71259e-19 0)
(0.640377 1.47463e-19 0)
(0.63961 1.36172e-19 0)
(0.63884 1.72619e-19 0)
(0.638066 2.20039e-19 0)
(0.637288 1.81943e-19 0)
(0.636506 1.33556e-19 0)
(0.635721 1.77798e-19 0)
(0.634932 2.22763e-19 0)
(0.634139 2.52809e-19 0)
(0.633342 2.68466e-19 0)
(0.632542 2.76004e-19 0)
(0.631737 2.68783e-19 0)
(0.630929 2.98718e-19 0)
(0.630117 3.35826e-19 0)
(0.6293 3.39163e-19 0)
(0.62848 3.34766e-19 0)
(0.627656 2.92796e-19 0)
(0.626827 2.61081e-19 0)
(0.625995 3.20232e-19 0)
(0.625158 3.74124e-19 0)
(0.624318 3.71193e-19 0)
(0.623473 3.56203e-19 0)
(0.622624 3.40976e-19 0)
(0.621771 3.4049e-19 0)
(0.620914 3.34916e-19 0)
(0.620052 3.24479e-19 0)
(0.619186 3.12733e-19 0)
(0.618316 3.15617e-19 0)
(0.617441 2.9672e-19 0)
(0.616562 2.95924e-19 0)
(0.615678 2.96403e-19 0)
(0.61479 2.77632e-19 0)
(0.613898 2.61766e-19 0)
(0.613001 2.40538e-19 0)
(0.612099 2.53142e-19 0)
(0.611193 2.5831e-19 0)
(0.610282 2.6126e-19 0)
(0.609367 2.53128e-19 0)
(0.608446 2.2956e-19 0)
(0.607521 2.17432e-19 0)
(0.606592 2.08058e-19 0)
(0.605657 2.01034e-19 0)
(0.604718 1.95967e-19 0)
(0.603773 1.85656e-19 0)
(0.602824 1.09568e-19 0)
(0.601869 3.22459e-20 0)
(0.60091 1.88246e-20 0)
(0.599945 1.47e-21 0)
(0.598976 -2.86075e-20 0)
(0.598001 -5.54409e-20 0)
(0.597021 -6.60314e-20 0)
(0.596036 -7.3589e-20 0)
(0.595045 -1.02513e-19 0)
(0.594049 -1.30212e-19 0)
(0.593048 -1.347e-19 0)
(0.592041 -1.30091e-19 0)
(0.591029 -1.23053e-19 0)
(0.590011 -1.03898e-19 0)
(0.588987 -1.04191e-19 0)
(0.587958 -9.17548e-20 0)
(0.586923 -1.06187e-19 0)
(0.585882 -1.36936e-19 0)
(0.584835 -1.26087e-19 0)
(0.583783 -1.25606e-19 0)
(0.582724 -1.04635e-19 0)
(0.58166 -8.7284e-20 0)
(0.580589 -1.00907e-19 0)
(0.579512 -1.15607e-19 0)
(0.578429 -6.40434e-20 0)
(0.57734 -1.3751e-20 0)
(0.576244 -3.26004e-20 0)
(0.575142 -5.91845e-20 0)
(0.574034 -8.19294e-20 0)
(0.572918 -1.02251e-19 0)
(0.571797 -1.19924e-19 0)
(0.570668 -1.43343e-19 0)
(0.569533 -1.55496e-19 0)
(0.56839 -1.70163e-19 0)
(0.567241 -2.00558e-19 0)
(0.566085 -2.03536e-19 0)
(0.564922 -1.77771e-19 0)
(0.563751 -1.52383e-19 0)
(0.562573 -1.55815e-19 0)
(0.561388 -1.91857e-19 0)
(0.560195 -1.85109e-19 0)
(0.558995 -1.77934e-19 0)
(0.557787 -2.1058e-19 0)
(0.556571 -2.29501e-19 0)
(0.555347 -2.47933e-19 0)
(0.554115 -2.61862e-19 0)
(0.552876 -2.60162e-19 0)
(0.551628 -2.13371e-19 0)
(0.550371 -1.75687e-19 0)
(0.549107 -1.72994e-19 0)
(0.547833 -1.76956e-19 0)
(0.546551 -1.82324e-19 0)
(0.545261 -1.87633e-19 0)
(0.543961 -1.76984e-19 0)
(0.542652 -1.66166e-19 0)
(0.541335 -1.71877e-19 0)
(0.540007 -1.64908e-19 0)
(0.538671 -1.60261e-19 0)
(0.537325 -1.60653e-19 0)
(0.535969 -1.65088e-19 0)
(0.534603 -1.83461e-19 0)
(0.533227 -1.8598e-19 0)
(0.531841 -1.8616e-19 0)
(0.530444 -1.99557e-19 0)
(0.529037 -2.05286e-19 0)
(0.527619 -2.01468e-19 0)
(0.526191 -1.97652e-19 0)
(0.524751 -2.04006e-19 0)
(0.5233 -2.18209e-19 0)
(0.521837 -2.30056e-19 0)
(0.520363 -2.473e-19 0)
(0.518877 -2.76651e-19 0)
(0.517379 -2.98268e-19 0)
(0.515868 -3.19606e-19 0)
(0.514345 -3.25668e-19 0)
(0.51281 -3.26675e-19 0)
(0.511261 -3.33637e-19 0)
(0.509699 -3.32812e-19 0)
(0.508123 -3.38906e-19 0)
(0.506534 -3.5005e-19 0)
(0.50493 -3.40204e-19 0)
(0.503313 -2.69403e-19 0)
(0.50168 -1.96632e-19 0)
(0.500033 -1.82588e-19 0)
(0.49837 -1.83574e-19 0)
(0.496692 -1.76161e-19 0)
(0.494998 -1.66693e-19 0)
(0.493288 -1.61155e-19 0)
(0.491561 -1.48584e-19 0)
(0.489817 -1.35798e-19 0)
(0.488056 -1.26281e-19 0)
(0.486277 -1.20273e-19 0)
(0.48448 -1.23145e-19 0)
(0.482665 -1.14917e-19 0)
(0.48083 -1.01901e-19 0)
(0.478976 -1.04331e-19 0)
(0.477102 -1.03634e-19 0)
(0.475207 -9.15848e-20 0)
(0.473292 -7.54074e-20 0)
(0.471355 -9.56874e-20 0)
(0.469395 -1.13526e-19 0)
(0.467414 -1.11137e-19 0)
(0.465408 -1.15222e-19 0)
(0.463379 -1.0076e-19 0)
(0.461326 -7.86535e-20 0)
(0.459247 -5.81485e-20 0)
(0.457142 -4.04247e-20 0)
(0.45501 -2.35439e-20 0)
(0.452851 -1.30166e-20 0)
(0.450663 -2.25663e-20 0)
(0.448446 -3.23931e-20 0)
(0.446199 -2.17932e-20 0)
(0.443921 -1.07486e-20 0)
(0.441611 -2.00216e-20 0)
(0.439267 -2.45682e-20 0)
(0.436889 -2.58607e-20 0)
(0.434476 -2.72329e-20 0)
(0.432026 -1.12499e-20 0)
(0.429538 -9.9838e-22 0)
(0.427011 5.58711e-21 0)
(0.424443 1.51456e-20 0)
(0.421832 2.23869e-20 0)
(0.419178 2.7936e-20 0)
(0.416477 3.24551e-20 0)
(0.413729 2.90144e-20 0)
(0.410932 2.4585e-20 0)
(0.408083 2.17632e-20 0)
(0.40518 1.89196e-20 0)
(0.402221 1.62347e-20 0)
(0.399204 -6.30873e-21 0)
(0.396125 -2.98435e-20 0)
(0.392981 -3.49851e-20 0)
(0.38977 -4.26431e-20 0)
(0.386489 -2.22307e-20 0)
(0.383133 -4.7659e-21 0)
(0.379698 -2.09458e-20 0)
(0.376182 -2.48377e-20 0)
(0.372578 -3.05321e-20 0)
(0.368881 -3.35426e-20 0)
(0.365088 -2.91649e-20 0)
(0.36119 -3.05718e-20 0)
(0.357183 -5.80083e-20 0)
(0.353058 -8.07984e-20 0)
(0.348808 -6.66542e-20 0)
(0.344424 -5.07816e-20 0)
(0.339896 -5.9006e-20 0)
(0.335213 -6.93154e-20 0)
(0.330363 -6.43787e-20 0)
(0.325332 -6.78164e-20 0)
(0.320105 -1.08599e-19 0)
(0.314663 -1.52394e-19 0)
(0.308987 -1.66308e-19 0)
(0.303053 -1.75646e-19 0)
(0.296833 -1.84427e-19 0)
(0.290296 -1.86073e-19 0)
(0.283403 -1.50047e-19 0)
(0.27611 -1.03414e-19 0)
(0.268362 -6.93506e-20 0)
(0.260093 -3.98918e-20 0)
(0.251218 -3.14418e-20 0)
(0.241635 -2.42344e-20 0)
(0.231206 -1.74188e-20 0)
(0.219756 -7.71867e-21 0)
(0.207041 8.00687e-21 0)
(0.192726 1.84041e-20 0)
(0.176321 2.28799e-21 0)
(0.157093 -1.94372e-20 0)
(0.133909 -1.43413e-20 0)
(0.10509 -1.13829e-20 0)
(0.0688546 -2.59234e-21 0)
(0.0255754 8.7894e-22 0)
)
;

boundaryField
{
    top_wall
    {
        type            noSlip;
    }
    inlet
    {
        type            cyclic;
    }
    bot_wall
    {
        type            noSlip;
    }
    outlet
    {
        type            cyclic;
    }
    frontAndBack
    {
        type            empty;
    }
}


// ************************************************************************* //
