0.000250125 	0.0127941 	-8.90675e-20 	0
0.000550275 	0.0277513 	-2.17597e-19 	0
0.000850425 	0.0407415 	-4.53725e-19 	0
0.00115058 	0.0537317 	-6.89853e-19 	0
0.00145073 	0.0667219 	-9.25981e-19 	0
0.00175088 	0.0779451 	-9.00197e-19 	0
0.00205103 	0.0888212 	-8.22972e-19 	0
0.00235118 	0.0996973 	-7.45746e-19 	0
0.00265133 	0.109451 	-7.10811e-19 	0
0.00295148 	0.118101 	-7.17467e-19 	0
0.00325163 	0.126751 	-7.24123e-19 	0
0.00355178 	0.135109 	-7.293e-19 	0
0.00385193 	0.142068 	-7.2738e-19 	0
0.00415208 	0.149027 	-7.2546e-19 	0
0.00445223 	0.155985 	-7.2354e-19 	0
0.00475238 	0.161946 	-7.21367e-19 	0
0.00505253 	0.167717 	-7.19146e-19 	0
0.00535268 	0.173488 	-7.16926e-19 	0
0.00565283 	0.178828 	-7.13947e-19 	0
0.00595298 	0.183752 	-7.10238e-19 	0
0.00625313 	0.188676 	-7.06528e-19 	0
0.00655328 	0.193489 	-7.02317e-19 	0
0.00685343 	0.197785 	-6.95783e-19 	0
0.00715358 	0.202082 	-6.89249e-19 	0
0.00745373 	0.206379 	-6.82714e-19 	0
0.00775388 	0.210269 	-6.78637e-19 	0
0.00805403 	0.214085 	-6.75008e-19 	0
0.00835418 	0.217902 	-6.71379e-19 	0
0.00865433 	0.221523 	-6.67382e-19 	0
0.00895448 	0.22496 	-6.63038e-19 	0
0.00925463 	0.228396 	-6.58694e-19 	0
0.00955478 	0.231777 	-6.55372e-19 	0
0.00985493 	0.234908 	-6.56634e-19 	0
0.0101551 	0.238038 	-6.57897e-19 	0
0.0104552 	0.241168 	-6.59159e-19 	0
0.0107554 	0.244082 	-6.63239e-19 	0
0.0110555 	0.246959 	-6.67814e-19 	0
0.0113557 	0.249835 	-6.72388e-19 	0
0.0116558 	0.252601 	-6.73003e-19 	0
0.011956 	0.255265 	-6.69949e-19 	0
0.0122561 	0.257929 	-6.66896e-19 	0
0.0125563 	0.260558 	-6.64925e-19 	0
0.0128564 	0.26304 	-6.67645e-19 	0
0.0131566 	0.265522 	-6.70365e-19 	0
0.0134567 	0.268004 	-6.73085e-19 	0
0.0137569 	0.270352 	-6.82022e-19 	0
0.014057 	0.272678 	-6.92007e-19 	0
0.0143572 	0.275003 	-7.01992e-19 	0
0.0146573 	0.277257 	-7.10426e-19 	0
0.0149575 	0.279446 	-7.17452e-19 	0
0.0152576 	0.281635 	-7.24478e-19 	0
0.0155578 	0.283801 	-7.30398e-19 	0
0.0158579 	0.28587 	-7.31676e-19 	0
0.0161581 	0.287939 	-7.32954e-19 	0
0.0164582 	0.290008 	-7.34232e-19 	0
0.0167584 	0.291985 	-7.32887e-19 	0
0.0170585 	0.293947 	-7.31118e-19 	0
0.0173587 	0.295909 	-7.29349e-19 	0
0.0176588 	0.297821 	-7.27335e-19 	0
0.017959 	0.299688 	-7.25103e-19 	0
0.0182591 	0.301555 	-7.22872e-19 	0
0.0185593 	0.303405 	-7.20671e-19 	0
0.0188594 	0.305186 	-7.18593e-19 	0
0.0191596 	0.306967 	-7.16515e-19 	0
0.0194597 	0.308748 	-7.14437e-19 	0
0.0197599 	0.310462 	-7.12528e-19 	0
0.02006 	0.312166 	-7.10645e-19 	0
0.0203602 	0.313869 	-7.08763e-19 	0
0.0206603 	0.315536 	-7.06993e-19 	0
0.0209605 	0.317169 	-7.05323e-19 	0
0.0212606 	0.318802 	-7.03652e-19 	0
0.0215608 	0.320423 	-7.02024e-19 	0
0.0218609 	0.321992 	-7.00566e-19 	0
0.0221611 	0.32356 	-6.99109e-19 	0
0.0224612 	0.325129 	-6.97651e-19 	0
0.0227614 	0.326647 	-6.96372e-19 	0
0.0230615 	0.328157 	-6.9512e-19 	0
0.0233617 	0.329667 	-6.93867e-19 	0
0.0236618 	0.331148 	-6.92718e-19 	0
0.023962 	0.332604 	-6.91658e-19 	0
0.0242621 	0.334059 	-6.90597e-19 	0
0.0245623 	0.335505 	-6.89574e-19 	0
0.0248624 	0.33691 	-6.88689e-19 	0
0.0251626 	0.338316 	-6.87805e-19 	0
0.0254627 	0.339721 	-6.86921e-19 	0
0.0257629 	0.341086 	-6.86176e-19 	0
0.026063 	0.342445 	-6.85451e-19 	0
0.0263632 	0.343804 	-6.84726e-19 	0
0.0266633 	0.34514 	-6.84078e-19 	0
0.0269635 	0.346456 	-6.83494e-19 	0
0.0272636 	0.347772 	-6.82911e-19 	0
0.0275638 	0.349079 	-6.82355e-19 	0
0.0278639 	0.350355 	-6.81897e-19 	0
0.0281641 	0.35163 	-6.81439e-19 	0
0.0284642 	0.352906 	-6.80981e-19 	0
0.0287644 	0.354149 	-6.80619e-19 	0
0.0290645 	0.355387 	-6.80271e-19 	0
0.0293647 	0.356625 	-6.79922e-19 	0
0.0296648 	0.357843 	-6.79626e-19 	0
0.029965 	0.359046 	-6.79372e-19 	0
0.0302651 	0.360249 	-6.79118e-19 	0
0.0305653 	0.361444 	-6.78882e-19 	0
0.0308654 	0.362614 	-6.78709e-19 	0
0.0311656 	0.363784 	-6.78537e-19 	0
0.0314657 	0.364954 	-6.78365e-19 	0
0.0317659 	0.366096 	-6.78254e-19 	0
0.032066 	0.367235 	-6.7815e-19 	0
0.0323662 	0.368373 	-6.78047e-19 	0
0.0326663 	0.369496 	-6.77976e-19 	0
0.0329665 	0.370606 	-6.77931e-19 	0
0.0332666 	0.371715 	-6.77887e-19 	0
0.0335668 	0.372819 	-6.77853e-19 	0
0.0338669 	0.3739 	-6.77857e-19 	0
0.0341671 	0.374982 	-6.77861e-19 	0
0.0344672 	0.376064 	-6.77865e-19 	0
0.0347674 	0.377122 	-6.77904e-19 	0
0.0350675 	0.378177 	-6.77948e-19 	0
0.0353677 	0.379233 	-6.77993e-19 	0
0.0356678 	0.380275 	-6.78055e-19 	0
0.035968 	0.381306 	-6.78133e-19 	0
0.0362681 	0.382337 	-6.7821e-19 	0
0.0365683 	0.383362 	-6.78294e-19 	0
0.0368684 	0.384369 	-6.78398e-19 	0
0.0371686 	0.385377 	-6.78502e-19 	0
0.0374687 	0.386384 	-6.78606e-19 	0
0.0377689 	0.387371 	-6.7873e-19 	0
0.038069 	0.388356 	-6.78856e-19 	0
0.0383692 	0.389341 	-6.78982e-19 	0
0.0386693 	0.390314 	-6.79118e-19 	0
0.0389695 	0.391278 	-6.79261e-19 	0
0.0392696 	0.392241 	-6.79404e-19 	0
0.0395698 	0.3932 	-6.7955e-19 	0
0.0398699 	0.394144 	-6.79707e-19 	0
0.0401701 	0.395087 	-6.79864e-19 	0
0.0404702 	0.39603 	-6.8002e-19 	0
0.0407704 	0.396957 	-6.80187e-19 	0
0.0410705 	0.397881 	-6.80354e-19 	0
0.0413707 	0.398805 	-6.80522e-19 	0
0.0416708 	0.399719 	-6.80694e-19 	0
0.041971 	0.400624 	-6.8087e-19 	0
0.0422711 	0.40153 	-6.81045e-19 	0
0.0425713 	0.402432 	-6.81222e-19 	0
0.0428714 	0.40332 	-6.81404e-19 	0
0.0431716 	0.404208 	-6.81586e-19 	0
0.0434717 	0.405096 	-6.81768e-19 	0
0.0437719 	0.405969 	-6.81954e-19 	0
0.044072 	0.406841 	-6.82141e-19 	0
0.0443722 	0.407712 	-6.82327e-19 	0
0.0446723 	0.408574 	-6.82516e-19 	0
0.0449725 	0.409429 	-6.82707e-19 	0
0.0452726 	0.410284 	-6.82897e-19 	0
0.0455728 	0.411136 	-6.83088e-19 	0
0.0458729 	0.411975 	-6.83281e-19 	0
0.0461731 	0.412815 	-6.83474e-19 	0
0.0464732 	0.413654 	-6.83667e-19 	0
0.0467734 	0.41448 	-6.83862e-19 	0
0.0470735 	0.415305 	-6.84057e-19 	0
0.0473737 	0.41613 	-6.84253e-19 	0
0.0476738 	0.416946 	-6.84449e-19 	0
0.047974 	0.417757 	-6.84646e-19 	0
0.0482741 	0.418567 	-6.84843e-19 	0
0.0485743 	0.419374 	-6.8504e-19 	0
0.0488744 	0.420171 	-6.85239e-19 	0
0.0491746 	0.420968 	-6.85437e-19 	0
0.0494747 	0.421765 	-6.85635e-19 	0
0.0497749 	0.42255 	-6.85835e-19 	0
0.050075 	0.423333 	-6.86035e-19 	0
0.0503752 	0.424117 	-6.86235e-19 	0
0.0506753 	0.424893 	-6.86435e-19 	0
0.0509755 	0.425664 	-6.86637e-19 	0
0.0512756 	0.426435 	-6.86838e-19 	0
0.0515758 	0.427203 	-6.87039e-19 	0
0.0518759 	0.427961 	-6.87241e-19 	0
0.0521761 	0.428719 	-6.87444e-19 	0
0.0524762 	0.429478 	-6.87646e-19 	0
0.0527764 	0.430226 	-6.8785e-19 	0
0.0530765 	0.430972 	-6.88054e-19 	0
0.0533767 	0.431719 	-6.88258e-19 	0
0.0536768 	0.432459 	-6.88463e-19 	0
0.053977 	0.433195 	-6.88669e-19 	0
0.0542771 	0.43393 	-6.88874e-19 	0
0.0545773 	0.434662 	-6.8908e-19 	0
0.0548774 	0.435387 	-6.89287e-19 	0
0.0551776 	0.436111 	-6.89495e-19 	0
0.0554777 	0.436835 	-6.89702e-19 	0
0.0557779 	0.43755 	-6.89911e-19 	0
0.056078 	0.438264 	-6.9012e-19 	0
0.0563782 	0.438977 	-6.9033e-19 	0
0.0566783 	0.439685 	-6.90541e-19 	0
0.0569785 	0.440389 	-6.90752e-19 	0
0.0572786 	0.441092 	-6.90963e-19 	0
0.0575788 	0.441793 	-6.91175e-19 	0
0.0578789 	0.442486 	-6.91389e-19 	0
0.0581791 	0.44318 	-6.91603e-19 	0
0.0584792 	0.443873 	-6.91816e-19 	0
0.0587794 	0.444557 	-6.92032e-19 	0
0.0590795 	0.445241 	-6.92249e-19 	0
0.0593797 	0.445925 	-6.92465e-19 	0
0.0596798 	0.446603 	-6.92683e-19 	0
0.05998 	0.447278 	-6.92902e-19 	0
0.0602801 	0.447952 	-6.93121e-19 	0
0.0605803 	0.448624 	-6.9334e-19 	0
0.0608804 	0.449289 	-6.93563e-19 	0
0.0611806 	0.449955 	-6.93785e-19 	0
0.0614807 	0.45062 	-6.94007e-19 	0
0.0617809 	0.451278 	-6.94231e-19 	0
0.062081 	0.451934 	-6.94456e-19 	0
0.0623812 	0.452591 	-6.94681e-19 	0
0.0626813 	0.453243 	-6.94908e-19 	0
0.0629815 	0.453891 	-6.95136e-19 	0
0.0632816 	0.454539 	-6.95364e-19 	0
0.0635818 	0.455184 	-6.95593e-19 	0
0.0638819 	0.455824 	-6.95825e-19 	0
0.0641821 	0.456464 	-6.96057e-19 	0
0.0644822 	0.457104 	-6.96288e-19 	0
0.0647824 	0.457736 	-6.96523e-19 	0
0.0650825 	0.458368 	-6.96758e-19 	0
0.0653827 	0.459 	-6.96993e-19 	0
0.0656828 	0.459627 	-6.9723e-19 	0
0.065983 	0.460251 	-6.97469e-19 	0
0.0662831 	0.460875 	-6.97708e-19 	0
0.0665833 	0.461497 	-6.97947e-19 	0
0.0668834 	0.462113 	-6.98189e-19 	0
0.0671836 	0.462729 	-6.98432e-19 	0
0.0674837 	0.463346 	-6.98674e-19 	0
0.0677839 	0.463955 	-6.9892e-19 	0
0.068084 	0.464564 	-6.99165e-19 	0
0.0683842 	0.465173 	-6.99411e-19 	0
0.0686843 	0.465778 	-6.9966e-19 	0
0.0689845 	0.466379 	-6.9991e-19 	0
0.0692846 	0.466981 	-7.0016e-19 	0
0.0695848 	0.467581 	-7.00411e-19 	0
0.0698849 	0.468176 	-7.00664e-19 	0
0.0701851 	0.468771 	-7.00917e-19 	0
0.0704852 	0.469366 	-7.01171e-19 	0
0.0707854 	0.469954 	-7.01428e-19 	0
0.0710855 	0.470543 	-7.01685e-19 	0
0.0713857 	0.471131 	-7.01943e-19 	0
0.0716858 	0.471715 	-7.02203e-19 	0
0.071986 	0.472296 	-7.02464e-19 	0
0.0722861 	0.472878 	-7.02725e-19 	0
0.0725863 	0.473457 	-7.02987e-19 	0
0.0728864 	0.474032 	-7.03252e-19 	0
0.0731866 	0.474607 	-7.03517e-19 	0
0.0734867 	0.475182 	-7.03781e-19 	0
0.0737869 	0.475751 	-7.04049e-19 	0
0.074087 	0.476319 	-7.04318e-19 	0
0.0743872 	0.476888 	-7.04586e-19 	0
0.0746873 	0.477453 	-7.04857e-19 	0
0.0749875 	0.478016 	-7.05128e-19 	0
0.0752876 	0.478578 	-7.054e-19 	0
0.0755878 	0.479139 	-7.05672e-19 	0
0.0758879 	0.479695 	-7.05947e-19 	0
0.0761881 	0.480252 	-7.06222e-19 	0
0.0764882 	0.480808 	-7.06497e-19 	0
0.0767884 	0.481359 	-7.06775e-19 	0
0.0770885 	0.48191 	-7.07053e-19 	0
0.0773887 	0.482461 	-7.07331e-19 	0
0.0776888 	0.483008 	-7.07611e-19 	0
0.077989 	0.483553 	-7.07892e-19 	0
0.0782891 	0.484097 	-7.08173e-19 	0
0.0785893 	0.48464 	-7.08454e-19 	0
0.0788894 	0.48518 	-7.08738e-19 	0
0.0791896 	0.485719 	-7.09021e-19 	0
0.0794897 	0.486259 	-7.09304e-19 	0
0.0797899 	0.486793 	-7.09589e-19 	0
0.08009 	0.487327 	-7.09875e-19 	0
0.0803902 	0.487861 	-7.1016e-19 	0
0.0806903 	0.488391 	-7.10446e-19 	0
0.0809905 	0.48892 	-7.10733e-19 	0
0.0812906 	0.489448 	-7.11021e-19 	0
0.0815908 	0.489975 	-7.11308e-19 	0
0.0818909 	0.490499 	-7.11596e-19 	0
0.0821911 	0.491022 	-7.11884e-19 	0
0.0824912 	0.491546 	-7.12173e-19 	0
0.0827914 	0.492064 	-7.12462e-19 	0
0.0830915 	0.492583 	-7.12751e-19 	0
0.0833917 	0.493101 	-7.1304e-19 	0
0.0836918 	0.493616 	-7.13329e-19 	0
0.083992 	0.494129 	-7.13618e-19 	0
0.0842921 	0.494643 	-7.13907e-19 	0
0.0845923 	0.495154 	-7.14196e-19 	0
0.0848924 	0.495663 	-7.14485e-19 	0
0.0851926 	0.496171 	-7.14773e-19 	0
0.0854927 	0.49668 	-7.15062e-19 	0
0.0857929 	0.497183 	-7.15349e-19 	0
0.086093 	0.497687 	-7.15636e-19 	0
0.0863932 	0.498191 	-7.15923e-19 	0
0.0866933 	0.498692 	-7.16209e-19 	0
0.0869935 	0.499191 	-7.16494e-19 	0
0.0872936 	0.49969 	-7.16779e-19 	0
0.0875938 	0.500187 	-7.17063e-19 	0
0.0878939 	0.500682 	-7.17345e-19 	0
0.0881941 	0.501176 	-7.17627e-19 	0
0.0884942 	0.501671 	-7.1791e-19 	0
0.0887944 	0.502161 	-7.18188e-19 	0
0.0890945 	0.502651 	-7.18466e-19 	0
0.0893947 	0.503141 	-7.18743e-19 	0
0.0896948 	0.503628 	-7.19018e-19 	0
0.089995 	0.504113 	-7.19291e-19 	0
0.0902951 	0.504599 	-7.19564e-19 	0
0.0905953 	0.505083 	-7.19835e-19 	0
0.0908954 	0.505564 	-7.20102e-19 	0
0.0911956 	0.506046 	-7.20368e-19 	0
0.0914957 	0.506527 	-7.20635e-19 	0
0.0917959 	0.507004 	-7.20895e-19 	0
0.092096 	0.507481 	-7.21154e-19 	0
0.0923962 	0.507958 	-7.21413e-19 	0
0.0926963 	0.508432 	-7.21667e-19 	0
0.0929965 	0.508905 	-7.21918e-19 	0
0.0932966 	0.509379 	-7.22168e-19 	0
0.0935968 	0.50985 	-7.22416e-19 	0
0.0938969 	0.510319 	-7.22656e-19 	0
0.0941971 	0.510788 	-7.22897e-19 	0
0.0944972 	0.511257 	-7.23138e-19 	0
0.0947974 	0.511722 	-7.23367e-19 	0
0.0950975 	0.512187 	-7.23595e-19 	0
0.0953977 	0.512652 	-7.23824e-19 	0
0.0956978 	0.513114 	-7.24044e-19 	0
0.095998 	0.513574 	-7.2426e-19 	0
0.0962981 	0.514035 	-7.24476e-19 	0
0.0965983 	0.514495 	-7.24687e-19 	0
0.0968984 	0.514952 	-7.24888e-19 	0
0.0971986 	0.515409 	-7.25089e-19 	0
0.0974987 	0.515866 	-7.2529e-19 	0
0.0977989 	0.51632 	-7.25475e-19 	0
0.098099 	0.516773 	-7.25659e-19 	0
0.0983992 	0.517227 	-7.25844e-19 	0
0.0986993 	0.517678 	-7.26017e-19 	0
0.0989995 	0.518127 	-7.26183e-19 	0
0.0992996 	0.518577 	-7.2635e-19 	0
0.0995998 	0.519025 	-7.2651e-19 	0
0.0998999 	0.519471 	-7.26656e-19 	0
0.1002 	0.519917 	-7.26803e-19 	0
0.1005 	0.520363 	-7.26949e-19 	0
0.1008 	0.520806 	-7.27074e-19 	0
0.101101 	0.521248 	-7.27199e-19 	0
0.101401 	0.521691 	-7.27324e-19 	0
0.101701 	0.522131 	-7.27432e-19 	0
0.102001 	0.52257 	-7.27533e-19 	0
0.102301 	0.523009 	-7.27634e-19 	0
0.102601 	0.523447 	-7.27726e-19 	0
0.102901 	0.523883 	-7.27801e-19 	0
0.103202 	0.524318 	-7.27876e-19 	0
0.103502 	0.524754 	-7.27951e-19 	0
0.103802 	0.525186 	-7.27999e-19 	0
0.104102 	0.525618 	-7.28046e-19 	0
0.104402 	0.52605 	-7.28094e-19 	0
0.104702 	0.52648 	-7.28121e-19 	0
0.105003 	0.526909 	-7.28138e-19 	0
0.105303 	0.527337 	-7.28156e-19 	0
0.105603 	0.527765 	-7.28162e-19 	0
0.105903 	0.52819 	-7.28147e-19 	0
0.106203 	0.528616 	-7.28132e-19 	0
0.106503 	0.529042 	-7.28116e-19 	0
0.106803 	0.529464 	-7.28067e-19 	0
0.107104 	0.529886 	-7.28017e-19 	0
0.107404 	0.530309 	-7.27968e-19 	0
0.107704 	0.530729 	-7.27893e-19 	0
0.108004 	0.531148 	-7.27807e-19 	0
0.108304 	0.531567 	-7.2772e-19 	0
0.108604 	0.531986 	-7.2762e-19 	0
0.108904 	0.532402 	-7.27493e-19 	0
0.109205 	0.532818 	-7.27366e-19 	0
0.109505 	0.533234 	-7.27238e-19 	0
0.109805 	0.533647 	-7.27068e-19 	0
0.110105 	0.53406 	-7.26898e-19 	0
0.110405 	0.534473 	-7.26728e-19 	0
0.110705 	0.534884 	-7.26525e-19 	0
0.111006 	0.535294 	-7.26308e-19 	0
0.111306 	0.535704 	-7.26091e-19 	0
0.111606 	0.536112 	-7.25855e-19 	0
0.111906 	0.536519 	-7.25587e-19 	0
0.112206 	0.536926 	-7.25318e-19 	0
0.112506 	0.537333 	-7.25048e-19 	0
0.112806 	0.537737 	-7.24722e-19 	0
0.113107 	0.538141 	-7.24396e-19 	0
0.113407 	0.538545 	-7.2407e-19 	0
0.113707 	0.538947 	-7.23701e-19 	0
0.114007 	0.539348 	-7.23311e-19 	0
0.114307 	0.539749 	-7.22922e-19 	0
0.114607 	0.540149 	-7.22507e-19 	0
0.114907 	0.540548 	-7.22046e-19 	0
0.115208 	0.540947 	-7.21585e-19 	0
0.115508 	0.541345 	-7.21122e-19 	0
0.115808 	0.541741 	-7.20579e-19 	0
0.116108 	0.542136 	-7.20036e-19 	0
0.116408 	0.542531 	-7.19493e-19 	0
0.116708 	0.542925 	-7.18884e-19 	0
0.117009 	0.543318 	-7.18247e-19 	0
0.117309 	0.543711 	-7.17609e-19 	0
0.117609 	0.544102 	-7.16949e-19 	0
0.117909 	0.544493 	-7.1625e-19 	0
0.118209 	0.544883 	-7.1555e-19 	0
0.118509 	0.545273 	-7.14848e-19 	0
0.118809 	0.54566 	-7.14071e-19 	0
0.11911 	0.546047 	-7.13294e-19 	0
0.11941 	0.546435 	-7.12517e-19 	0
0.11971 	0.54682 	-7.11675e-19 	0
0.12001 	0.547205 	-7.10805e-19 	0
0.12031 	0.54759 	-7.09935e-19 	0
0.12061 	0.547974 	-7.09026e-19 	0
0.12091 	0.548356 	-7.08048e-19 	0
0.121211 	0.548738 	-7.0707e-19 	0
0.121511 	0.549121 	-7.06088e-19 	0
0.121811 	0.5495 	-7.04987e-19 	0
0.122111 	0.549879 	-7.03886e-19 	0
0.122411 	0.550259 	-7.02786e-19 	0
0.122711 	0.550637 	-7.01585e-19 	0
0.123012 	0.551014 	-7.00343e-19 	0
0.123312 	0.551391 	-6.99101e-19 	0
0.123612 	0.551768 	-6.97797e-19 	0
0.123912 	0.552142 	-6.96391e-19 	0
0.124212 	0.552517 	-6.94984e-19 	0
0.124512 	0.552891 	-6.9357e-19 	0
0.124812 	0.553263 	-6.91973e-19 	0
0.125113 	0.553635 	-6.90376e-19 	0
0.125413 	0.554007 	-6.88779e-19 	0
0.125713 	0.554377 	-6.87027e-19 	0
0.126013 	0.554747 	-6.8521e-19 	0
0.126313 	0.555117 	-6.83394e-19 	0
0.126613 	0.555486 	-6.815e-19 	0
0.126913 	0.555853 	-6.79478e-19 	0
0.127214 	0.55622 	-6.77457e-19 	0
0.127514 	0.556588 	-6.75425e-19 	0
0.127814 	0.556953 	-6.73168e-19 	0
0.128114 	0.557318 	-6.70911e-19 	0
0.128414 	0.557683 	-6.68654e-19 	0
0.128714 	0.558046 	-6.6621e-19 	0
0.129015 	0.558409 	-6.63692e-19 	0
0.129315 	0.558771 	-6.61173e-19 	0
0.129615 	0.559133 	-6.58563e-19 	0
0.129915 	0.559493 	-6.55806e-19 	0
0.130215 	0.559853 	-6.53048e-19 	0
0.130515 	0.560213 	-6.50278e-19 	0
0.130815 	0.560571 	-6.4727e-19 	0
0.131116 	0.560929 	-6.44261e-19 	0
0.131416 	0.561287 	-6.41253e-19 	0
0.131716 	0.561644 	-6.38068e-19 	0
0.132016 	0.561999 	-6.34813e-19 	0
0.132316 	0.562355 	-6.31559e-19 	0
0.132616 	0.56271 	-6.28238e-19 	0
0.132916 	0.563064 	-6.2481e-19 	0
0.133217 	0.563417 	-6.21383e-19 	0
0.133517 	0.563771 	-6.17952e-19 	0
0.133817 	0.564122 	-6.14463e-19 	0
0.134117 	0.564473 	-6.10974e-19 	0
0.134417 	0.564824 	-6.07485e-19 	0
0.134717 	0.565174 	-6.0404e-19 	0
0.135018 	0.565523 	-6.00611e-19 	0
0.135318 	0.565873 	-5.97183e-19 	0
0.135618 	0.566221 	-5.93858e-19 	0
0.135918 	0.566568 	-5.90695e-19 	0
0.136218 	0.566915 	-5.87531e-19 	0
0.136518 	0.567262 	-5.8446e-19 	0
0.136818 	0.567607 	-5.82819e-19 	0
0.137119 	0.567952 	-5.81178e-19 	0
0.137419 	0.568297 	-5.79537e-19 	0
0.137719 	0.56864 	-5.78834e-19 	0
0.138019 	0.568983 	-5.78478e-19 	0
0.138319 	0.569326 	-5.78123e-19 	0
0.138619 	0.569668 	-5.77058e-19 	0
0.138919 	0.570009 	-5.74918e-19 	0
0.13922 	0.57035 	-5.72778e-19 	0
0.13952 	0.57069 	-5.70715e-19 	0
0.13982 	0.571029 	-5.69745e-19 	0
0.14012 	0.571367 	-5.68774e-19 	0
0.14042 	0.571706 	-5.67804e-19 	0
0.14072 	0.572043 	-5.66812e-19 	0
0.141021 	0.57238 	-5.65813e-19 	0
0.141321 	0.572717 	-5.64814e-19 	0
0.141621 	0.573053 	-5.63358e-19 	0
0.141921 	0.573387 	-5.61224e-19 	0
0.142221 	0.573722 	-5.59091e-19 	0
0.142521 	0.574057 	-5.57081e-19 	0
0.142821 	0.574389 	-5.56705e-19 	0
0.143122 	0.574722 	-5.56329e-19 	0
0.143422 	0.575055 	-5.55953e-19 	0
0.143722 	0.575386 	-5.54607e-19 	0
0.144022 	0.575717 	-5.52919e-19 	0
0.144322 	0.576048 	-5.51231e-19 	0
0.144622 	0.576378 	-5.48922e-19 	0
0.144922 	0.576707 	-5.45709e-19 	0
0.145223 	0.577036 	-5.42496e-19 	0
0.145523 	0.577365 	-5.39263e-19 	0
0.145823 	0.577692 	-5.35787e-19 	0
0.146123 	0.578019 	-5.32311e-19 	0
0.146423 	0.578345 	-5.28834e-19 	0
0.146723 	0.578671 	-5.25312e-19 	0
0.147024 	0.578996 	-5.21773e-19 	0
0.147324 	0.579321 	-5.18234e-19 	0
0.147624 	0.579645 	-5.1472e-19 	0
0.147924 	0.579969 	-5.11241e-19 	0
0.148224 	0.580292 	-5.07762e-19 	0
0.148524 	0.580615 	-5.04296e-19 	0
0.148824 	0.580936 	-5.00983e-19 	0
0.149125 	0.581258 	-4.9767e-19 	0
0.149425 	0.581579 	-4.94357e-19 	0
0.149725 	0.581899 	-4.9122e-19 	0
0.150025 	0.582219 	-4.88143e-19 	0
0.150325 	0.582538 	-4.85066e-19 	0
0.150625 	0.582857 	-4.82089e-19 	0
0.150925 	0.583175 	-4.79252e-19 	0
0.151226 	0.583492 	-4.76415e-19 	0
0.151526 	0.58381 	-4.73598e-19 	0
0.151826 	0.584126 	-4.70993e-19 	0
0.152126 	0.584442 	-4.68388e-19 	0
0.152426 	0.584757 	-4.65783e-19 	0
0.152726 	0.585072 	-4.63371e-19 	0
0.153027 	0.585386 	-4.61022e-19 	0
0.153327 	0.585701 	-4.58673e-19 	0
0.153627 	0.586014 	-4.56421e-19 	0
0.153927 	0.586326 	-4.54304e-19 	0
0.154227 	0.586639 	-4.52187e-19 	0
0.154527 	0.586951 	-4.50088e-19 	0
0.154827 	0.587262 	-4.48178e-19 	0
0.155128 	0.587573 	-4.46268e-19 	0
0.155428 	0.587883 	-4.44358e-19 	0
0.155728 	0.588192 	-4.42617e-19 	0
0.156028 	0.588501 	-4.4093e-19 	0
0.156328 	0.58881 	-4.39242e-19 	0
0.156628 	0.589118 	-4.37641e-19 	0
0.156928 	0.589426 	-4.36154e-19 	0
0.157229 	0.589733 	-4.34668e-19 	0
0.157529 	0.59004 	-4.33199e-19 	0
0.157829 	0.590346 	-4.31895e-19 	0
0.158129 	0.590651 	-4.30591e-19 	0
0.158429 	0.590956 	-4.29287e-19 	0
0.158729 	0.59126 	-4.28113e-19 	0
0.15903 	0.591564 	-4.26978e-19 	0
0.15933 	0.591868 	-4.25844e-19 	0
0.15963 	0.592172 	-4.24778e-19 	0
0.15993 	0.592474 	-4.23803e-19 	0
0.16023 	0.592776 	-4.22828e-19 	0
0.16053 	0.593078 	-4.21868e-19 	0
0.16083 	0.593379 	-4.21045e-19 	0
0.161131 	0.593679 	-4.20223e-19 	0
0.161431 	0.59398 	-4.194e-19 	0
0.161731 	0.594279 	-4.18691e-19 	0
0.162031 	0.594578 	-4.18017e-19 	0
0.162331 	0.594877 	-4.17342e-19 	0
0.162631 	0.595175 	-4.16732e-19 	0
0.162931 	0.595473 	-4.16203e-19 	0
0.163232 	0.59577 	-4.15675e-19 	0
0.163532 	0.596067 	-4.15161e-19 	0
0.163832 	0.596363 	-4.14775e-19 	0
0.164132 	0.596659 	-4.1439e-19 	0
0.164432 	0.596954 	-4.14004e-19 	0
0.164732 	0.597249 	-4.13727e-19 	0
0.165033 	0.597543 	-4.13481e-19 	0
0.165333 	0.597837 	-4.13235e-19 	0
0.165633 	0.59813 	-4.13051e-19 	0
0.165933 	0.598423 	-4.12943e-19 	0
0.166233 	0.598716 	-4.12836e-19 	0
0.166533 	0.599008 	-4.12759e-19 	0
0.166833 	0.599299 	-4.12922e-19 	0
0.167134 	0.59959 	-4.13084e-19 	0
0.167434 	0.599881 	-4.13247e-19 	0
0.167734 	0.600171 	-4.1297e-19 	0
0.168034 	0.60046 	-4.12568e-19 	0
0.168334 	0.60075 	-4.12167e-19 	0
0.168634 	0.601039 	-4.11383e-19 	0
0.168934 	0.601327 	-4.10126e-19 	0
0.169235 	0.601614 	-4.0887e-19 	0
0.169535 	0.601902 	-4.0822e-19 	0
0.169835 	0.602189 	-4.122e-19 	0
0.170135 	0.602475 	-4.16179e-19 	0
0.170435 	0.602762 	-4.20159e-19 	0
0.170735 	0.603047 	-4.27264e-19 	0
0.171036 	0.603332 	-4.3523e-19 	0
0.171336 	0.603617 	-4.43196e-19 	0
0.171636 	0.603901 	-4.51172e-19 	0
0.171936 	0.604185 	-4.59162e-19 	0
0.172236 	0.604468 	-4.67151e-19 	0
0.172536 	0.604751 	-4.74651e-19 	0
0.172836 	0.605033 	-4.78591e-19 	0
0.173137 	0.605315 	-4.82531e-19 	0
0.173437 	0.605598 	-4.8647e-19 	0
0.173737 	0.605878 	-4.86381e-19 	0
0.174037 	0.606159 	-4.85215e-19 	0
0.174337 	0.60644 	-4.84049e-19 	0
0.174637 	0.60672 	-4.82902e-19 	0
0.174937 	0.606998 	-4.81778e-19 	0
0.175238 	0.607277 	-4.80654e-19 	0
0.175538 	0.607556 	-4.79498e-19 	0
0.175838 	0.607834 	-4.78126e-19 	0
0.176138 	0.608111 	-4.76754e-19 	0
0.176438 	0.608389 	-4.75382e-19 	0
0.176738 	0.608666 	-4.73871e-19 	0
0.177039 	0.608942 	-4.72324e-19 	0
0.177339 	0.609218 	-4.70777e-19 	0
0.177639 	0.609494 	-4.69172e-19 	0
0.177939 	0.609769 	-4.67497e-19 	0
0.178239 	0.610043 	-4.65823e-19 	0
0.178539 	0.610318 	-4.64137e-19 	0
0.178839 	0.610591 	-4.62375e-19 	0
0.17914 	0.610865 	-4.60612e-19 	0
0.17944 	0.611138 	-4.58849e-19 	0
0.17974 	0.61141 	-4.57013e-19 	0
0.18004 	0.611682 	-4.55159e-19 	0
0.18034 	0.611954 	-4.53305e-19 	0
0.18064 	0.612226 	-4.51409e-19 	0
0.18094 	0.612496 	-4.49465e-19 	0
0.181241 	0.612767 	-4.4752e-19 	0
0.181541 	0.613038 	-4.45564e-19 	0
0.181841 	0.613307 	-4.43533e-19 	0
0.182141 	0.613576 	-4.41501e-19 	0
0.182441 	0.613845 	-4.3947e-19 	0
0.182741 	0.614113 	-4.37373e-19 	0
0.183042 	0.614381 	-4.35261e-19 	0
0.183342 	0.614649 	-4.33148e-19 	0
0.183642 	0.614916 	-4.31001e-19 	0
0.183942 	0.615182 	-4.28816e-19 	0
0.184242 	0.615449 	-4.2663e-19 	0
0.184542 	0.615715 	-4.24435e-19 	0
0.184842 	0.615981 	-4.22186e-19 	0
0.185143 	0.616246 	-4.19937e-19 	0
0.185443 	0.616511 	-4.17687e-19 	0
0.185743 	0.616775 	-4.15395e-19 	0
0.186043 	0.617039 	-4.13094e-19 	0
0.186343 	0.617303 	-4.10792e-19 	0
0.186643 	0.617566 	-4.08471e-19 	0
0.186943 	0.617829 	-4.0613e-19 	0
0.187244 	0.618092 	-4.03789e-19 	0
0.187544 	0.618354 	-4.01439e-19 	0
0.187844 	0.618615 	-3.99036e-19 	0
0.188144 	0.618876 	-3.96632e-19 	0
0.188444 	0.619137 	-3.94229e-19 	0
0.188744 	0.619398 	-3.91786e-19 	0
0.189045 	0.619658 	-3.89335e-19 	0
0.189345 	0.619917 	-3.86884e-19 	0
0.189645 	0.620177 	-3.84416e-19 	0
0.189945 	0.620436 	-3.8193e-19 	0
0.190245 	0.620694 	-3.79444e-19 	0
0.190545 	0.620953 	-3.76955e-19 	0
0.190845 	0.62121 	-3.74447e-19 	0
0.191146 	0.621467 	-3.71939e-19 	0
0.191446 	0.621724 	-3.69431e-19 	0
0.191746 	0.621981 	-3.66915e-19 	0
0.192046 	0.622237 	-3.64398e-19 	0
0.192346 	0.622493 	-3.6188e-19 	0
0.192646 	0.622748 	-3.59365e-19 	0
0.192946 	0.623003 	-3.56852e-19 	0
0.193247 	0.623258 	-3.54339e-19 	0
0.193547 	0.623513 	-3.51828e-19 	0
0.193847 	0.623766 	-3.49331e-19 	0
0.194147 	0.62402 	-3.46834e-19 	0
0.194447 	0.624273 	-3.44337e-19 	0
0.194747 	0.624526 	-3.41861e-19 	0
0.195048 	0.624778 	-3.3939e-19 	0
0.195348 	0.62503 	-3.36919e-19 	0
0.195648 	0.625282 	-3.34465e-19 	0
0.195948 	0.625533 	-3.32029e-19 	0
0.196248 	0.625784 	-3.29593e-19 	0
0.196548 	0.626035 	-3.27164e-19 	0
0.196848 	0.626285 	-3.24772e-19 	0
0.197149 	0.626535 	-3.2238e-19 	0
0.197449 	0.626784 	-3.19988e-19 	0
0.197749 	0.627033 	-3.17639e-19 	0
0.198049 	0.627282 	-3.153e-19 	0
0.198349 	0.627531 	-3.12961e-19 	0
0.198649 	0.627779 	-3.10633e-19 	0
0.198949 	0.628026 	-3.08316e-19 	0
0.19925 	0.628274 	-3.05999e-19 	0
0.19955 	0.628521 	-3.03694e-19 	0
0.19985 	0.628767 	-3.01443e-19 	0
0.20015 	0.629013 	-2.99192e-19 	0
0.20045 	0.629259 	-2.96941e-19 	0
0.20075 	0.629504 	-2.94485e-19 	0
0.201051 	0.629749 	-2.91988e-19 	0
0.201351 	0.629994 	-2.8949e-19 	0
0.201651 	0.630239 	-2.889e-19 	0
0.201951 	0.630483 	-2.90198e-19 	0
0.202251 	0.630727 	-2.91497e-19 	0
0.202551 	0.63097 	-2.9613e-19 	0
0.202851 	0.631213 	-3.1695e-19 	0
0.203152 	0.631455 	-3.3777e-19 	0
0.203452 	0.631698 	-3.5859e-19 	0
0.203752 	0.63194 	-3.79416e-19 	0
0.204052 	0.632181 	-4.00244e-19 	0
0.204352 	0.632423 	-4.21071e-19 	0
0.204652 	0.632664 	-4.32036e-19 	0
0.204952 	0.632904 	-4.3343e-19 	0
0.205253 	0.633144 	-4.34825e-19 	0
0.205553 	0.633384 	-4.35563e-19 	0
0.205853 	0.633623 	-4.33226e-19 	0
0.206153 	0.633863 	-4.3089e-19 	0
0.206453 	0.634102 	-4.28553e-19 	0
0.206753 	0.63434 	-4.26479e-19 	0
0.207054 	0.634578 	-4.24453e-19 	0
0.207354 	0.634816 	-4.22427e-19 	0
0.207654 	0.635053 	-4.20419e-19 	0
0.207954 	0.63529 	-4.1843e-19 	0
0.208254 	0.635527 	-4.16441e-19 	0
0.208554 	0.635764 	-4.14459e-19 	0
0.208854 	0.635999 	-4.12509e-19 	0
0.209155 	0.636235 	-4.1056e-19 	0
0.209455 	0.63647 	-4.08611e-19 	0
0.209755 	0.636705 	-4.06699e-19 	0
0.210055 	0.63694 	-4.04794e-19 	0
0.210355 	0.637175 	-4.02889e-19 	0
0.210655 	0.637409 	-4.0101e-19 	0
0.210955 	0.637642 	-3.99156e-19 	0
0.211256 	0.637876 	-3.97302e-19 	0
0.211556 	0.638109 	-3.95458e-19 	0
0.211856 	0.638341 	-3.93663e-19 	0
0.212156 	0.638574 	-3.91868e-19 	0
0.212456 	0.638806 	-3.90073e-19 	0
0.212756 	0.639037 	-3.88338e-19 	0
0.213057 	0.639269 	-3.86613e-19 	0
0.213357 	0.6395 	-3.84889e-19 	0
0.213657 	0.63973 	-3.83188e-19 	0
0.213957 	0.639961 	-3.81509e-19 	0
0.214257 	0.640191 	-3.7983e-19 	0
0.214557 	0.640421 	-3.78163e-19 	0
0.214857 	0.64065 	-3.76541e-19 	0
0.215158 	0.640879 	-3.7492e-19 	0
0.215458 	0.641108 	-3.73298e-19 	0
0.215758 	0.641336 	-3.71736e-19 	0
0.216058 	0.641564 	-3.70183e-19 	0
0.216358 	0.641791 	-3.6863e-19 	0
0.216658 	0.642019 	-3.67119e-19 	0
0.216958 	0.642246 	-3.65646e-19 	0
0.217259 	0.642473 	-3.64173e-19 	0
0.217559 	0.642699 	-3.62718e-19 	0
0.217859 	0.642925 	-3.61335e-19 	0
0.218159 	0.643151 	-3.59951e-19 	0
0.218459 	0.643377 	-3.58568e-19 	0
0.218759 	0.643602 	-3.57269e-19 	0
0.21906 	0.643827 	-3.55983e-19 	0
0.21936 	0.644051 	-3.54697e-19 	0
0.21966 	0.644275 	-3.53466e-19 	0
0.21996 	0.644499 	-3.52282e-19 	0
0.22026 	0.644722 	-3.51099e-19 	0
0.22056 	0.644946 	-3.49937e-19 	0
0.22086 	0.645168 	-3.48859e-19 	0
0.221161 	0.645391 	-3.47782e-19 	0
0.221461 	0.645614 	-3.46704e-19 	0
0.221761 	0.645836 	-3.45719e-19 	0
0.222061 	0.646057 	-3.44748e-19 	0
0.222361 	0.646279 	-3.43777e-19 	0
0.222661 	0.6465 	-3.42862e-19 	0
0.222961 	0.64672 	-3.41996e-19 	0
0.223262 	0.646941 	-3.4113e-19 	0
0.223562 	0.647161 	-3.40284e-19 	0
0.223862 	0.647381 	-3.39519e-19 	0
0.224162 	0.6476 	-3.38754e-19 	0
0.224462 	0.647819 	-3.37988e-19 	0
0.224762 	0.648038 	-3.37306e-19 	0
0.225063 	0.648257 	-3.36636e-19 	0
0.225363 	0.648475 	-3.35966e-19 	0
0.225663 	0.648693 	-3.35344e-19 	0
0.225963 	0.64891 	-3.34762e-19 	0
0.226263 	0.649128 	-3.3418e-19 	0
0.226563 	0.649345 	-3.33614e-19 	0
0.226863 	0.649561 	-3.33111e-19 	0
0.227164 	0.649777 	-3.32608e-19 	0
0.227464 	0.649994 	-3.32105e-19 	0
0.227764 	0.650209 	-3.31663e-19 	0
0.228064 	0.650425 	-3.31229e-19 	0
0.228364 	0.65064 	-3.30795e-19 	0
0.228664 	0.650855 	-3.30394e-19 	0
0.228964 	0.65107 	-3.3002e-19 	0
0.229265 	0.651284 	-3.29646e-19 	0
0.229565 	0.651498 	-3.29282e-19 	0
0.229865 	0.651711 	-3.28957e-19 	0
0.230165 	0.651925 	-3.28632e-19 	0
0.230465 	0.652138 	-3.28307e-19 	0
0.230765 	0.652351 	-3.28046e-19 	0
0.231066 	0.652563 	-3.27793e-19 	0
0.231366 	0.652775 	-3.27541e-19 	0
0.231666 	0.652987 	-3.27323e-19 	0
0.231966 	0.653198 	-3.27133e-19 	0
0.232266 	0.653409 	-3.26944e-19 	0
0.232566 	0.65362 	-3.26766e-19 	0
0.232866 	0.653831 	-3.26629e-19 	0
0.233167 	0.654041 	-3.26492e-19 	0
0.233467 	0.654252 	-3.26355e-19 	0
0.233767 	0.654461 	-3.26257e-19 	0
0.234067 	0.654671 	-3.26163e-19 	0
0.234367 	0.65488 	-3.26069e-19 	0
0.234667 	0.655089 	-3.25995e-19 	0
0.234967 	0.655297 	-3.25935e-19 	0
0.235268 	0.655506 	-3.25875e-19 	0
0.235568 	0.655714 	-3.25821e-19 	0
0.235868 	0.655922 	-3.25788e-19 	0
0.236168 	0.656129 	-3.25754e-19 	0
0.236468 	0.656337 	-3.25721e-19 	0
0.236768 	0.656544 	-3.25703e-19 	0
0.237069 	0.65675 	-3.25688e-19 	0
0.237369 	0.656957 	-3.25673e-19 	0
0.237669 	0.657162 	-3.25664e-19 	0
0.237969 	0.657368 	-3.2566e-19 	0
0.238269 	0.657573 	-3.25656e-19 	0
0.238569 	0.657778 	-3.25653e-19 	0
0.238869 	0.657983 	-3.25655e-19 	0
0.23917 	0.658188 	-3.25657e-19 	0
0.23947 	0.658392 	-3.25659e-19 	0
0.23977 	0.658596 	-3.25661e-19 	0
0.24007 	0.658799 	-3.25663e-19 	0
0.24037 	0.659003 	-3.25665e-19 	0
0.24067 	0.659206 	-3.25665e-19 	0
0.24097 	0.659409 	-3.25663e-19 	0
0.241271 	0.659611 	-3.25661e-19 	0
0.241571 	0.659814 	-3.25657e-19 	0
0.241871 	0.660016 	-3.25646e-19 	0
0.242171 	0.660218 	-3.25636e-19 	0
0.242471 	0.66042 	-3.25626e-19 	0
0.242771 	0.660621 	-3.25605e-19 	0
0.243072 	0.660821 	-3.25584e-19 	0
0.243372 	0.661022 	-3.25562e-19 	0
0.243672 	0.661222 	-3.25533e-19 	0
0.243972 	0.661422 	-3.25497e-19 	0
0.244272 	0.661621 	-3.25461e-19 	0
0.244572 	0.661821 	-3.25421e-19 	0
0.244872 	0.66202 	-3.25369e-19 	0
0.245173 	0.662219 	-3.25317e-19 	0
0.245473 	0.662418 	-3.25265e-19 	0
0.245773 	0.662616 	-3.25196e-19 	0
0.246073 	0.662814 	-3.25126e-19 	0
0.246373 	0.663012 	-3.25056e-19 	0
0.246673 	0.66321 	-3.24974e-19 	0
0.246973 	0.663407 	-3.24885e-19 	0
0.247274 	0.663604 	-3.24795e-19 	0
0.247574 	0.663801 	-3.24701e-19 	0
0.247874 	0.663997 	-3.2459e-19 	0
0.248174 	0.664193 	-3.2448e-19 	0
0.248474 	0.664389 	-3.24369e-19 	0
0.248774 	0.664585 	-3.2424e-19 	0
0.249075 	0.66478 	-3.24108e-19 	0
0.249375 	0.664975 	-3.23977e-19 	0
0.249675 	0.66517 	-3.23833e-19 	0
0.249975 	0.665364 	-3.2368e-19 	0
0.250275 	0.665559 	-3.23527e-19 	0
0.250575 	0.665753 	-3.23368e-19 	0
0.250875 	0.665946 	-3.23193e-19 	0
0.251176 	0.66614 	-3.23017e-19 	0
0.251476 	0.666333 	-3.22842e-19 	0
0.251776 	0.666526 	-3.22646e-19 	0
0.252076 	0.666719 	-3.22449e-19 	0
0.252376 	0.666912 	-3.22251e-19 	0
0.252676 	0.667104 	-3.22041e-19 	0
0.252976 	0.667295 	-3.21822e-19 	0
0.253277 	0.667486 	-3.21603e-19 	0
0.253577 	0.667678 	-3.21378e-19 	0
0.253877 	0.667869 	-3.21137e-19 	0
0.254177 	0.66806 	-3.20896e-19 	0
0.254477 	0.668251 	-3.20654e-19 	0
0.254777 	0.668441 	-3.20394e-19 	0
0.255078 	0.668631 	-3.20131e-19 	0
0.255378 	0.668821 	-3.19869e-19 	0
0.255678 	0.66901 	-3.19594e-19 	0
0.255978 	0.669199 	-3.1931e-19 	0
0.256278 	0.669388 	-3.19027e-19 	0
0.256578 	0.669577 	-3.18738e-19 	0
0.256878 	0.669765 	-3.18433e-19 	0
0.257179 	0.669953 	-3.18129e-19 	0
0.257479 	0.670141 	-3.17825e-19 	0
0.257779 	0.670328 	-3.17502e-19 	0
0.258079 	0.670516 	-3.17178e-19 	0
0.258379 	0.670703 	-3.16853e-19 	0
0.258679 	0.67089 	-3.16518e-19 	0
0.258979 	0.671077 	-3.16174e-19 	0
0.25928 	0.671263 	-3.1583e-19 	0
0.25958 	0.671449 	-3.15482e-19 	0
0.25988 	0.671635 	-3.15119e-19 	0
0.26018 	0.67182 	-3.14756e-19 	0
0.26048 	0.672006 	-3.14393e-19 	0
0.26078 	0.67219 	-3.14013e-19 	0
0.261081 	0.672375 	-3.13632e-19 	0
0.261381 	0.67256 	-3.13251e-19 	0
0.261681 	0.672744 	-3.1286e-19 	0
0.261981 	0.672928 	-3.12462e-19 	0
0.262281 	0.673112 	-3.12063e-19 	0
0.262581 	0.673296 	-3.1166e-19 	0
0.262881 	0.673479 	-3.11245e-19 	0
0.263182 	0.673662 	-3.1083e-19 	0
0.263482 	0.673845 	-3.10414e-19 	0
0.263782 	0.674027 	-3.09983e-19 	0
0.264082 	0.674209 	-3.09551e-19 	0
0.264382 	0.674391 	-3.0912e-19 	0
0.264682 	0.674573 	-3.08678e-19 	0
0.264982 	0.674754 	-3.08231e-19 	0
0.265283 	0.674936 	-3.07783e-19 	0
0.265583 	0.675117 	-3.07332e-19 	0
0.265883 	0.675297 	-3.06869e-19 	0
0.266183 	0.675478 	-3.06407e-19 	0
0.266483 	0.675658 	-3.05945e-19 	0
0.266783 	0.675838 	-3.05469e-19 	0
0.267084 	0.676018 	-3.04992e-19 	0
0.267384 	0.676197 	-3.04516e-19 	0
0.267684 	0.676377 	-3.04031e-19 	0
0.267984 	0.676555 	-3.0354e-19 	0
0.268284 	0.676734 	-3.0305e-19 	0
0.268584 	0.676913 	-3.02556e-19 	0
0.268884 	0.677091 	-3.02052e-19 	0
0.269185 	0.677269 	-3.01548e-19 	0
0.269485 	0.677447 	-3.01045e-19 	0
0.269785 	0.677624 	-3.0053e-19 	0
0.270085 	0.677802 	-3.00014e-19 	0
0.270385 	0.677979 	-2.99498e-19 	0
0.270685 	0.678156 	-2.98975e-19 	0
0.270985 	0.678332 	-2.98448e-19 	0
0.271286 	0.678508 	-2.9792e-19 	0
0.271586 	0.678684 	-2.97389e-19 	0
0.271886 	0.67886 	-2.9685e-19 	0
0.272186 	0.679035 	-2.96311e-19 	0
0.272486 	0.679211 	-2.95773e-19 	0
0.272786 	0.679386 	-2.95224e-19 	0
0.273087 	0.679561 	-2.94675e-19 	0
0.273387 	0.679736 	-2.94126e-19 	0
0.273687 	0.67991 	-2.93571e-19 	0
0.273987 	0.680084 	-2.93012e-19 	0
0.274287 	0.680258 	-2.92453e-19 	0
0.274587 	0.680431 	-2.91891e-19 	0
0.274887 	0.680605 	-2.91322e-19 	0
0.275188 	0.680778 	-2.90754e-19 	0
0.275488 	0.680951 	-2.90185e-19 	0
0.275788 	0.681123 	-2.89608e-19 	0
0.276088 	0.681296 	-2.89031e-19 	0
0.276388 	0.681468 	-2.88454e-19 	0
0.276688 	0.68164 	-2.87872e-19 	0
0.276988 	0.681811 	-2.87286e-19 	0
0.277289 	0.681983 	-2.86701e-19 	0
0.277589 	0.682155 	-2.86114e-19 	0
0.277889 	0.682325 	-2.8552e-19 	0
0.278189 	0.682496 	-2.84927e-19 	0
0.278489 	0.682667 	-2.84334e-19 	0
0.278789 	0.682837 	-2.83734e-19 	0
0.27909 	0.683007 	-2.83134e-19 	0
0.27939 	0.683177 	-2.82534e-19 	0
0.27969 	0.683347 	-2.8193e-19 	0
0.27999 	0.683516 	-2.81324e-19 	0
0.28029 	0.683685 	-2.80717e-19 	0
0.28059 	0.683854 	-2.80109e-19 	0
0.28089 	0.684022 	-2.79496e-19 	0
0.281191 	0.684191 	-2.78883e-19 	0
0.281491 	0.68436 	-2.78271e-19 	0
0.281791 	0.684527 	-2.77653e-19 	0
0.282091 	0.684695 	-2.77035e-19 	0
0.282391 	0.684862 	-2.76417e-19 	0
0.282691 	0.685029 	-2.75796e-19 	0
0.282991 	0.685196 	-2.75173e-19 	0
0.283292 	0.685363 	-2.7455e-19 	0
0.283592 	0.68553 	-2.73925e-19 	0
0.283892 	0.685696 	-2.73297e-19 	0
0.284192 	0.685862 	-2.7267e-19 	0
0.284492 	0.686029 	-2.72042e-19 	0
0.284792 	0.686194 	-2.71411e-19 	0
0.285093 	0.686359 	-2.70779e-19 	0
0.285393 	0.686525 	-2.70147e-19 	0
0.285693 	0.68669 	-2.69513e-19 	0
0.285993 	0.686854 	-2.68878e-19 	0
0.286293 	0.687019 	-2.68243e-19 	0
0.286593 	0.687183 	-2.67606e-19 	0
0.286893 	0.687347 	-2.66968e-19 	0
0.287194 	0.687511 	-2.66329e-19 	0
0.287494 	0.687675 	-2.6569e-19 	0
0.287794 	0.687838 	-2.65049e-19 	0
0.288094 	0.688001 	-2.64408e-19 	0
0.288394 	0.688164 	-2.63767e-19 	0
0.288694 	0.688327 	-2.63124e-19 	0
0.288994 	0.68849 	-2.62481e-19 	0
0.289295 	0.688652 	-2.61837e-19 	0
0.289595 	0.688814 	-2.61193e-19 	0
0.289895 	0.688975 	-2.60547e-19 	0
0.290195 	0.689137 	-2.59902e-19 	0
0.290495 	0.689298 	-2.59256e-19 	0
0.290795 	0.689459 	-2.58609e-19 	0
0.291096 	0.68962 	-2.57963e-19 	0
0.291396 	0.689781 	-2.57316e-19 	0
0.291696 	0.689942 	-2.56668e-19 	0
0.291996 	0.690102 	-2.5602e-19 	0
0.292296 	0.690262 	-2.55371e-19 	0
0.292596 	0.690422 	-2.54723e-19 	0
0.292896 	0.690582 	-2.54073e-19 	0
0.293197 	0.690741 	-2.53424e-19 	0
0.293497 	0.6909 	-2.52775e-19 	0
0.293797 	0.691059 	-2.52125e-19 	0
0.294097 	0.691217 	-2.51475e-19 	0
0.294397 	0.691376 	-2.50826e-19 	0
0.294697 	0.691534 	-2.50176e-19 	0
0.294997 	0.691692 	-2.49526e-19 	0
0.295298 	0.69185 	-2.48876e-19 	0
0.295598 	0.692008 	-2.48226e-19 	0
0.295898 	0.692165 	-2.47576e-19 	0
0.296198 	0.692322 	-2.46927e-19 	0
0.296498 	0.692479 	-2.46277e-19 	0
0.296798 	0.692636 	-2.45627e-19 	0
0.297099 	0.692792 	-2.44978e-19 	0
0.297399 	0.692949 	-2.44328e-19 	0
0.297699 	0.693105 	-2.43679e-19 	0
0.297999 	0.693261 	-2.4303e-19 	0
0.298299 	0.693417 	-2.42381e-19 	0
0.298599 	0.693572 	-2.41733e-19 	0
0.298899 	0.693727 	-2.41085e-19 	0
0.2992 	0.693882 	-2.40437e-19 	0
0.2995 	0.694037 	-2.39789e-19 	0
0.2998 	0.694191 	-2.39141e-19 	0
0.3001 	0.694346 	-2.38494e-19 	0
0.3004 	0.694501 	-2.37847e-19 	0
0.3007 	0.694654 	-2.37201e-19 	0
0.301001 	0.694808 	-2.36555e-19 	0
0.301301 	0.694961 	-2.3591e-19 	0
0.301601 	0.695114 	-2.35265e-19 	0
0.301901 	0.695267 	-2.34621e-19 	0
0.302201 	0.695421 	-2.33976e-19 	0
0.302501 	0.695574 	-2.33332e-19 	0
0.302801 	0.695726 	-2.3269e-19 	0
0.303102 	0.695878 	-2.32048e-19 	0
0.303402 	0.69603 	-2.31405e-19 	0
0.303702 	0.696182 	-2.30764e-19 	0
0.304002 	0.696334 	-2.30124e-19 	0
0.304302 	0.696485 	-2.29483e-19 	0
0.304602 	0.696636 	-2.28843e-19 	0
0.304902 	0.696787 	-2.28205e-19 	0
0.305203 	0.696938 	-2.27567e-19 	0
0.305503 	0.697088 	-2.26928e-19 	0
0.305803 	0.697239 	-2.26292e-19 	0
0.306103 	0.697389 	-2.25656e-19 	0
0.306403 	0.69754 	-2.25019e-19 	0
0.306703 	0.697689 	-2.24385e-19 	0
0.307004 	0.697839 	-2.23751e-19 	0
0.307304 	0.697988 	-2.23117e-19 	0
0.307604 	0.698137 	-2.22484e-19 	0
0.307904 	0.698286 	-2.21852e-19 	0
0.308204 	0.698435 	-2.21221e-19 	0
0.308504 	0.698583 	-2.20589e-19 	0
0.308804 	0.698731 	-2.1996e-19 	0
0.309105 	0.698879 	-2.19331e-19 	0
0.309405 	0.699027 	-2.18703e-19 	0
0.309705 	0.699175 	-2.18075e-19 	0
0.310005 	0.699322 	-2.17449e-19 	0
0.310305 	0.69947 	-2.16823e-19 	0
0.310605 	0.699617 	-2.16197e-19 	0
0.310905 	0.699764 	-2.15574e-19 	0
0.311206 	0.69991 	-2.1495e-19 	0
0.311506 	0.700057 	-2.14327e-19 	0
0.311806 	0.700203 	-2.13707e-19 	0
0.312106 	0.700349 	-2.13086e-19 	0
0.312406 	0.700495 	-2.12466e-19 	0
0.312706 	0.700641 	-2.11847e-19 	0
0.313007 	0.700786 	-2.1123e-19 	0
0.313307 	0.700931 	-2.10612e-19 	0
0.313607 	0.701076 	-2.09995e-19 	0
0.313907 	0.701221 	-2.09381e-19 	0
0.314207 	0.701366 	-2.08766e-19 	0
0.314507 	0.70151 	-2.08151e-19 	0
0.314807 	0.701655 	-2.0754e-19 	0
0.315108 	0.701799 	-2.06928e-19 	0
0.315408 	0.701943 	-2.06316e-19 	0
0.315708 	0.702086 	-2.05706e-19 	0
0.316008 	0.70223 	-2.05098e-19 	0
0.316308 	0.702373 	-2.04489e-19 	0
0.316608 	0.702516 	-2.03882e-19 	0
0.316908 	0.702659 	-2.03276e-19 	0
0.317209 	0.702802 	-2.02671e-19 	0
0.317509 	0.702944 	-2.02065e-19 	0
0.317809 	0.703086 	-2.01463e-19 	0
0.318109 	0.703229 	-2.00861e-19 	0
0.318409 	0.703371 	-2.00258e-19 	0
0.318709 	0.703513 	-1.99658e-19 	0
0.31901 	0.703654 	-1.99059e-19 	0
0.31931 	0.703795 	-1.9846e-19 	0
0.31961 	0.703936 	-1.97862e-19 	0
0.31991 	0.704077 	-1.97266e-19 	0
0.32021 	0.704218 	-1.9667e-19 	0
0.32051 	0.704359 	-1.96074e-19 	0
0.32081 	0.704499 	-1.95481e-19 	0
0.321111 	0.704639 	-1.94888e-19 	0
0.321411 	0.704778 	-1.94294e-19 	0
0.321711 	0.704918 	-1.93704e-19 	0
0.322011 	0.705058 	-1.93114e-19 	0
0.322311 	0.705197 	-1.92524e-19 	0
0.322611 	0.705336 	-1.91935e-19 	0
0.322911 	0.705475 	-1.91349e-19 	0
0.323212 	0.705614 	-1.90762e-19 	0
0.323512 	0.705752 	-1.90175e-19 	0
0.323812 	0.705891 	-1.89592e-19 	0
0.324112 	0.706029 	-1.89008e-19 	0
0.324412 	0.706168 	-1.88425e-19 	0
0.324712 	0.706305 	-1.87843e-19 	0
0.325013 	0.706443 	-1.87263e-19 	0
0.325313 	0.70658 	-1.86682e-19 	0
0.325613 	0.706717 	-1.86103e-19 	0
0.325913 	0.706854 	-1.85525e-19 	0
0.326213 	0.706991 	-1.84948e-19 	0
0.326513 	0.707128 	-1.84371e-19 	0
0.326813 	0.707264 	-1.83796e-19 	0
0.327114 	0.707401 	-1.83222e-19 	0
0.327414 	0.707537 	-1.82648e-19 	0
0.327714 	0.707673 	-1.82076e-19 	0
0.328014 	0.707808 	-1.81504e-19 	0
0.328314 	0.707944 	-1.80933e-19 	0
0.328614 	0.708079 	-1.80363e-19 	0
0.328914 	0.708215 	-1.79794e-19 	0
0.329215 	0.70835 	-1.79226e-19 	0
0.329515 	0.708485 	-1.78657e-19 	0
0.329815 	0.708619 	-1.78091e-19 	0
0.330115 	0.708753 	-1.77526e-19 	0
0.330415 	0.708887 	-1.7696e-19 	0
0.330715 	0.709021 	-1.76396e-19 	0
0.331016 	0.709155 	-1.75834e-19 	0
0.331316 	0.709289 	-1.75271e-19 	0
0.331616 	0.709422 	-1.7471e-19 	0
0.331916 	0.709556 	-1.7415e-19 	0
0.332216 	0.709689 	-1.7359e-19 	0
0.332516 	0.709822 	-1.7303e-19 	0
0.332816 	0.709955 	-1.72473e-19 	0
0.333117 	0.710087 	-1.71916e-19 	0
0.333417 	0.710219 	-1.71359e-19 	0
0.333717 	0.710351 	-1.70803e-19 	0
0.334017 	0.710483 	-1.70249e-19 	0
0.334317 	0.710616 	-1.69694e-19 	0
0.334617 	0.710747 	-1.6914e-19 	0
0.334917 	0.710878 	-1.68589e-19 	0
0.335218 	0.71101 	-1.68037e-19 	0
0.335518 	0.711141 	-1.67485e-19 	0
0.335818 	0.711272 	-1.66936e-19 	0
0.336118 	0.711402 	-1.66386e-19 	0
0.336418 	0.711533 	-1.65837e-19 	0
0.336718 	0.711664 	-1.65289e-19 	0
0.337019 	0.711794 	-1.64742e-19 	0
0.337319 	0.711923 	-1.64195e-19 	0
0.337619 	0.712053 	-1.6365e-19 	0
0.337919 	0.712183 	-1.63105e-19 	0
0.338219 	0.712313 	-1.62561e-19 	0
0.338519 	0.712442 	-1.62017e-19 	0
0.338819 	0.712571 	-1.61475e-19 	0
0.33912 	0.7127 	-1.60933e-19 	0
0.33942 	0.712829 	-1.60391e-19 	0
0.33972 	0.712957 	-1.5985e-19 	0
0.34002 	0.713086 	-1.59311e-19 	0
0.34032 	0.713214 	-1.58771e-19 	0
0.34062 	0.713342 	-1.58232e-19 	0
0.34092 	0.71347 	-1.57694e-19 	0
0.341221 	0.713597 	-1.57156e-19 	0
0.341521 	0.713725 	-1.56619e-19 	0
0.341821 	0.713852 	-1.56083e-19 	0
0.342121 	0.713979 	-1.55548e-19 	0
0.342421 	0.714107 	-1.55013e-19 	0
0.342721 	0.714233 	-1.54479e-19 	0
0.343022 	0.71436 	-1.53945e-19 	0
0.343322 	0.714486 	-1.53412e-19 	0
0.343622 	0.714612 	-1.52879e-19 	0
0.343922 	0.714738 	-1.52348e-19 	0
0.344222 	0.714864 	-1.51817e-19 	0
0.344522 	0.71499 	-1.51286e-19 	0
0.344822 	0.715115 	-1.50756e-19 	0
0.345123 	0.715241 	-1.50227e-19 	0
0.345423 	0.715366 	-1.49697e-19 	0
0.345723 	0.715491 	-1.49169e-19 	0
0.346023 	0.715616 	-1.48642e-19 	0
0.346323 	0.71574 	-1.48114e-19 	0
0.346623 	0.715865 	-1.47587e-19 	0
0.346923 	0.715989 	-1.47061e-19 	0
0.347224 	0.716114 	-1.46535e-19 	0
0.347524 	0.716238 	-1.4601e-19 	0
0.347824 	0.716361 	-1.45485e-19 	0
0.348124 	0.716485 	-1.44961e-19 	0
0.348424 	0.716609 	-1.44437e-19 	0
0.348724 	0.716732 	-1.43914e-19 	0
0.349025 	0.716855 	-1.43392e-19 	0
0.349325 	0.716978 	-1.42869e-19 	0
0.349625 	0.717101 	-1.42347e-19 	0
0.349925 	0.717223 	-1.41826e-19 	0
0.350225 	0.717346 	-1.41305e-19 	0
0.350525 	0.717468 	-1.40784e-19 	0
0.350825 	0.71759 	-1.40265e-19 	0
0.351126 	0.717712 	-1.39745e-19 	0
0.351426 	0.717834 	-1.39226e-19 	0
0.351726 	0.717955 	-1.38707e-19 	0
0.352026 	0.718077 	-1.38189e-19 	0
0.352326 	0.718198 	-1.37671e-19 	0
0.352626 	0.718319 	-1.37153e-19 	0
0.352926 	0.71844 	-1.36637e-19 	0
0.353227 	0.718561 	-1.3612e-19 	0
0.353527 	0.718682 	-1.35603e-19 	0
0.353827 	0.718802 	-1.35087e-19 	0
0.354127 	0.718922 	-1.34572e-19 	0
0.354427 	0.719042 	-1.34056e-19 	0
0.354727 	0.719162 	-1.33541e-19 	0
0.355028 	0.719281 	-1.33027e-19 	0
0.355328 	0.719401 	-1.32512e-19 	0
0.355628 	0.719521 	-1.31998e-19 	0
0.355928 	0.71964 	-1.31485e-19 	0
0.356228 	0.719759 	-1.30972e-19 	0
0.356528 	0.719878 	-1.30459e-19 	0
0.356828 	0.719997 	-1.29947e-19 	0
0.357129 	0.720115 	-1.29435e-19 	0
0.357429 	0.720234 	-1.28923e-19 	0
0.357729 	0.720352 	-1.28411e-19 	0
0.358029 	0.72047 	-1.279e-19 	0
0.358329 	0.720588 	-1.27388e-19 	0
0.358629 	0.720706 	-1.26877e-19 	0
0.358929 	0.720823 	-1.26367e-19 	0
0.35923 	0.72094 	-1.25857e-19 	0
0.35953 	0.721058 	-1.25346e-19 	0
0.35983 	0.721175 	-1.24837e-19 	0
0.36013 	0.721292 	-1.24327e-19 	0
0.36043 	0.721409 	-1.23817e-19 	0
0.36073 	0.721525 	-1.23309e-19 	0
0.361031 	0.721641 	-1.228e-19 	0
0.361331 	0.721757 	-1.22291e-19 	0
0.361631 	0.721873 	-1.21783e-19 	0
0.361931 	0.721989 	-1.21274e-19 	0
0.362231 	0.722105 	-1.20766e-19 	0
0.362531 	0.722221 	-1.20258e-19 	0
0.362831 	0.722336 	-1.19751e-19 	0
0.363132 	0.722452 	-1.19244e-19 	0
0.363432 	0.722567 	-1.18736e-19 	0
0.363732 	0.722682 	-1.18229e-19 	0
0.364032 	0.722796 	-1.17722e-19 	0
0.364332 	0.722911 	-1.17215e-19 	0
0.364632 	0.723025 	-1.16709e-19 	0
0.364932 	0.72314 	-1.16202e-19 	0
0.365233 	0.723254 	-1.15696e-19 	0
0.365533 	0.723368 	-1.1519e-19 	0
0.365833 	0.723482 	-1.14684e-19 	0
0.366133 	0.723596 	-1.14178e-19 	0
0.366433 	0.72371 	-1.13672e-19 	0
0.366733 	0.723823 	-1.13166e-19 	0
0.367034 	0.723936 	-1.12661e-19 	0
0.367334 	0.724048 	-1.12155e-19 	0
0.367634 	0.724161 	-1.1165e-19 	0
0.367934 	0.724274 	-1.11145e-19 	0
0.368234 	0.724387 	-1.10639e-19 	0
0.368534 	0.7245 	-1.10134e-19 	0
0.368834 	0.724612 	-1.0963e-19 	0
0.369135 	0.724724 	-1.09125e-19 	0
0.369435 	0.724836 	-1.0862e-19 	0
0.369735 	0.724947 	-1.08115e-19 	0
0.370035 	0.725059 	-1.07611e-19 	0
0.370335 	0.725171 	-1.07106e-19 	0
0.370635 	0.725282 	-1.06602e-19 	0
0.370935 	0.725393 	-1.06097e-19 	0
0.371236 	0.725504 	-1.05592e-19 	0
0.371536 	0.725615 	-1.05088e-19 	0
0.371836 	0.725726 	-1.04584e-19 	0
0.372136 	0.725836 	-1.04079e-19 	0
0.372436 	0.725947 	-1.03575e-19 	0
0.372736 	0.726057 	-1.03071e-19 	0
0.373037 	0.726166 	-1.02567e-19 	0
0.373337 	0.726276 	-1.02062e-19 	0
0.373637 	0.726386 	-1.01558e-19 	0
0.373937 	0.726495 	-1.01054e-19 	0
0.374237 	0.726605 	-1.0055e-19 	0
0.374537 	0.726715 	-1.00045e-19 	0
0.374837 	0.726823 	-9.95411e-20 	0
0.375138 	0.726932 	-9.90368e-20 	0
0.375438 	0.727041 	-9.85324e-20 	0
0.375738 	0.72715 	-9.80281e-20 	0
0.376038 	0.727258 	-9.75238e-20 	0
0.376338 	0.727367 	-9.70195e-20 	0
0.376638 	0.727475 	-9.65152e-20 	0
0.376938 	0.727583 	-9.60108e-20 	0
0.377239 	0.727691 	-9.55064e-20 	0
0.377539 	0.727799 	-9.5002e-20 	0
0.377839 	0.727906 	-9.44975e-20 	0
0.378139 	0.728014 	-9.3993e-20 	0
0.378439 	0.728121 	-9.34885e-20 	0
0.378739 	0.728228 	-9.29838e-20 	0
0.37904 	0.728335 	-9.24791e-20 	0
0.37934 	0.728442 	-9.19744e-20 	0
0.37964 	0.728549 	-9.14696e-20 	0
0.37994 	0.728655 	-9.09646e-20 	0
0.38024 	0.728762 	-9.04597e-20 	0
0.38054 	0.728868 	-8.99547e-20 	0
0.38084 	0.728974 	-8.94496e-20 	0
0.381141 	0.72908 	-8.89444e-20 	0
0.381441 	0.729186 	-8.84393e-20 	0
0.381741 	0.729292 	-8.79339e-20 	0
0.382041 	0.729397 	-8.74284e-20 	0
0.382341 	0.729502 	-8.69229e-20 	0
0.382641 	0.729607 	-8.64173e-20 	0
0.382941 	0.729712 	-8.59115e-20 	0
0.383242 	0.729817 	-8.54057e-20 	0
0.383542 	0.729922 	-8.48999e-20 	0
0.383842 	0.730026 	-8.43937e-20 	0
0.384142 	0.73013 	-8.38876e-20 	0
0.384442 	0.730235 	-8.33814e-20 	0
0.384742 	0.730339 	-8.2875e-20 	0
0.385043 	0.730443 	-8.23684e-20 	0
0.385343 	0.730547 	-8.18619e-20 	0
0.385643 	0.730651 	-8.13552e-20 	0
0.385943 	0.730754 	-8.08482e-20 	0
0.386243 	0.730858 	-8.03413e-20 	0
0.386543 	0.730961 	-7.98343e-20 	0
0.386843 	0.731064 	-7.93269e-20 	0
0.387144 	0.731167 	-7.88195e-20 	0
0.387444 	0.73127 	-7.83121e-20 	0
0.387744 	0.731372 	-7.78043e-20 	0
0.388044 	0.731475 	-7.72965e-20 	0
0.388344 	0.731577 	-7.67886e-20 	0
0.388644 	0.731679 	-7.62805e-20 	0
0.388944 	0.731781 	-7.57721e-20 	0
0.389245 	0.731883 	-7.52638e-20 	0
0.389545 	0.731985 	-7.47554e-20 	0
0.389845 	0.732087 	-7.42465e-20 	0
0.390145 	0.732188 	-7.37376e-20 	0
0.390445 	0.732289 	-7.32288e-20 	0
0.390745 	0.732391 	-7.27195e-20 	0
0.391046 	0.732492 	-7.221e-20 	0
0.391346 	0.732593 	-7.17006e-20 	0
0.391646 	0.732694 	-7.11909e-20 	0
0.391946 	0.732794 	-7.06809e-20 	0
0.392246 	0.732895 	-7.0171e-20 	0
0.392546 	0.732995 	-6.96609e-20 	0
0.392846 	0.733095 	-6.91503e-20 	0
0.393147 	0.733195 	-6.86398e-20 	0
0.393447 	0.733295 	-6.81292e-20 	0
0.393747 	0.733395 	-6.76181e-20 	0
0.394047 	0.733495 	-6.7107e-20 	0
0.394347 	0.733594 	-6.65958e-20 	0
0.394647 	0.733694 	-6.60843e-20 	0
0.394947 	0.733793 	-6.55725e-20 	0
0.395248 	0.733892 	-6.50607e-20 	0
0.395548 	0.733991 	-6.45488e-20 	0
0.395848 	0.734089 	-6.40364e-20 	0
0.396148 	0.734188 	-6.3524e-20 	0
0.396448 	0.734287 	-6.30116e-20 	0
0.396748 	0.734385 	-6.24986e-20 	0
0.397049 	0.734483 	-6.19856e-20 	0
0.397349 	0.734582 	-6.14725e-20 	0
0.397649 	0.734679 	-6.09591e-20 	0
0.397949 	0.734777 	-6.04453e-20 	0
0.398249 	0.734874 	-5.99316e-20 	0
0.398549 	0.734972 	-5.94178e-20 	0
0.398849 	0.735069 	-5.89034e-20 	0
0.39915 	0.735166 	-5.8389e-20 	0
0.39945 	0.735264 	-5.78746e-20 	0
0.39975 	0.73536 	-5.73596e-20 	0
0.40005 	0.735457 	-5.68444e-20 	0
0.40035 	0.735554 	-5.63293e-20 	0
0.40065 	0.73565 	-5.58139e-20 	0
0.40095 	0.735747 	-5.52981e-20 	0
0.401251 	0.735843 	-5.47823e-20 	0
0.401551 	0.735939 	-5.42663e-20 	0
0.401851 	0.736035 	-5.37498e-20 	0
0.402151 	0.736131 	-5.32333e-20 	0
0.402451 	0.736226 	-5.27167e-20 	0
0.402751 	0.736322 	-5.21996e-20 	0
0.403052 	0.736417 	-5.16824e-20 	0
0.403352 	0.736513 	-5.11652e-20 	0
0.403652 	0.736608 	-5.06476e-20 	0
0.403952 	0.736703 	-5.01296e-20 	0
0.404252 	0.736798 	-4.96116e-20 	0
0.404552 	0.736892 	-4.90935e-20 	0
0.404852 	0.736987 	-4.85748e-20 	0
0.405153 	0.737082 	-4.80561e-20 	0
0.405453 	0.737176 	-4.75374e-20 	0
0.405753 	0.73727 	-4.70181e-20 	0
0.406053 	0.737364 	-4.64986e-20 	0
0.406353 	0.737458 	-4.59792e-20 	0
0.406653 	0.737552 	-4.54594e-20 	0
0.406953 	0.737645 	-4.49391e-20 	0
0.407254 	0.737739 	-4.44189e-20 	0
0.407554 	0.737833 	-4.38986e-20 	0
0.407854 	0.737926 	-4.33776e-20 	0
0.408154 	0.738019 	-4.28567e-20 	0
0.408454 	0.738112 	-4.23357e-20 	0
0.408754 	0.738204 	-4.18142e-20 	0
0.409055 	0.738297 	-4.12925e-20 	0
0.409355 	0.738389 	-4.07708e-20 	0
0.409655 	0.738482 	-4.02487e-20 	0
0.409955 	0.738574 	-3.97262e-20 	0
0.410255 	0.738666 	-3.92037e-20 	0
0.410555 	0.738758 	-3.86811e-20 	0
0.410855 	0.73885 	-3.81579e-20 	0
0.411156 	0.738942 	-3.76347e-20 	0
0.411456 	0.739033 	-3.71115e-20 	0
0.411756 	0.739125 	-3.65876e-20 	0
0.412056 	0.739216 	-3.60636e-20 	0
0.412356 	0.739307 	-3.55396e-20 	0
0.412656 	0.739398 	-3.50152e-20 	0
0.412956 	0.739489 	-3.44904e-20 	0
0.413257 	0.73958 	-3.39657e-20 	0
0.413557 	0.739671 	-3.34408e-20 	0
0.413857 	0.739761 	-3.29153e-20 	0
0.414157 	0.739852 	-3.23898e-20 	0
0.414457 	0.739942 	-3.18643e-20 	0
0.414757 	0.740032 	-3.13381e-20 	0
0.415058 	0.740122 	-3.08118e-20 	0
0.415358 	0.740212 	-3.02855e-20 	0
0.415658 	0.740302 	-2.97589e-20 	0
0.415958 	0.740391 	-2.92318e-20 	0
0.416258 	0.740481 	-2.87047e-20 	0
0.416558 	0.74057 	-2.81775e-20 	0
0.416858 	0.740659 	-2.76497e-20 	0
0.417159 	0.740749 	-2.7122e-20 	0
0.417459 	0.740838 	-2.65942e-20 	0
0.417759 	0.740926 	-2.60657e-20 	0
0.418059 	0.741015 	-2.55371e-20 	0
0.418359 	0.741103 	-2.50086e-20 	0
0.418659 	0.741192 	-2.44796e-20 	0
0.418959 	0.74128 	-2.39503e-20 	0
0.41926 	0.741368 	-2.3421e-20 	0
0.41956 	0.741456 	-2.28915e-20 	0
0.41986 	0.741544 	-2.23615e-20 	0
0.42016 	0.741632 	-2.18314e-20 	0
0.42046 	0.741719 	-2.13013e-20 	0
0.42076 	0.741807 	-2.07706e-20 	0
0.421061 	0.741894 	-2.02397e-20 	0
0.421361 	0.741981 	-1.97089e-20 	0
0.421661 	0.742069 	-1.91777e-20 	0
0.421961 	0.742156 	-1.86461e-20 	0
0.422261 	0.742243 	-1.81145e-20 	0
0.422561 	0.74233 	-1.75828e-20 	0
0.422861 	0.742416 	-1.70505e-20 	0
0.423162 	0.742503 	-1.65183e-20 	0
0.423462 	0.742589 	-1.5986e-20 	0
0.423762 	0.742675 	-1.5453e-20 	0
0.424062 	0.742761 	-1.492e-20 	0
0.424362 	0.742847 	-1.4387e-20 	0
0.424662 	0.742932 	-1.38535e-20 	0
0.424962 	0.743018 	-1.33197e-20 	0
0.425263 	0.743104 	-1.27859e-20 	0
0.425563 	0.74319 	-1.2252e-20 	0
0.425863 	0.743275 	-1.17175e-20 	0
0.426163 	0.74336 	-1.11831e-20 	0
0.426463 	0.743446 	-1.06486e-20 	0
0.426763 	0.74353 	-1.01135e-20 	0
0.427064 	0.743615 	-9.57824e-21 	0
0.427364 	0.7437 	-9.04303e-21 	0
0.427664 	0.743784 	-8.50743e-21 	0
0.427964 	0.743868 	-7.97151e-21 	0
0.428264 	0.743953 	-7.43558e-21 	0
0.428564 	0.744037 	-6.89951e-21 	0
0.428864 	0.744121 	-6.36289e-21 	0
0.429165 	0.744205 	-5.82627e-21 	0
0.429465 	0.744289 	-5.28964e-21 	0
0.429765 	0.744373 	-4.75241e-21 	0
0.430065 	0.744456 	-4.21509e-21 	0
0.430365 	0.74454 	-3.67777e-21 	0
0.430665 	0.744623 	-3.14008e-21 	0
0.430965 	0.744706 	-2.60207e-21 	0
0.431266 	0.744789 	-2.06406e-21 	0
0.431566 	0.744872 	-1.5259e-21 	0
0.431866 	0.744955 	-9.87209e-22 	0
0.432166 	0.745037 	-4.48521e-22 	0
0.432466 	0.74512 	9.01666e-23 	0
0.432766 	0.745202 	6.29452e-22 	0
0.433067 	0.745284 	1.16881e-21 	0
0.433367 	0.745366 	1.70817e-21 	0
0.433667 	0.745449 	2.24791e-21 	0
0.433967 	0.74553 	2.78793e-21 	0
0.434267 	0.745612 	3.32796e-21 	0
0.434567 	0.745694 	3.86813e-21 	0
0.434867 	0.745776 	4.40881e-21 	0
0.435168 	0.745857 	4.9495e-21 	0
0.435468 	0.745938 	5.49018e-21 	0
0.435768 	0.746019 	6.03144e-21 	0
0.436068 	0.7461 	6.57277e-21 	0
0.436368 	0.746181 	7.1141e-21 	0
0.436668 	0.746262 	7.65578e-21 	0
0.436968 	0.746343 	8.19775e-21 	0
0.437269 	0.746423 	8.73972e-21 	0
0.437569 	0.746503 	9.28183e-21 	0
0.437869 	0.746584 	9.82442e-21 	0
0.438169 	0.746664 	1.0367e-20 	0
0.438469 	0.746745 	1.09096e-20 	0
0.438769 	0.746824 	1.14528e-20 	0
0.43907 	0.746904 	1.1996e-20 	0
0.43937 	0.746983 	1.25392e-20 	0
0.43967 	0.747063 	1.30828e-20 	0
0.43997 	0.747143 	1.36266e-20 	0
0.44027 	0.747222 	1.41704e-20 	0
0.44057 	0.747301 	1.47144e-20 	0
0.44087 	0.74738 	1.52588e-20 	0
0.441171 	0.747459 	1.58033e-20 	0
0.441471 	0.747538 	1.63477e-20 	0
0.441771 	0.747617 	1.68927e-20 	0
0.442071 	0.747696 	1.74377e-20 	0
0.442371 	0.747774 	1.79827e-20 	0
0.442671 	0.747853 	1.85281e-20 	0
0.442971 	0.747931 	1.90737e-20 	0
0.443272 	0.748009 	1.96193e-20 	0
0.443572 	0.748087 	2.0165e-20 	0
0.443872 	0.748164 	2.07112e-20 	0
0.444172 	0.748242 	2.12573e-20 	0
0.444472 	0.74832 	2.18035e-20 	0
0.444772 	0.748397 	2.23502e-20 	0
0.445073 	0.748475 	2.28969e-20 	0
0.445373 	0.748552 	2.34437e-20 	0
0.445673 	0.748629 	2.39907e-20 	0
0.445973 	0.748706 	2.4538e-20 	0
0.446273 	0.748783 	2.50853e-20 	0
0.446573 	0.74886 	2.56328e-20 	0
0.446873 	0.748937 	2.61806e-20 	0
0.447174 	0.749013 	2.67284e-20 	0
0.447474 	0.74909 	2.72763e-20 	0
0.447774 	0.749166 	2.78246e-20 	0
0.448074 	0.749242 	2.83729e-20 	0
0.448374 	0.749318 	2.89213e-20 	0
0.448674 	0.749394 	2.94699e-20 	0
0.448974 	0.74947 	3.00188e-20 	0
0.449275 	0.749546 	3.05677e-20 	0
0.449575 	0.749622 	3.11167e-20 	0
0.449875 	0.749697 	3.16661e-20 	0
0.450175 	0.749772 	3.22155e-20 	0
0.450475 	0.749848 	3.27649e-20 	0
0.450775 	0.749923 	3.33147e-20 	0
0.451076 	0.749998 	3.38646e-20 	0
0.451376 	0.750073 	3.44145e-20 	0
0.451676 	0.750148 	3.49647e-20 	0
0.451976 	0.750222 	3.55151e-20 	0
0.452276 	0.750296 	3.60655e-20 	0
0.452576 	0.750371 	3.6616e-20 	0
0.452876 	0.750445 	3.71669e-20 	0
0.453177 	0.750519 	3.77177e-20 	0
0.453477 	0.750593 	3.82686e-20 	0
0.453777 	0.750667 	3.88199e-20 	0
0.454077 	0.750741 	3.93712e-20 	0
0.454377 	0.750815 	3.99225e-20 	0
0.454677 	0.750888 	4.04741e-20 	0
0.454977 	0.750962 	4.10259e-20 	0
0.455278 	0.751036 	4.15777e-20 	0
0.455578 	0.751109 	4.21296e-20 	0
0.455878 	0.751182 	4.26819e-20 	0
0.456178 	0.751255 	4.32341e-20 	0
0.456478 	0.751328 	4.37864e-20 	0
0.456778 	0.7514 	4.4339e-20 	0
0.457079 	0.751473 	4.48917e-20 	0
0.457379 	0.751546 	4.54444e-20 	0
0.457679 	0.751618 	4.59973e-20 	0
0.457979 	0.75169 	4.65504e-20 	0
0.458279 	0.751763 	4.71035e-20 	0
0.458579 	0.751835 	4.76567e-20 	0
0.458879 	0.751907 	4.82103e-20 	0
0.45918 	0.751978 	4.87638e-20 	0
0.45948 	0.75205 	4.93173e-20 	0
0.45978 	0.752122 	4.98712e-20 	0
0.46008 	0.752194 	5.04252e-20 	0
0.46038 	0.752265 	5.09791e-20 	0
0.46068 	0.752337 	5.15333e-20 	0
0.46098 	0.752408 	5.20876e-20 	0
0.461281 	0.752479 	5.2642e-20 	0
0.461581 	0.75255 	5.31964e-20 	0
0.461881 	0.752621 	5.37512e-20 	0
0.462181 	0.752691 	5.43059e-20 	0
0.462481 	0.752762 	5.48606e-20 	0
0.462781 	0.752832 	5.54157e-20 	0
0.463082 	0.752903 	5.59708e-20 	0
0.463382 	0.752973 	5.65259e-20 	0
0.463682 	0.753043 	5.70812e-20 	0
0.463982 	0.753113 	5.76367e-20 	0
0.464282 	0.753183 	5.81921e-20 	0
0.464582 	0.753253 	5.87477e-20 	0
0.464882 	0.753323 	5.93035e-20 	0
0.465183 	0.753392 	5.98593e-20 	0
0.465483 	0.753462 	6.04151e-20 	0
0.465783 	0.753531 	6.09713e-20 	0
0.466083 	0.7536 	6.15275e-20 	0
0.466383 	0.753669 	6.20837e-20 	0
0.466683 	0.753738 	6.264e-20 	0
0.466983 	0.753807 	6.31965e-20 	0
0.467284 	0.753876 	6.37531e-20 	0
0.467584 	0.753945 	6.43097e-20 	0
0.467884 	0.754014 	6.48665e-20 	0
0.468184 	0.754082 	6.54233e-20 	0
0.468484 	0.75415 	6.59802e-20 	0
0.468784 	0.754218 	6.65373e-20 	0
0.469085 	0.754286 	6.70945e-20 	0
0.469385 	0.754354 	6.76517e-20 	0
0.469685 	0.754422 	6.8209e-20 	0
0.469985 	0.75449 	6.87665e-20 	0
0.470285 	0.754557 	6.93239e-20 	0
0.470585 	0.754625 	6.98815e-20 	0
0.470885 	0.754692 	7.04393e-20 	0
0.471186 	0.75476 	7.0997e-20 	0
0.471486 	0.754827 	7.15548e-20 	0
0.471786 	0.754894 	7.21128e-20 	0
0.472086 	0.754961 	7.26709e-20 	0
0.472386 	0.755029 	7.32289e-20 	0
0.472686 	0.755095 	7.37871e-20 	0
0.472986 	0.755162 	7.43455e-20 	0
0.473287 	0.755229 	7.49038e-20 	0
0.473587 	0.755295 	7.54622e-20 	0
0.473887 	0.755361 	7.60208e-20 	0
0.474187 	0.755427 	7.65794e-20 	0
0.474487 	0.755493 	7.71381e-20 	0
0.474787 	0.755559 	7.76969e-20 	0
0.475088 	0.755625 	7.82558e-20 	0
0.475388 	0.755691 	7.88147e-20 	0
0.475688 	0.755757 	7.93737e-20 	0
0.475988 	0.755822 	7.99328e-20 	0
0.476288 	0.755888 	8.0492e-20 	0
0.476588 	0.755953 	8.10511e-20 	0
0.476888 	0.756018 	8.16105e-20 	0
0.477189 	0.756083 	8.21699e-20 	0
0.477489 	0.756149 	8.27292e-20 	0
0.477789 	0.756213 	8.32888e-20 	0
0.478089 	0.756278 	8.38484e-20 	0
0.478389 	0.756343 	8.4408e-20 	0
0.478689 	0.756408 	8.49678e-20 	0
0.478989 	0.756472 	8.55276e-20 	0
0.47929 	0.756536 	8.60874e-20 	0
0.47959 	0.7566 	8.66473e-20 	0
0.47989 	0.756664 	8.72074e-20 	0
0.48019 	0.756729 	8.77674e-20 	0
0.48049 	0.756793 	8.83275e-20 	0
0.48079 	0.756857 	8.88878e-20 	0
0.481091 	0.75692 	8.9448e-20 	0
0.481391 	0.756984 	9.00083e-20 	0
0.481691 	0.757047 	9.05686e-20 	0
0.481991 	0.757111 	9.11291e-20 	0
0.482291 	0.757174 	9.16895e-20 	0
0.482591 	0.757237 	9.225e-20 	0
0.482891 	0.7573 	9.28107e-20 	0
0.483192 	0.757363 	9.33713e-20 	0
0.483492 	0.757426 	9.3932e-20 	0
0.483792 	0.757489 	9.44928e-20 	0
0.484092 	0.757551 	9.50536e-20 	0
0.484392 	0.757614 	9.56145e-20 	0
0.484692 	0.757676 	9.61754e-20 	0
0.484992 	0.757738 	9.67364e-20 	0
0.485293 	0.757801 	9.72974e-20 	0
0.485593 	0.757863 	9.78585e-20 	0
0.485893 	0.757925 	9.84197e-20 	0
0.486193 	0.757987 	9.89809e-20 	0
0.486493 	0.758049 	9.95421e-20 	0
0.486793 	0.75811 	1.00103e-19 	0
0.487094 	0.758172 	1.00665e-19 	0
0.487394 	0.758233 	1.01226e-19 	0
0.487694 	0.758295 	1.01788e-19 	0
0.487994 	0.758356 	1.02349e-19 	0
0.488294 	0.758417 	1.02911e-19 	0
0.488594 	0.758478 	1.03472e-19 	0
0.488894 	0.758539 	1.04034e-19 	0
0.489195 	0.758599 	1.04596e-19 	0
0.489495 	0.75866 	1.05157e-19 	0
0.489795 	0.758721 	1.05719e-19 	0
0.490095 	0.758781 	1.0628e-19 	0
0.490395 	0.758842 	1.06842e-19 	0
0.490695 	0.758902 	1.07404e-19 	0
0.490995 	0.758962 	1.07966e-19 	0
0.491296 	0.759022 	1.08527e-19 	0
0.491596 	0.759082 	1.09089e-19 	0
0.491896 	0.759142 	1.09652e-19 	0
0.492196 	0.759202 	1.10214e-19 	0
0.492496 	0.759261 	1.10776e-19 	0
0.492796 	0.759321 	1.11338e-19 	0
0.493097 	0.75938 	1.119e-19 	0
0.493397 	0.75944 	1.12463e-19 	0
0.493697 	0.759499 	1.13025e-19 	0
0.493997 	0.759558 	1.13587e-19 	0
0.494297 	0.759617 	1.14149e-19 	0
0.494597 	0.759676 	1.14711e-19 	0
0.494897 	0.759735 	1.15273e-19 	0
0.495198 	0.759794 	1.15836e-19 	0
0.495498 	0.759853 	1.16398e-19 	0
0.495798 	0.759911 	1.1696e-19 	0
0.496098 	0.759969 	1.17523e-19 	0
0.496398 	0.760027 	1.18085e-19 	0
0.496698 	0.760085 	1.18648e-19 	0
0.496998 	0.760144 	1.1921e-19 	0
0.497299 	0.760202 	1.19773e-19 	0
0.497599 	0.76026 	1.20335e-19 	0
0.497899 	0.760318 	1.20898e-19 	0
0.498199 	0.760375 	1.21461e-19 	0
0.498499 	0.760433 	1.22024e-19 	0
0.498799 	0.76049 	1.22586e-19 	0
0.4991 	0.760548 	1.23149e-19 	0
0.4994 	0.760605 	1.23711e-19 	0
0.4997 	0.760662 	1.24274e-19 	0
0.5 	0.760719 	1.24837e-19 	0
