/*--------------------------------*- C++ -*----------------------------------*\
| =========                 |                                                 |
| \\      /  F ield         | OpenFOAM: The Open Source CFD Toolbox           |
|  \\    /   O peration     | Version:  2312                                  |
|   \\  /    A nd           | Website:  www.openfoam.com                      |
|    \\/     M anipulation  |                                                 |
\*---------------------------------------------------------------------------*/
FoamFile
{
    version     2.0;
    format      ascii;
    arch        "LSB;label=32;scalar=64";
    class       volScalarField;
    location    "0.59";
    object      k;
}
// * * * * * * * * * * * * * * * * * * * * * * * * * * * * * * * * * * * * * //

dimensions      [0 2 -2 0 0 0 0];

internalField   nonuniform List<scalar> 
2000
(
0.0435856
0.0471072
0.0563844
0.0682998
0.080716
0.092389
0.102763
0.111687
0.119205
0.125439
0.130528
0.13461
0.137809
0.140232
0.141972
0.14311
0.143714
0.143844
0.14355
0.142878
0.141867
0.140551
0.138961
0.137124
0.135065
0.132806
0.130368
0.12777
0.125029
0.122162
0.119183
0.116106
0.112946
0.109715
0.106425
0.103088
0.0997143
0.0963158
0.0929024
0.0894842
0.0860707
0.0826714
0.0792955
0.0759516
0.0726484
0.0693942
0.0661968
0.063064
0.0600033
0.0570217
0.0541259
0.0513223
0.048617
0.0460154
0.0435226
0.0411431
0.0388809
0.0367394
0.0347212
0.0328283
0.0310618
0.0294222
0.0279089
0.0265206
0.0252551
0.0241093
0.0230792
0.0221603
0.0213469
0.0206329
0.0200118
0.0194762
0.0190189
0.0186321
0.0183081
0.0180395
0.0178187
0.0176386
0.0174925
0.017374
0.0172772
0.0171967
0.0171276
0.0170655
0.0170065
0.016947
0.0168841
0.0168151
0.0167377
0.01665
0.0165505
0.0164379
0.0163112
0.0161695
0.0160126
0.0158401
0.0156519
0.0154483
0.0152296
0.0149964
0.0147494
0.0144896
0.0142181
0.0139363
0.0136455
0.0133475
0.0130441
0.0127373
0.0124292
0.012122
0.011818
0.0115195
0.0112289
0.0109483
0.0106797
0.0104251
0.0101858
0.00996298
0.00975735
0.0095692
0.00939843
0.00924459
0.00910692
0.00898444
0.008876
0.00878038
0.00869631
0.00862257
0.00855799
0.00850146
0.00845198
0.00840867
0.00837072
0.00833742
0.00830817
0.00828242
0.0082597
0.00823963
0.00822186
0.00820608
0.00819204
0.00817952
0.00816834
0.00815832
0.00814934
0.00814126
0.00813397
0.0081274
0.00812146
0.00811607
0.00811119
0.00810675
0.00810271
0.00809902
0.00809566
0.00809259
0.00808978
0.00808721
0.00808485
0.00808269
0.00808071
0.00807888
0.00807721
0.00807566
0.00807424
0.00807294
0.00807173
0.00807062
0.0080696
0.00806865
0.00806778
0.00806698
0.00806624
0.00806555
0.00806492
0.00806434
0.0080638
0.00806331
0.00806285
0.00806242
0.00806203
0.00806167
0.00806134
0.00806103
0.00806075
0.00806049
0.00806025
0.00806003
0.00805982
0.00805963
0.00805946
0.0080593
0.00805915
0.00805902
0.00805889
0.00805878
0.00805867
0.00805857
0.00805848
0.0080584
0.00805833
0.00805826
0.00805819
0.00805813
0.00805808
0.00805803
0.00805799
0.00805794
0.00805791
0.00805787
0.00805784
0.00805781
0.00805778
0.00805776
0.00805774
0.00805772
0.0080577
0.00805768
0.00805766
0.00805765
0.00805764
0.00805763
0.00805761
0.0080576
0.0080576
0.00805759
0.00805758
0.00805757
0.00805757
0.00805756
0.00805756
0.00805755
0.00805755
0.00805754
0.00805754
0.00805754
0.00805753
0.00805753
0.00805753
0.00805753
0.00805752
0.00805752
0.00805752
0.00805752
0.00805752
0.00805752
0.00805752
0.00805751
0.00805751
0.00805751
0.00805751
0.00805751
0.00805751
0.00805751
0.00805751
0.00805751
0.00805751
0.00805751
0.00805751
0.00805751
0.00805751
0.00805751
0.00805751
0.00805751
0.00805751
0.00805751
0.00805751
0.00805751
0.00805751
0.00805751
0.00805751
0.00805751
0.00805751
0.00805751
0.00805751
0.00805751
0.00805751
0.00805751
0.00805751
0.00805751
0.00805751
0.00805751
0.00805751
0.00805751
0.00805751
0.00805751
0.00805751
0.00805751
0.00805751
0.00805751
0.00805751
0.00805751
0.00805751
0.00805751
0.00805751
0.00805751
0.00805751
0.00805751
0.00805751
0.00805751
0.00805751
0.00805751
0.00805751
0.00805751
0.00805751
0.00805751
0.00805751
0.00805751
0.00805751
0.00805751
0.00805751
0.00805751
0.00805751
0.00805751
0.00805751
0.00805751
0.00805751
0.00805751
0.00805751
0.00805751
0.00805751
0.00805751
0.00805751
0.00805751
0.00805751
0.00805751
0.00805751
0.00805751
0.00805751
0.00805751
0.00805751
0.00805751
0.00805751
0.00805751
0.00805751
0.00805751
0.00805751
0.00805751
0.00805751
0.00805751
0.00805751
0.00805751
0.00805751
0.00805751
0.00805751
0.00805751
0.00805751
0.00805751
0.00805751
0.00805751
0.00805751
0.00805751
0.00805751
0.00805751
0.00805751
0.00805751
0.00805751
0.00805751
0.00805751
0.00805751
0.00805751
0.00805751
0.00805751
0.00805751
0.00805751
0.00805751
0.00805751
0.00805751
0.00805751
0.00805751
0.00805751
0.00805751
0.00805751
0.00805751
0.00805751
0.00805751
0.00805751
0.00805751
0.00805751
0.00805751
0.00805751
0.00805751
0.00805751
0.00805751
0.00805751
0.00805751
0.00805751
0.00805751
0.00805751
0.00805751
0.00805751
0.00805751
0.00805751
0.00805751
0.00805751
0.00805751
0.00805751
0.00805751
0.00805751
0.00805751
0.00805751
0.00805751
0.00805751
0.00805751
0.00805751
0.00805751
0.00805751
0.00805751
0.00805751
0.00805751
0.00805751
0.00805751
0.00805751
0.00805751
0.00805751
0.00805751
0.00805751
0.00805751
0.00805751
0.00805751
0.00805751
0.00805751
0.00805751
0.00805751
0.00805751
0.00805751
0.00805751
0.00805751
0.00805751
0.00805751
0.00805751
0.00805751
0.00805751
0.00805751
0.00805751
0.00805751
0.00805751
0.00805751
0.00805751
0.00805751
0.00805751
0.00805751
0.00805751
0.00805751
0.00805751
0.00805751
0.00805751
0.00805751
0.00805751
0.00805751
0.00805751
0.00805751
0.00805751
0.00805751
0.00805751
0.00805751
0.00805751
0.00805751
0.00805751
0.00805751
0.00805751
0.00805751
0.00805751
0.00805751
0.00805751
0.00805751
0.00805751
0.00805751
0.00805751
0.00805751
0.00805751
0.00805751
0.00805751
0.00805751
0.00805751
0.00805751
0.00805751
0.00805751
0.00805751
0.00805751
0.00805751
0.00805751
0.00805751
0.00805751
0.00805751
0.00805751
0.00805751
0.00805751
0.00805751
0.00805751
0.00805751
0.00805751
0.00805751
0.00805751
0.00805751
0.00805751
0.00805751
0.00805751
0.00805751
0.00805751
0.00805751
0.00805751
0.00805751
0.00805751
0.00805751
0.00805751
0.00805751
0.00805751
0.00805751
0.00805751
0.00805751
0.00805751
0.00805751
0.00805751
0.00805751
0.00805751
0.00805751
0.00805751
0.00805751
0.00805751
0.00805751
0.00805751
0.00805751
0.00805751
0.00805751
0.00805751
0.00805751
0.00805751
0.00805751
0.00805751
0.00805751
0.00805751
0.00805751
0.00805751
0.00805751
0.00805751
0.00805751
0.00805751
0.00805751
0.00805751
0.00805751
0.00805751
0.00805751
0.00805751
0.00805751
0.00805751
0.00805751
0.00805751
0.00805751
0.00805751
0.00805751
0.00805751
0.00805751
0.00805751
0.00805751
0.00805751
0.00805751
0.00805751
0.00805751
0.00805751
0.00805751
0.00805751
0.00805751
0.00805751
0.00805751
0.00805751
0.00805751
0.00805751
0.00805751
0.00805751
0.00805751
0.00805751
0.00805751
0.00805751
0.00805751
0.00805751
0.00805751
0.00805751
0.00805751
0.00805751
0.00805751
0.00805751
0.00805751
0.00805751
0.00805751
0.00805751
0.00805751
0.00805751
0.00805751
0.00805751
0.00805751
0.00805751
0.00805751
0.00805751
0.00805751
0.00805751
0.00805751
0.00805751
0.00805751
0.00805751
0.00805751
0.00805751
0.00805751
0.00805751
0.00805751
0.00805751
0.00805751
0.00805751
0.00805751
0.00805751
0.00805751
0.00805751
0.00805751
0.00805751
0.00805751
0.00805751
0.00805751
0.00805751
0.00805751
0.00805751
0.00805751
0.00805751
0.00805751
0.00805751
0.00805751
0.00805751
0.00805751
0.00805751
0.00805751
0.00805751
0.00805751
0.00805751
0.00805751
0.00805751
0.00805751
0.00805751
0.00805751
0.00805751
0.00805751
0.00805751
0.00805751
0.00805751
0.00805751
0.00805751
0.00805751
0.00805751
0.00805751
0.00805751
0.00805751
0.00805751
0.00805751
0.00805751
0.00805751
0.00805751
0.00805751
0.00805751
0.00805751
0.00805751
0.00805751
0.00805751
0.00805751
0.00805751
0.00805751
0.00805751
0.00805751
0.00805751
0.00805751
0.00805751
0.00805751
0.00805751
0.00805751
0.00805751
0.00805751
0.00805751
0.00805751
0.00805751
0.00805751
0.00805751
0.00805751
0.00805751
0.00805751
0.00805751
0.00805751
0.00805751
0.00805751
0.00805751
0.00805751
0.00805751
0.00805751
0.00805751
0.00805751
0.00805751
0.00805751
0.00805751
0.00805751
0.00805751
0.00805751
0.00805751
0.00805751
0.00805751
0.00805751
0.00805751
0.00805751
0.00805751
0.00805751
0.00805751
0.00805751
0.00805751
0.00805751
0.00805751
0.00805751
0.00805751
0.00805751
0.00805751
0.00805751
0.00805751
0.00805751
0.00805751
0.00805751
0.00805751
0.00805751
0.00805751
0.00805751
0.00805751
0.00805751
0.00805751
0.00805751
0.00805751
0.00805751
0.00805751
0.00805751
0.00805751
0.00805751
0.00805751
0.00805751
0.00805751
0.00805751
0.00805751
0.00805751
0.00805751
0.00805751
0.00805751
0.00805751
0.00805751
0.00805751
0.00805751
0.00805751
0.00805751
0.00805751
0.00805751
0.00805751
0.00805751
0.00805751
0.00805751
0.00805751
0.00805751
0.00805751
0.00805751
0.00805751
0.00805751
0.00805751
0.00805751
0.00805751
0.00805751
0.00805751
0.00805751
0.00805751
0.00805751
0.00805751
0.00805751
0.00805751
0.00805751
0.00805751
0.00805751
0.00805751
0.00805751
0.00805751
0.00805751
0.00805751
0.00805751
0.00805751
0.00805751
0.00805751
0.00805751
0.00805751
0.00805751
0.00805751
0.00805751
0.00805751
0.00805751
0.00805751
0.00805751
0.00805751
0.00805751
0.00805751
0.00805751
0.00805751
0.00805751
0.00805751
0.00805751
0.00805751
0.00805751
0.00805751
0.00805751
0.00805751
0.00805751
0.00805751
0.00805751
0.00805751
0.00805751
0.00805751
0.00805751
0.00805751
0.00805751
0.00805751
0.00805751
0.00805751
0.00805751
0.00805751
0.00805751
0.00805751
0.00805751
0.00805751
0.00805751
0.00805751
0.00805751
0.00805751
0.00805751
0.00805751
0.00805751
0.00805751
0.00805751
0.00805751
0.00805751
0.00805751
0.00805751
0.00805751
0.00805751
0.00805751
0.00805751
0.00805751
0.00805751
0.00805751
0.00805751
0.00805751
0.00805751
0.00805751
0.00805751
0.00805751
0.00805751
0.00805751
0.00805751
0.00805751
0.00805751
0.00805751
0.00805751
0.00805751
0.00805751
0.00805751
0.00805751
0.00805751
0.00805751
0.00805751
0.00805751
0.00805751
0.00805751
0.00805751
0.00805751
0.00805751
0.00805751
0.00805751
0.00805751
0.00805751
0.00805751
0.00805751
0.00805751
0.00805751
0.00805751
0.00805751
0.00805751
0.00805751
0.00805751
0.00805751
0.00805751
0.00805751
0.00805751
0.00805751
0.00805751
0.00805751
0.00805751
0.00805751
0.00805751
0.00805751
0.00805751
0.00805751
0.00805751
0.00805751
0.00805751
0.00805751
0.00805751
0.00805751
0.00805751
0.00805751
0.00805751
0.00805751
0.00805751
0.00805751
0.00805751
0.00805751
0.00805751
0.00805751
0.00805751
0.00805751
0.00805751
0.00805751
0.00805751
0.00805751
0.00805751
0.00805751
0.00805751
0.00805751
0.00805751
0.00805751
0.00805751
0.00805751
0.00805751
0.00805751
0.00805751
0.00805751
0.00805751
0.00805751
0.00805751
0.00805751
0.00805751
0.00805751
0.00805751
0.00805751
0.00805751
0.00805751
0.00805751
0.00805751
0.00805751
0.00805751
0.00805751
0.00805751
0.00805751
0.00805751
0.00805751
0.00805751
0.00805751
0.00805751
0.00805751
0.00805751
0.00805751
0.00805751
0.00805751
0.00805751
0.00805751
0.00805751
0.00805751
0.00805751
0.00805751
0.00805751
0.00805751
0.00805751
0.00805751
0.00805751
0.00805751
0.00805751
0.00805751
0.00805751
0.00805751
0.00805751
0.00805751
0.00805751
0.00805751
0.00805751
0.00805751
0.00805751
0.00805751
0.00805751
0.00805751
0.00805751
0.00805751
0.00805751
0.00805751
0.00805751
0.00805751
0.00805751
0.00805751
0.00805751
0.00805751
0.00805751
0.00805751
0.00805751
0.00805751
0.00805751
0.00805751
0.00805751
0.00805751
0.00805751
0.00805751
0.00805751
0.00805751
0.00805751
0.00805751
0.00805751
0.00805751
0.00805751
0.00805751
0.00805751
0.00805751
0.00805751
0.00805751
0.00805751
0.00805751
0.00805751
0.00805751
0.00805751
0.00805751
0.00805751
0.00805751
0.00805751
0.00805751
0.00805751
0.00805751
0.00805751
0.00805751
0.00805751
0.00805751
0.00805751
0.00805751
0.00805751
0.00805751
0.00805751
0.00805751
0.00805751
0.00805751
0.00805751
0.00805751
0.00805751
0.00805751
0.00805751
0.00805751
0.00805751
0.00805751
0.00805751
0.00805751
0.00805751
0.00805751
0.00805751
0.00805751
0.00805751
0.00805751
0.00805751
0.00805751
0.00805751
0.00805751
0.00805751
0.00805751
0.00805751
0.00805751
0.00805751
0.00805751
0.00805751
0.00805751
0.00805751
0.00805751
0.00805751
0.00805751
0.00805751
0.00805751
0.00805751
0.00805751
0.00805751
0.00805751
0.00805751
0.00805751
0.00805751
0.00805751
0.00805751
0.00805751
0.00805751
0.00805751
0.00805751
0.00805751
0.00805751
0.00805751
0.00805751
0.00805751
0.00805751
0.00805751
0.00805751
0.00805751
0.00805751
0.00805751
0.00805751
0.00805751
0.00805751
0.00805751
0.00805751
0.00805751
0.00805751
0.00805751
0.00805751
0.00805751
0.00805751
0.00805751
0.00805751
0.00805751
0.00805751
0.00805751
0.00805751
0.00805751
0.00805751
0.00805751
0.00805751
0.00805751
0.00805751
0.00805751
0.00805751
0.00805751
0.00805751
0.00805751
0.00805751
0.00805751
0.00805751
0.00805751
0.00805751
0.00805751
0.00805751
0.00805751
0.00805751
0.00805751
0.00805751
0.00805751
0.00805751
0.00805751
0.00805751
0.00805751
0.00805751
0.00805751
0.00805751
0.00805751
0.00805751
0.00805751
0.00805751
0.00805751
0.00805751
0.00805751
0.00805751
0.00805751
0.00805751
0.00805751
0.00805751
0.00805751
0.00805751
0.00805751
0.00805751
0.00805751
0.00805751
0.00805751
0.00805751
0.00805751
0.00805751
0.00805751
0.00805751
0.00805751
0.00805751
0.00805751
0.00805751
0.00805751
0.00805751
0.00805751
0.00805751
0.00805751
0.00805751
0.00805751
0.00805751
0.00805751
0.00805751
0.00805751
0.00805751
0.00805751
0.00805751
0.00805751
0.00805751
0.00805751
0.00805751
0.00805751
0.00805751
0.00805751
0.00805751
0.00805751
0.00805751
0.00805751
0.00805751
0.00805751
0.00805751
0.00805751
0.00805751
0.00805751
0.00805751
0.00805751
0.00805751
0.00805751
0.00805751
0.00805751
0.00805751
0.00805751
0.00805751
0.00805751
0.00805751
0.00805751
0.00805751
0.00805751
0.00805751
0.00805751
0.00805751
0.00805751
0.00805751
0.00805751
0.00805751
0.00805751
0.00805751
0.00805751
0.00805751
0.00805751
0.00805751
0.00805751
0.00805751
0.00805751
0.00805751
0.00805751
0.00805751
0.00805751
0.00805751
0.00805751
0.00805751
0.00805751
0.00805751
0.00805751
0.00805751
0.00805751
0.00805751
0.00805751
0.00805751
0.00805751
0.00805751
0.00805751
0.00805751
0.00805751
0.00805751
0.00805751
0.00805751
0.00805751
0.00805751
0.00805751
0.00805751
0.00805751
0.00805751
0.00805751
0.00805751
0.00805751
0.00805751
0.00805751
0.00805751
0.00805751
0.00805751
0.00805751
0.00805751
0.00805751
0.00805751
0.00805751
0.00805751
0.00805751
0.00805751
0.00805751
0.00805751
0.00805751
0.00805751
0.00805751
0.00805751
0.00805751
0.00805751
0.00805751
0.00805751
0.00805751
0.00805751
0.00805751
0.00805751
0.00805751
0.00805751
0.00805751
0.00805751
0.00805751
0.00805751
0.00805751
0.00805751
0.00805751
0.00805751
0.00805751
0.00805751
0.00805751
0.00805751
0.00805751
0.00805751
0.00805751
0.00805751
0.00805751
0.00805751
0.00805751
0.00805751
0.00805751
0.00805751
0.00805751
0.00805751
0.00805751
0.00805751
0.00805751
0.00805751
0.00805751
0.00805751
0.00805751
0.00805751
0.00805751
0.00805751
0.00805751
0.00805751
0.00805751
0.00805751
0.00805751
0.00805751
0.00805751
0.00805751
0.00805751
0.00805751
0.00805751
0.00805751
0.00805751
0.00805751
0.00805751
0.00805751
0.00805751
0.00805751
0.00805751
0.00805751
0.00805751
0.00805751
0.00805751
0.00805751
0.00805751
0.00805751
0.00805751
0.00805751
0.00805751
0.00805751
0.00805751
0.00805751
0.00805751
0.00805751
0.00805751
0.00805751
0.00805751
0.00805751
0.00805751
0.00805751
0.00805751
0.00805751
0.00805751
0.00805751
0.00805751
0.00805751
0.00805751
0.00805751
0.00805751
0.00805751
0.00805751
0.00805751
0.00805751
0.00805751
0.00805751
0.00805751
0.00805751
0.00805751
0.00805751
0.00805751
0.00805751
0.00805751
0.00805751
0.00805751
0.00805751
0.00805751
0.00805751
0.00805751
0.00805751
0.00805751
0.00805751
0.00805751
0.00805751
0.00805751
0.00805751
0.00805751
0.00805751
0.00805751
0.00805751
0.00805751
0.00805751
0.00805751
0.00805751
0.00805751
0.00805751
0.00805751
0.00805751
0.00805751
0.00805751
0.00805751
0.00805751
0.00805751
0.00805751
0.00805751
0.00805751
0.00805751
0.00805751
0.00805751
0.00805751
0.00805751
0.00805751
0.00805751
0.00805751
0.00805751
0.00805751
0.00805751
0.00805751
0.00805751
0.00805751
0.00805751
0.00805751
0.00805751
0.00805751
0.00805751
0.00805751
0.00805751
0.00805751
0.00805751
0.00805751
0.00805751
0.00805751
0.00805751
0.00805751
0.00805751
0.00805751
0.00805751
0.00805751
0.00805751
0.00805751
0.00805751
0.00805751
0.00805751
0.00805751
0.00805751
0.00805751
0.00805751
0.00805751
0.00805751
0.00805751
0.00805751
0.00805751
0.00805751
0.00805751
0.00805751
0.00805751
0.00805751
0.00805751
0.00805751
0.00805751
0.00805751
0.00805751
0.00805751
0.00805751
0.00805751
0.00805751
0.00805751
0.00805751
0.00805751
0.00805751
0.00805751
0.00805751
0.00805751
0.00805751
0.00805751
0.00805751
0.00805751
0.00805751
0.00805751
0.00805751
0.00805751
0.00805751
0.00805751
0.00805751
0.00805751
0.00805751
0.00805751
0.00805751
0.00805751
0.00805751
0.00805751
0.00805751
0.00805751
0.00805751
0.00805751
0.00805751
0.00805751
0.00805751
0.00805751
0.00805751
0.00805751
0.00805751
0.00805751
0.00805751
0.00805751
0.00805751
0.00805751
0.00805751
0.00805751
0.00805751
0.00805751
0.00805751
0.00805751
0.00805751
0.00805751
0.00805751
0.00805751
0.00805751
0.00805751
0.00805751
0.00805751
0.00805751
0.00805751
0.00805751
0.00805751
0.00805751
0.00805751
0.00805751
0.00805751
0.00805751
0.00805751
0.00805751
0.00805751
0.00805751
0.00805751
0.00805751
0.00805751
0.00805751
0.00805751
0.00805751
0.00805751
0.00805751
0.00805751
0.00805751
0.00805751
0.00805751
0.00805751
0.00805751
0.00805751
0.00805751
0.00805751
0.00805751
0.00805751
0.00805751
0.00805751
0.00805751
0.00805751
0.00805751
0.00805751
0.00805751
0.00805751
0.00805751
0.00805751
0.00805751
0.00805751
0.00805751
0.00805751
0.00805751
0.00805751
0.00805751
0.00805751
0.00805751
0.00805751
0.00805751
0.00805751
0.00805751
0.00805751
0.00805751
0.00805751
0.00805751
0.00805751
0.00805751
0.00805751
0.00805751
0.00805751
0.00805751
0.00805751
0.00805751
0.00805751
0.00805751
0.00805751
0.00805751
0.00805751
0.00805751
0.00805751
0.00805751
0.00805751
0.00805751
0.00805751
0.00805751
0.00805751
0.00805751
0.00805751
0.00805751
0.00805751
0.00805751
0.00805751
0.00805751
0.00805751
0.00805751
0.00805751
0.00805751
0.00805751
0.00805751
0.00805751
0.00805751
0.00805751
0.00805751
0.00805751
0.00805751
0.00805751
0.00805751
0.00805751
0.00805751
0.00805751
0.00805751
0.00805751
0.00805751
0.00805751
0.00805751
0.00805751
0.00805751
0.00805751
0.00805751
0.00805751
0.00805751
0.00805751
0.00805751
0.00805751
0.00805751
0.00805751
0.00805751
0.00805751
0.00805751
0.00805751
0.00805751
0.00805751
0.00805751
0.00805751
0.00805751
0.00805751
0.00805751
0.00805751
0.00805751
0.00805751
0.00805751
0.00805751
0.00805751
0.00805751
0.00805751
0.00805751
0.00805751
0.00805751
0.00805751
0.00805751
0.00805751
0.00805751
0.00805751
0.00805751
0.00805751
0.00805751
0.00805751
0.00805751
0.00805751
0.00805751
0.00805751
0.00805751
0.00805751
0.00805751
0.00805751
0.00805751
0.00805751
0.00805751
0.00805751
0.00805751
0.00805751
0.00805751
0.00805751
0.00805751
0.00805751
0.00805751
0.00805751
0.00805751
0.00805751
0.00805751
0.00805751
0.00805751
0.00805751
0.00805751
0.00805751
0.00805751
0.00805751
0.00805751
0.00805751
0.00805751
0.00805751
0.00805751
0.00805751
0.00805751
0.00805751
0.00805751
0.00805751
0.00805751
0.00805751
0.00805751
0.00805751
0.00805751
0.00805751
0.00805751
0.00805751
0.00805751
0.00805751
0.00805751
0.00805751
0.00805751
0.00805751
0.00805751
0.00805751
0.00805751
0.00805751
0.00805751
0.00805751
0.00805751
0.00805751
0.00805751
0.00805751
0.00805751
0.00805752
0.00805752
0.00805752
0.00805752
0.00805752
0.00805752
0.00805752
0.00805753
0.00805753
0.00805753
0.00805753
0.00805754
0.00805754
0.00805754
0.00805755
0.00805755
0.00805756
0.00805756
0.00805757
0.00805757
0.00805758
0.00805759
0.0080576
0.0080576
0.00805761
0.00805763
0.00805764
0.00805765
0.00805766
0.00805768
0.0080577
0.00805772
0.00805774
0.00805776
0.00805778
0.00805781
0.00805784
0.00805787
0.00805791
0.00805794
0.00805799
0.00805803
0.00805808
0.00805813
0.00805819
0.00805826
0.00805833
0.0080584
0.00805848
0.00805857
0.00805867
0.00805878
0.00805889
0.00805902
0.00805915
0.0080593
0.00805946
0.00805963
0.00805982
0.00806003
0.00806025
0.00806049
0.00806075
0.00806103
0.00806134
0.00806167
0.00806203
0.00806242
0.00806285
0.00806331
0.0080638
0.00806434
0.00806492
0.00806556
0.00806624
0.00806698
0.00806778
0.00806865
0.0080696
0.00807062
0.00807173
0.00807294
0.00807424
0.00807566
0.00807721
0.00807888
0.00808071
0.00808269
0.00808485
0.00808721
0.00808978
0.00809259
0.00809566
0.00809902
0.00810271
0.00810675
0.00811119
0.00811607
0.00812146
0.0081274
0.00813398
0.00814126
0.00814934
0.00815833
0.00816834
0.00817953
0.00819204
0.00820608
0.00822186
0.00823964
0.00825971
0.00828242
0.00830818
0.00833743
0.00837073
0.00840868
0.008452
0.00850147
0.008558
0.00862259
0.00869633
0.0087804
0.00887603
0.00898448
0.00910696
0.00924464
0.00939848
0.00956925
0.00975741
0.00996305
0.0101859
0.0104252
0.0106798
0.0109484
0.011229
0.0115196
0.0118181
0.0121221
0.0124293
0.0127374
0.0130443
0.0133476
0.0136456
0.0139364
0.0142182
0.0144897
0.0147495
0.0149965
0.0152297
0.0154484
0.015652
0.0158402
0.0160127
0.0161697
0.0163113
0.016438
0.0165506
0.0166502
0.0167378
0.0168152
0.0168842
0.0169471
0.0170066
0.0170656
0.0171277
0.0171968
0.0172773
0.0173741
0.0174926
0.0176387
0.0178188
0.0180396
0.0183083
0.0186322
0.019019
0.0194763
0.0200119
0.0206331
0.021347
0.0221604
0.0230794
0.0241094
0.0252552
0.0265207
0.027909
0.0294224
0.031062
0.0328285
0.0347214
0.0367396
0.0388811
0.0411433
0.0435228
0.0460156
0.0486172
0.0513225
0.0541261
0.0570219
0.0600035
0.0630643
0.066197
0.0693944
0.0726487
0.0759519
0.0792957
0.0826717
0.086071
0.0894844
0.0929027
0.0963161
0.0997146
0.103088
0.106425
0.109715
0.112946
0.116107
0.119183
0.122162
0.12503
0.12777
0.130369
0.132806
0.135065
0.137124
0.138961
0.140551
0.141867
0.142879
0.143551
0.143844
0.143714
0.14311
0.141972
0.140232
0.137809
0.134611
0.130528
0.125439
0.119205
0.111687
0.102763
0.0923893
0.0807162
0.0682999
0.0563845
0.0471073
0.0435857
)
;

boundaryField
{
    top_wall
    {
        type            kLowReWallFunction;
        value           uniform 1.56638e-05;
    }
    inlet
    {
        type            cyclic;
    }
    bot_wall
    {
        type            kLowReWallFunction;
        value           uniform 1.56638e-05;
    }
    outlet
    {
        type            cyclic;
    }
    frontAndBack
    {
        type            empty;
    }
}


// ************************************************************************* //
