/*--------------------------------*- C++ -*----------------------------------*\
| =========                 |                                                 |
| \\      /  F ield         | OpenFOAM: The Open Source CFD Toolbox           |
|  \\    /   O peration     | Version:  2312                                  |
|   \\  /    A nd           | Website:  www.openfoam.com                      |
|    \\/     M anipulation  |                                                 |
\*---------------------------------------------------------------------------*/
FoamFile
{
    version     2.0;
    format      ascii;
    arch        "LSB;label=32;scalar=64";
    class       volVectorField;
    location    "0.59";
    object      U;
}
// * * * * * * * * * * * * * * * * * * * * * * * * * * * * * * * * * * * * * //

dimensions      [0 1 -1 0 0 0 0];

internalField   nonuniform List<vector> 
2000
(
(0.0855926 -4.37542e-19 0)
(0.246666 -6.99483e-19 0)
(0.400157 -7.59245e-19 0)
(0.543166 -7.03961e-19 0)
(0.674228 -6.94453e-19 0)
(0.793538 -6.97928e-19 0)
(0.902274 -7.00684e-19 0)
(1.0019 -7.00396e-19 0)
(1.09381 -7.00763e-19 0)
(1.17919 -7.00704e-19 0)
(1.25902 -6.99279e-19 0)
(1.33409 -6.98024e-19 0)
(1.40505 -6.96753e-19 0)
(1.47241 -6.97093e-19 0)
(1.53659 -6.98828e-19 0)
(1.59796 -7.00118e-19 0)
(1.6568 -7.01146e-19 0)
(1.71335 -7.01471e-19 0)
(1.76783 -7.00272e-19 0)
(1.82041 -6.9874e-19 0)
(1.87124 -6.96218e-19 0)
(1.92044 -6.93735e-19 0)
(1.96813 -6.93365e-19 0)
(2.0144 -7.00826e-19 0)
(2.05934 -7.08731e-19 0)
(2.10302 -7.0966e-19 0)
(2.1455 -7.10643e-19 0)
(2.18684 -7.1342e-19 0)
(2.22709 -7.2176e-19 0)
(2.26628 -7.30233e-19 0)
(2.30446 -7.3303e-19 0)
(2.34166 -7.35125e-19 0)
(2.3779 -7.33818e-19 0)
(2.41321 -7.31479e-19 0)
(2.44761 -7.30289e-19 0)
(2.48112 -7.26976e-19 0)
(2.51375 -7.25451e-19 0)
(2.54551 -7.24734e-19 0)
(2.57642 -7.24675e-19 0)
(2.60647 -7.24561e-19 0)
(2.63567 -7.24023e-19 0)
(2.66403 -7.24975e-19 0)
(2.69155 -7.25145e-19 0)
(2.71823 -7.24387e-19 0)
(2.74405 -7.2391e-19 0)
(2.76903 -7.23483e-19 0)
(2.79315 -7.23095e-19 0)
(2.8164 -7.22663e-19 0)
(2.83877 -7.22196e-19 0)
(2.86026 -7.21708e-19 0)
(2.88085 -7.21207e-19 0)
(2.90053 -7.20704e-19 0)
(2.91929 -7.20203e-19 0)
(2.93711 -7.19709e-19 0)
(2.95397 -7.19226e-19 0)
(2.96987 -7.18752e-19 0)
(2.98479 -7.18287e-19 0)
(2.99871 -7.17831e-19 0)
(3.01162 -7.1738e-19 0)
(3.02351 -7.16932e-19 0)
(3.03437 -7.16484e-19 0)
(3.0442 -7.16033e-19 0)
(3.05299 -7.15574e-19 0)
(3.06075 -7.15106e-19 0)
(3.06748 -7.14623e-19 0)
(3.0732 -7.14123e-19 0)
(3.07792 -7.13601e-19 0)
(3.08166 -7.13053e-19 0)
(3.08446 -7.12489e-19 0)
(3.08634 -7.11896e-19 0)
(3.08735 -7.11274e-19 0)
(3.08753 -7.1062e-19 0)
(3.08693 -7.09929e-19 0)
(3.08559 -7.09197e-19 0)
(3.08357 -7.08427e-19 0)
(3.08091 -7.07607e-19 0)
(3.07768 -7.06745e-19 0)
(3.07391 -7.05839e-19 0)
(3.06966 -7.04884e-19 0)
(3.06497 -7.03877e-19 0)
(3.05989 -7.02817e-19 0)
(3.05446 -7.01703e-19 0)
(3.04871 -7.00532e-19 0)
(3.04268 -6.99306e-19 0)
(3.0364 -6.98026e-19 0)
(3.02991 -6.96695e-19 0)
(3.02323 -6.95318e-19 0)
(3.01638 -6.939e-19 0)
(3.00938 -6.92446e-19 0)
(3.00227 -6.90964e-19 0)
(2.99506 -6.8948e-19 0)
(2.98776 -6.87966e-19 0)
(2.9804 -6.86432e-19 0)
(2.97299 -6.84884e-19 0)
(2.96555 -6.8333e-19 0)
(2.95809 -6.81775e-19 0)
(2.95062 -6.8022e-19 0)
(2.94317 -6.78662e-19 0)
(2.93574 -6.7709e-19 0)
(2.92835 -6.75486e-19 0)
(2.92101 -6.73823e-19 0)
(2.91374 -6.7206e-19 0)
(2.90655 -6.70163e-19 0)
(2.89947 -6.67775e-19 0)
(2.89249 -6.64948e-19 0)
(2.88565 -6.6334e-19 0)
(2.87896 -6.65497e-19 0)
(2.87244 -6.64699e-19 0)
(2.8661 -6.64017e-19 0)
(2.85997 -6.6257e-19 0)
(2.85405 -6.59657e-19 0)
(2.84838 -6.59862e-19 0)
(2.84296 -6.5872e-19 0)
(2.83782 -6.57277e-19 0)
(2.83297 -6.56238e-19 0)
(2.82841 -6.55931e-19 0)
(2.82415 -6.56486e-19 0)
(2.8202 -6.5775e-19 0)
(2.81655 -6.58174e-19 0)
(2.81321 -6.54025e-19 0)
(2.81015 -6.52056e-19 0)
(2.80737 -6.49891e-19 0)
(2.80485 -6.4609e-19 0)
(2.80258 -6.46023e-19 0)
(2.80053 -6.46598e-19 0)
(2.79869 -6.47029e-19 0)
(2.79704 -6.47742e-19 0)
(2.79555 -6.48856e-19 0)
(2.79422 -6.50283e-19 0)
(2.79302 -6.51845e-19 0)
(2.79194 -6.51604e-19 0)
(2.79097 -6.48506e-19 0)
(2.79009 -6.45401e-19 0)
(2.7893 -6.38841e-19 0)
(2.78858 -6.33836e-19 0)
(2.78792 -6.34201e-19 0)
(2.78733 -6.30935e-19 0)
(2.78678 -6.23653e-19 0)
(2.78629 -6.17163e-19 0)
(2.78583 -6.15942e-19 0)
(2.78541 -6.18184e-19 0)
(2.78503 -6.16288e-19 0)
(2.78467 -6.10832e-19 0)
(2.78434 -6.04946e-19 0)
(2.78404 -6.01894e-19 0)
(2.78375 -6.02555e-19 0)
(2.78349 -6.03783e-19 0)
(2.78325 -6.04923e-19 0)
(2.78302 -6.04815e-19 0)
(2.78281 -6.00869e-19 0)
(2.78261 -5.96874e-19 0)
(2.78243 -5.96362e-19 0)
(2.78225 -5.96782e-19 0)
(2.78209 -5.96967e-19 0)
(2.78194 -5.96839e-19 0)
(2.78179 -5.96341e-19 0)
(2.78166 -5.94942e-19 0)
(2.78153 -5.90585e-19 0)
(2.78141 -5.82934e-19 0)
(2.7813 -5.77078e-19 0)
(2.7812 -5.75137e-19 0)
(2.7811 -5.69637e-19 0)
(2.78101 -5.65403e-19 0)
(2.78092 -5.6412e-19 0)
(2.78084 -5.60325e-19 0)
(2.78076 -5.5516e-19 0)
(2.78068 -5.47291e-19 0)
(2.78062 -5.3504e-19 0)
(2.78055 -5.25595e-19 0)
(2.78049 -5.22658e-19 0)
(2.78043 -5.14704e-19 0)
(2.78038 -5.04807e-19 0)
(2.78033 -4.99478e-19 0)
(2.78028 -4.97448e-19 0)
(2.78023 -4.97847e-19 0)
(2.78019 -4.96449e-19 0)
(2.78015 -4.92753e-19 0)
(2.78011 -4.8878e-19 0)
(2.78008 -4.84041e-19 0)
(2.78005 -4.80717e-19 0)
(2.78001 -4.78903e-19 0)
(2.77998 -4.76387e-19 0)
(2.77996 -4.75826e-19 0)
(2.77993 -4.72383e-19 0)
(2.77991 -4.63675e-19 0)
(2.77988 -4.56911e-19 0)
(2.77986 -4.52753e-19 0)
(2.77984 -4.51211e-19 0)
(2.77983 -4.47783e-19 0)
(2.77981 -4.40296e-19 0)
(2.77979 -4.33063e-19 0)
(2.77978 -4.28996e-19 0)
(2.77976 -4.275e-19 0)
(2.77975 -4.26092e-19 0)
(2.77974 -4.19142e-19 0)
(2.77972 -4.10937e-19 0)
(2.77971 -4.03806e-19 0)
(2.7797 -3.9528e-19 0)
(2.77969 -3.89185e-19 0)
(2.77969 -3.84553e-19 0)
(2.77968 -3.81393e-19 0)
(2.77967 -3.73323e-19 0)
(2.77966 -3.67131e-19 0)
(2.77966 -3.67115e-19 0)
(2.77965 -3.66925e-19 0)
(2.77964 -3.64085e-19 0)
(2.77964 -3.54036e-19 0)
(2.77963 -3.44265e-19 0)
(2.77963 -3.4243e-19 0)
(2.77963 -3.40472e-19 0)
(2.77962 -3.32887e-19 0)
(2.77962 -3.22334e-19 0)
(2.77961 -3.13962e-19 0)
(2.77961 -3.07046e-19 0)
(2.77961 -3.0213e-19 0)
(2.77961 -3.0093e-19 0)
(2.7796 -2.99693e-19 0)
(2.7796 -2.95583e-19 0)
(2.7796 -2.91226e-19 0)
(2.7796 -2.8918e-19 0)
(2.7796 -2.86625e-19 0)
(2.77959 -2.81306e-19 0)
(2.77959 -2.73139e-19 0)
(2.77959 -2.66841e-19 0)
(2.77959 -2.5992e-19 0)
(2.77959 -2.49805e-19 0)
(2.77959 -2.42497e-19 0)
(2.77959 -2.38777e-19 0)
(2.77959 -2.33378e-19 0)
(2.77958 -2.25486e-19 0)
(2.77958 -2.19434e-19 0)
(2.77958 -2.15778e-19 0)
(2.77958 -2.12654e-19 0)
(2.77958 -2.0655e-19 0)
(2.77958 -1.98539e-19 0)
(2.77958 -1.87943e-19 0)
(2.77958 -1.80232e-19 0)
(2.77958 -1.79463e-19 0)
(2.77958 -1.74493e-19 0)
(2.77958 -1.66544e-19 0)
(2.77958 -1.63524e-19 0)
(2.77958 -1.60334e-19 0)
(2.77958 -1.53229e-19 0)
(2.77958 -1.4861e-19 0)
(2.77958 -1.46548e-19 0)
(2.77958 -1.41515e-19 0)
(2.77958 -1.32972e-19 0)
(2.77958 -1.23897e-19 0)
(2.77958 -1.14869e-19 0)
(2.77958 -1.06251e-19 0)
(2.77958 -9.90798e-20 0)
(2.77958 -9.35273e-20 0)
(2.77958 -8.44494e-20 0)
(2.77958 -7.39632e-20 0)
(2.77958 -6.62106e-20 0)
(2.77958 -6.3968e-20 0)
(2.77958 -6.68303e-20 0)
(2.77958 -5.98662e-20 0)
(2.77958 -4.46594e-20 0)
(2.77958 -3.60606e-20 0)
(2.77958 -3.51565e-20 0)
(2.77958 -3.63574e-20 0)
(2.77958 -3.47044e-20 0)
(2.77958 -2.77692e-20 0)
(2.77958 -1.76548e-20 0)
(2.77958 -1.12581e-20 0)
(2.77958 -9.10549e-21 0)
(2.77958 -5.14669e-22 0)
(2.77958 1.55517e-20 0)
(2.77958 2.40322e-20 0)
(2.77958 2.75516e-20 0)
(2.77958 3.50661e-20 0)
(2.77958 4.33491e-20 0)
(2.77958 5.03744e-20 0)
(2.77958 5.98288e-20 0)
(2.77958 7.11042e-20 0)
(2.77958 8.17223e-20 0)
(2.77958 9.05782e-20 0)
(2.77958 9.6206e-20 0)
(2.77958 1.04837e-19 0)
(2.77958 1.12174e-19 0)
(2.77958 1.15295e-19 0)
(2.77958 1.16409e-19 0)
(2.77958 1.15845e-19 0)
(2.77958 1.1567e-19 0)
(2.77958 1.21875e-19 0)
(2.77958 1.27254e-19 0)
(2.77958 1.3252e-19 0)
(2.77958 1.42585e-19 0)
(2.77958 1.50288e-19 0)
(2.77958 1.57579e-19 0)
(2.77958 1.63507e-19 0)
(2.77958 1.70619e-19 0)
(2.77958 1.79642e-19 0)
(2.77958 1.85367e-19 0)
(2.77958 1.87952e-19 0)
(2.77958 1.88814e-19 0)
(2.77958 1.9152e-19 0)
(2.77958 1.97044e-19 0)
(2.77958 2.01872e-19 0)
(2.77958 2.07102e-19 0)
(2.77958 2.10393e-19 0)
(2.77958 2.11243e-19 0)
(2.77958 2.15184e-19 0)
(2.77958 2.22546e-19 0)
(2.77958 2.32403e-19 0)
(2.77958 2.39803e-19 0)
(2.77958 2.41789e-19 0)
(2.77958 2.46033e-19 0)
(2.77958 2.53427e-19 0)
(2.77958 2.60976e-19 0)
(2.77958 2.73894e-19 0)
(2.77958 2.83402e-19 0)
(2.77958 2.82047e-19 0)
(2.77958 2.79063e-19 0)
(2.77958 2.77053e-19 0)
(2.77958 2.7549e-19 0)
(2.77958 2.74034e-19 0)
(2.77958 2.72704e-19 0)
(2.77958 2.71489e-19 0)
(2.77958 2.70376e-19 0)
(2.77958 2.6935e-19 0)
(2.77958 2.68393e-19 0)
(2.77958 2.67492e-19 0)
(2.77958 2.66632e-19 0)
(2.77958 2.65799e-19 0)
(2.77958 2.64984e-19 0)
(2.77958 2.64177e-19 0)
(2.77958 2.63372e-19 0)
(2.77958 2.62564e-19 0)
(2.77958 2.61749e-19 0)
(2.77958 2.60924e-19 0)
(2.77958 2.60088e-19 0)
(2.77958 2.59242e-19 0)
(2.77958 2.58384e-19 0)
(2.77958 2.57518e-19 0)
(2.77958 2.56643e-19 0)
(2.77958 2.55761e-19 0)
(2.77958 2.54875e-19 0)
(2.77958 2.53987e-19 0)
(2.77958 2.53098e-19 0)
(2.77958 2.5221e-19 0)
(2.77958 2.51325e-19 0)
(2.77958 2.50446e-19 0)
(2.77958 2.49574e-19 0)
(2.77958 2.4871e-19 0)
(2.77958 2.47857e-19 0)
(2.77958 2.47015e-19 0)
(2.77958 2.46185e-19 0)
(2.77958 2.45369e-19 0)
(2.77958 2.44568e-19 0)
(2.77958 2.43782e-19 0)
(2.77958 2.43011e-19 0)
(2.77958 2.42258e-19 0)
(2.77958 2.41521e-19 0)
(2.77958 2.40801e-19 0)
(2.77958 2.40099e-19 0)
(2.77958 2.39414e-19 0)
(2.77958 2.38747e-19 0)
(2.77958 2.38098e-19 0)
(2.77958 2.37467e-19 0)
(2.77958 2.36853e-19 0)
(2.77958 2.36257e-19 0)
(2.77958 2.35678e-19 0)
(2.77958 2.35116e-19 0)
(2.77958 2.34571e-19 0)
(2.77958 2.34043e-19 0)
(2.77958 2.33532e-19 0)
(2.77958 2.33037e-19 0)
(2.77958 2.32557e-19 0)
(2.77958 2.32094e-19 0)
(2.77958 2.31646e-19 0)
(2.77958 2.31212e-19 0)
(2.77958 2.30794e-19 0)
(2.77958 2.3039e-19 0)
(2.77958 2.3e-19 0)
(2.77958 2.29624e-19 0)
(2.77958 2.29261e-19 0)
(2.77958 2.28912e-19 0)
(2.77958 2.28575e-19 0)
(2.77958 2.28251e-19 0)
(2.77958 2.27939e-19 0)
(2.77958 2.27638e-19 0)
(2.77958 2.27349e-19 0)
(2.77958 2.27072e-19 0)
(2.77958 2.26805e-19 0)
(2.77958 2.26548e-19 0)
(2.77958 2.26302e-19 0)
(2.77958 2.26066e-19 0)
(2.77958 2.25839e-19 0)
(2.77958 2.25622e-19 0)
(2.77958 2.25413e-19 0)
(2.77958 2.25213e-19 0)
(2.77958 2.25022e-19 0)
(2.77958 2.24839e-19 0)
(2.77958 2.24663e-19 0)
(2.77958 2.24495e-19 0)
(2.77958 2.24335e-19 0)
(2.77958 2.24181e-19 0)
(2.77958 2.24035e-19 0)
(2.77958 2.23894e-19 0)
(2.77958 2.23761e-19 0)
(2.77958 2.23633e-19 0)
(2.77958 2.23511e-19 0)
(2.77958 2.23394e-19 0)
(2.77958 2.23283e-19 0)
(2.77958 2.23177e-19 0)
(2.77958 2.23077e-19 0)
(2.77958 2.22981e-19 0)
(2.77958 2.22889e-19 0)
(2.77958 2.22802e-19 0)
(2.77958 2.22719e-19 0)
(2.77958 2.2264e-19 0)
(2.77958 2.22566e-19 0)
(2.77958 2.22494e-19 0)
(2.77958 2.22427e-19 0)
(2.77958 2.22362e-19 0)
(2.77958 2.22302e-19 0)
(2.77958 2.22244e-19 0)
(2.77958 2.22189e-19 0)
(2.77958 2.22137e-19 0)
(2.77958 2.22087e-19 0)
(2.77958 2.22041e-19 0)
(2.77958 2.21997e-19 0)
(2.77958 2.21955e-19 0)
(2.77958 2.21915e-19 0)
(2.77958 2.21878e-19 0)
(2.77958 2.21843e-19 0)
(2.77958 2.21809e-19 0)
(2.77958 2.21778e-19 0)
(2.77958 2.21748e-19 0)
(2.77958 2.2172e-19 0)
(2.77958 2.21694e-19 0)
(2.77958 2.21669e-19 0)
(2.77958 2.21646e-19 0)
(2.77958 2.21624e-19 0)
(2.77958 2.21604e-19 0)
(2.77958 2.21584e-19 0)
(2.77958 2.21566e-19 0)
(2.77958 2.2155e-19 0)
(2.77958 2.21534e-19 0)
(2.77958 2.21519e-19 0)
(2.77958 2.21506e-19 0)
(2.77958 2.21493e-19 0)
(2.77958 2.21481e-19 0)
(2.77958 2.21471e-19 0)
(2.77958 2.21461e-19 0)
(2.77958 2.21452e-19 0)
(2.77958 2.21443e-19 0)
(2.77958 2.21436e-19 0)
(2.77958 2.21429e-19 0)
(2.77958 2.21423e-19 0)
(2.77958 2.21418e-19 0)
(2.77958 2.21413e-19 0)
(2.77958 2.21409e-19 0)
(2.77958 2.21405e-19 0)
(2.77958 2.21403e-19 0)
(2.77958 2.214e-19 0)
(2.77958 2.21399e-19 0)
(2.77958 2.21398e-19 0)
(2.77958 2.21397e-19 0)
(2.77958 2.21397e-19 0)
(2.77958 2.21398e-19 0)
(2.77958 2.21399e-19 0)
(2.77958 2.21401e-19 0)
(2.77958 2.21403e-19 0)
(2.77958 2.21406e-19 0)
(2.77958 2.2141e-19 0)
(2.77958 2.21414e-19 0)
(2.77958 2.21419e-19 0)
(2.77958 2.21424e-19 0)
(2.77958 2.2143e-19 0)
(2.77958 2.21436e-19 0)
(2.77958 2.21443e-19 0)
(2.77958 2.21451e-19 0)
(2.77958 2.2146e-19 0)
(2.77958 2.21469e-19 0)
(2.77958 2.21479e-19 0)
(2.77958 2.21489e-19 0)
(2.77958 2.21501e-19 0)
(2.77958 2.21513e-19 0)
(2.77958 2.21526e-19 0)
(2.77958 2.2154e-19 0)
(2.77958 2.21555e-19 0)
(2.77958 2.21571e-19 0)
(2.77958 2.21588e-19 0)
(2.77958 2.21606e-19 0)
(2.77958 2.21624e-19 0)
(2.77958 2.21644e-19 0)
(2.77958 2.21666e-19 0)
(2.77958 2.21688e-19 0)
(2.77958 2.21712e-19 0)
(2.77958 2.21736e-19 0)
(2.77958 2.21763e-19 0)
(2.77958 2.2179e-19 0)
(2.77958 2.2182e-19 0)
(2.77958 2.2185e-19 0)
(2.77958 2.21883e-19 0)
(2.77958 2.21917e-19 0)
(2.77958 2.21952e-19 0)
(2.77958 2.2199e-19 0)
(2.77958 2.22029e-19 0)
(2.77958 2.22071e-19 0)
(2.77958 2.22114e-19 0)
(2.77958 2.2216e-19 0)
(2.77958 2.22208e-19 0)
(2.77958 2.22258e-19 0)
(2.77958 2.22311e-19 0)
(2.77958 2.22366e-19 0)
(2.77958 2.22423e-19 0)
(2.77958 2.22483e-19 0)
(2.77958 2.22547e-19 0)
(2.77958 2.22613e-19 0)
(2.77958 2.22682e-19 0)
(2.77958 2.22754e-19 0)
(2.77958 2.22829e-19 0)
(2.77958 2.22908e-19 0)
(2.77958 2.2299e-19 0)
(2.77958 2.23075e-19 0)
(2.77958 2.23165e-19 0)
(2.77958 2.23258e-19 0)
(2.77958 2.23355e-19 0)
(2.77958 2.23456e-19 0)
(2.77958 2.23561e-19 0)
(2.77958 2.23671e-19 0)
(2.77958 2.23785e-19 0)
(2.77958 2.23904e-19 0)
(2.77958 2.24028e-19 0)
(2.77958 2.24156e-19 0)
(2.77958 2.2429e-19 0)
(2.77958 2.24429e-19 0)
(2.77958 2.24573e-19 0)
(2.77958 2.24722e-19 0)
(2.77958 2.24878e-19 0)
(2.77958 2.25039e-19 0)
(2.77958 2.25206e-19 0)
(2.77958 2.25379e-19 0)
(2.77958 2.25559e-19 0)
(2.77958 2.25745e-19 0)
(2.77958 2.25938e-19 0)
(2.77958 2.26137e-19 0)
(2.77958 2.26343e-19 0)
(2.77958 2.26557e-19 0)
(2.77958 2.26778e-19 0)
(2.77958 2.27006e-19 0)
(2.77958 2.27242e-19 0)
(2.77958 2.27485e-19 0)
(2.77958 2.27736e-19 0)
(2.77958 2.27996e-19 0)
(2.77958 2.28263e-19 0)
(2.77958 2.28539e-19 0)
(2.77958 2.28823e-19 0)
(2.77958 2.29116e-19 0)
(2.77958 2.29417e-19 0)
(2.77958 2.29728e-19 0)
(2.77958 2.30047e-19 0)
(2.77958 2.30375e-19 0)
(2.77958 2.30712e-19 0)
(2.77958 2.31058e-19 0)
(2.77958 2.31413e-19 0)
(2.77958 2.31778e-19 0)
(2.77958 2.32152e-19 0)
(2.77958 2.32535e-19 0)
(2.77958 2.32927e-19 0)
(2.77958 2.33329e-19 0)
(2.77958 2.33739e-19 0)
(2.77958 2.34159e-19 0)
(2.77958 2.34588e-19 0)
(2.77958 2.35026e-19 0)
(2.77958 2.35472e-19 0)
(2.77958 2.35927e-19 0)
(2.77958 2.36391e-19 0)
(2.77958 2.36862e-19 0)
(2.77958 2.37342e-19 0)
(2.77958 2.37829e-19 0)
(2.77958 2.38323e-19 0)
(2.77958 2.38824e-19 0)
(2.77958 2.39332e-19 0)
(2.77958 2.39846e-19 0)
(2.77958 2.40365e-19 0)
(2.77958 2.4089e-19 0)
(2.77958 2.41418e-19 0)
(2.77958 2.41951e-19 0)
(2.77958 2.42487e-19 0)
(2.77958 2.43025e-19 0)
(2.77958 2.43564e-19 0)
(2.77958 2.44105e-19 0)
(2.77958 2.44645e-19 0)
(2.77958 2.45184e-19 0)
(2.77958 2.4572e-19 0)
(2.77958 2.46254e-19 0)
(2.77958 2.46783e-19 0)
(2.77958 2.47307e-19 0)
(2.77958 2.47824e-19 0)
(2.77958 2.48333e-19 0)
(2.77958 2.48834e-19 0)
(2.77958 2.49323e-19 0)
(2.77958 2.49802e-19 0)
(2.77958 2.50267e-19 0)
(2.77958 2.50719e-19 0)
(2.77958 2.51156e-19 0)
(2.77958 2.51577e-19 0)
(2.77958 2.51982e-19 0)
(2.77958 2.5237e-19 0)
(2.77958 2.52741e-19 0)
(2.77958 2.53096e-19 0)
(2.77958 2.53434e-19 0)
(2.77958 2.53756e-19 0)
(2.77958 2.54065e-19 0)
(2.77958 2.54361e-19 0)
(2.77958 2.54646e-19 0)
(2.77958 2.54924e-19 0)
(2.77958 2.55197e-19 0)
(2.77958 2.55466e-19 0)
(2.77958 2.55736e-19 0)
(2.77958 2.56007e-19 0)
(2.77958 2.56279e-19 0)
(2.77958 2.56551e-19 0)
(2.77958 2.56816e-19 0)
(2.77958 2.57067e-19 0)
(2.77958 2.57287e-19 0)
(2.77958 2.57455e-19 0)
(2.77958 2.57541e-19 0)
(2.77958 2.57508e-19 0)
(2.77958 2.57308e-19 0)
(2.77958 2.56894e-19 0)
(2.77958 2.56218e-19 0)
(2.77958 2.55256e-19 0)
(2.77958 2.53996e-19 0)
(2.77958 2.52419e-19 0)
(2.77958 2.50581e-19 0)
(2.77958 2.47174e-19 0)
(2.77958 2.44038e-19 0)
(2.77958 2.40906e-19 0)
(2.77958 2.3751e-19 0)
(2.77958 2.35692e-19 0)
(2.77958 2.34141e-19 0)
(2.77958 2.32915e-19 0)
(2.77958 2.31994e-19 0)
(2.77958 2.31368e-19 0)
(2.77958 2.31011e-19 0)
(2.77958 2.30876e-19 0)
(2.77958 2.30915e-19 0)
(2.77958 2.31081e-19 0)
(2.77958 2.31337e-19 0)
(2.77958 2.31654e-19 0)
(2.77958 2.32008e-19 0)
(2.77958 2.32386e-19 0)
(2.77958 2.32778e-19 0)
(2.77958 2.33179e-19 0)
(2.77958 2.33586e-19 0)
(2.77958 2.34e-19 0)
(2.77958 2.34423e-19 0)
(2.77958 2.34857e-19 0)
(2.77958 2.35303e-19 0)
(2.77958 2.35766e-19 0)
(2.77958 2.36247e-19 0)
(2.77958 2.36749e-19 0)
(2.77958 2.37273e-19 0)
(2.77958 2.37819e-19 0)
(2.77958 2.3839e-19 0)
(2.77958 2.38985e-19 0)
(2.77958 2.39604e-19 0)
(2.77958 2.40247e-19 0)
(2.77958 2.40913e-19 0)
(2.77958 2.41601e-19 0)
(2.77958 2.4231e-19 0)
(2.77958 2.43038e-19 0)
(2.77958 2.43783e-19 0)
(2.77958 2.44545e-19 0)
(2.77958 2.45321e-19 0)
(2.77958 2.46109e-19 0)
(2.77958 2.46907e-19 0)
(2.77958 2.47712e-19 0)
(2.77958 2.48523e-19 0)
(2.77958 2.49336e-19 0)
(2.77958 2.50148e-19 0)
(2.77958 2.50957e-19 0)
(2.77958 2.51759e-19 0)
(2.77958 2.5255e-19 0)
(2.77958 2.53325e-19 0)
(2.77958 2.54079e-19 0)
(2.77958 2.54808e-19 0)
(2.77958 2.55503e-19 0)
(2.77958 2.5616e-19 0)
(2.77958 2.56768e-19 0)
(2.77958 2.57319e-19 0)
(2.77958 2.57802e-19 0)
(2.77958 2.58206e-19 0)
(2.77958 2.58516e-19 0)
(2.77958 2.58718e-19 0)
(2.77958 2.58793e-19 0)
(2.77958 2.58721e-19 0)
(2.77958 2.58479e-19 0)
(2.77958 2.58041e-19 0)
(2.77958 2.57374e-19 0)
(2.77958 2.56444e-19 0)
(2.77958 2.55207e-19 0)
(2.77958 2.53616e-19 0)
(2.77958 2.51616e-19 0)
(2.77958 2.49148e-19 0)
(2.77958 2.46144e-19 0)
(2.77958 2.42593e-19 0)
(2.77958 2.37415e-19 0)
(2.77958 2.35006e-19 0)
(2.77958 2.3297e-19 0)
(2.77958 2.2853e-19 0)
(2.77958 2.25746e-19 0)
(2.77958 2.23596e-19 0)
(2.77958 2.22118e-19 0)
(2.77958 2.21314e-19 0)
(2.77958 2.21215e-19 0)
(2.77958 2.2197e-19 0)
(2.77958 2.22627e-19 0)
(2.77958 2.20372e-19 0)
(2.77958 2.18356e-19 0)
(2.77958 2.19742e-19 0)
(2.77958 2.21849e-19 0)
(2.77958 2.22774e-19 0)
(2.77958 2.16861e-19 0)
(2.77958 2.11369e-19 0)
(2.77958 2.13154e-19 0)
(2.77958 2.16092e-19 0)
(2.77958 2.18916e-19 0)
(2.77958 2.21416e-19 0)
(2.77958 2.23663e-19 0)
(2.77958 2.25687e-19 0)
(2.77958 2.27508e-19 0)
(2.77958 2.29136e-19 0)
(2.77958 2.30577e-19 0)
(2.77958 2.31829e-19 0)
(2.77958 2.32884e-19 0)
(2.77958 2.33732e-19 0)
(2.77958 2.34355e-19 0)
(2.77958 2.34729e-19 0)
(2.77958 2.34821e-19 0)
(2.77958 2.34587e-19 0)
(2.77958 2.3397e-19 0)
(2.77958 2.32897e-19 0)
(2.77958 2.31282e-19 0)
(2.77958 2.29017e-19 0)
(2.77958 2.26012e-19 0)
(2.77958 2.21384e-19 0)
(2.77958 2.15532e-19 0)
(2.77958 2.09621e-19 0)
(2.77958 2.04816e-19 0)
(2.77958 2.01516e-19 0)
(2.77958 1.98836e-19 0)
(2.77958 1.96685e-19 0)
(2.77958 1.94954e-19 0)
(2.77958 1.93555e-19 0)
(2.77958 1.92415e-19 0)
(2.77958 1.91473e-19 0)
(2.77958 1.90685e-19 0)
(2.77958 1.90017e-19 0)
(2.77958 1.89443e-19 0)
(2.77958 1.88944e-19 0)
(2.77958 1.88508e-19 0)
(2.77958 1.88124e-19 0)
(2.77958 1.87786e-19 0)
(2.77958 1.87488e-19 0)
(2.77958 1.87225e-19 0)
(2.77958 1.86994e-19 0)
(2.77958 1.86793e-19 0)
(2.77958 1.86618e-19 0)
(2.77958 1.86468e-19 0)
(2.77958 1.86339e-19 0)
(2.77958 1.86229e-19 0)
(2.77958 1.86137e-19 0)
(2.77958 1.8606e-19 0)
(2.77958 1.85996e-19 0)
(2.77958 1.85944e-19 0)
(2.77958 1.85901e-19 0)
(2.77958 1.85866e-19 0)
(2.77958 1.85837e-19 0)
(2.77958 1.85813e-19 0)
(2.77958 1.85792e-19 0)
(2.77958 1.85773e-19 0)
(2.77958 1.85754e-19 0)
(2.77958 1.85734e-19 0)
(2.77958 1.85711e-19 0)
(2.77958 1.85683e-19 0)
(2.77958 1.8565e-19 0)
(2.77958 1.85609e-19 0)
(2.77958 1.8556e-19 0)
(2.77958 1.85499e-19 0)
(2.77958 1.85427e-19 0)
(2.77958 1.8534e-19 0)
(2.77958 1.85237e-19 0)
(2.77958 1.85118e-19 0)
(2.77958 1.84979e-19 0)
(2.77958 1.8482e-19 0)
(2.77958 1.8464e-19 0)
(2.77958 1.84438e-19 0)
(2.77958 1.84213e-19 0)
(2.77958 1.83965e-19 0)
(2.77958 1.83693e-19 0)
(2.77958 1.83393e-19 0)
(2.77958 1.83064e-19 0)
(2.77958 1.82698e-19 0)
(2.77958 1.82282e-19 0)
(2.77958 1.81799e-19 0)
(2.77958 1.81192e-19 0)
(2.77958 1.80768e-19 0)
(2.77958 1.80887e-19 0)
(2.77958 1.80531e-19 0)
(2.77958 1.77769e-19 0)
(2.77958 1.75028e-19 0)
(2.77958 1.74733e-19 0)
(2.77958 1.74955e-19 0)
(2.77958 1.74675e-19 0)
(2.77958 1.74255e-19 0)
(2.77958 1.74e-19 0)
(2.77958 1.73854e-19 0)
(2.77958 1.73801e-19 0)
(2.77958 1.73828e-19 0)
(2.77958 1.7393e-19 0)
(2.77958 1.74103e-19 0)
(2.77958 1.74347e-19 0)
(2.77958 1.74663e-19 0)
(2.77958 1.7505e-19 0)
(2.77958 1.7551e-19 0)
(2.77958 1.76044e-19 0)
(2.77958 1.76652e-19 0)
(2.77958 1.77334e-19 0)
(2.77958 1.78092e-19 0)
(2.77958 1.78923e-19 0)
(2.77958 1.79827e-19 0)
(2.77958 1.80802e-19 0)
(2.77958 1.81842e-19 0)
(2.77958 1.82942e-19 0)
(2.77958 1.84092e-19 0)
(2.77958 1.85278e-19 0)
(2.77958 1.8648e-19 0)
(2.77958 1.87674e-19 0)
(2.77958 1.88823e-19 0)
(2.77958 1.89885e-19 0)
(2.77958 1.90804e-19 0)
(2.77958 1.91512e-19 0)
(2.77958 1.91933e-19 0)
(2.77958 1.91984e-19 0)
(2.77958 1.91579e-19 0)
(2.77958 1.90645e-19 0)
(2.77958 1.88752e-19 0)
(2.77958 1.84358e-19 0)
(2.77958 1.82182e-19 0)
(2.77958 1.80105e-19 0)
(2.77958 1.75645e-19 0)
(2.77958 1.72755e-19 0)
(2.77958 1.69871e-19 0)
(2.77958 1.66881e-19 0)
(2.77958 1.63558e-19 0)
(2.77958 1.60041e-19 0)
(2.77958 1.56498e-19 0)
(2.77958 1.52012e-19 0)
(2.77958 1.50786e-19 0)
(2.77958 1.49644e-19 0)
(2.77958 1.45416e-19 0)
(2.77958 1.42336e-19 0)
(2.77958 1.39529e-19 0)
(2.77958 1.37218e-19 0)
(2.77958 1.35593e-19 0)
(2.77958 1.34498e-19 0)
(2.77958 1.33829e-19 0)
(2.77958 1.33492e-19 0)
(2.77958 1.33401e-19 0)
(2.77958 1.3346e-19 0)
(2.77958 1.3364e-19 0)
(2.77958 1.32863e-19 0)
(2.77958 1.25759e-19 0)
(2.77958 1.18205e-19 0)
(2.77958 1.16009e-19 0)
(2.77958 1.14575e-19 0)
(2.77958 1.12765e-19 0)
(2.77958 1.08198e-19 0)
(2.77958 1.04215e-19 0)
(2.77958 1.03767e-19 0)
(2.77958 1.03702e-19 0)
(2.77958 1.02332e-19 0)
(2.77958 1.00485e-19 0)
(2.77958 9.825e-20 0)
(2.77958 9.57294e-20 0)
(2.77958 9.36701e-20 0)
(2.77958 9.14623e-20 0)
(2.77958 8.92943e-20 0)
(2.77958 8.77013e-20 0)
(2.77958 8.72931e-20 0)
(2.77958 8.80821e-20 0)
(2.77958 8.84995e-20 0)
(2.77958 9.05988e-20 0)
(2.77958 9.29059e-20 0)
(2.77958 9.39279e-20 0)
(2.77958 9.61028e-20 0)
(2.77958 9.82938e-20 0)
(2.77958 1.0023e-19 0)
(2.77958 1.01945e-19 0)
(2.77958 1.03449e-19 0)
(2.77958 1.04757e-19 0)
(2.77958 1.05878e-19 0)
(2.77958 1.06822e-19 0)
(2.77958 1.07594e-19 0)
(2.77958 1.08201e-19 0)
(2.77958 1.08647e-19 0)
(2.77958 1.08937e-19 0)
(2.77958 1.09079e-19 0)
(2.77958 1.0908e-19 0)
(2.77958 1.08949e-19 0)
(2.77958 1.08696e-19 0)
(2.77958 1.08333e-19 0)
(2.77958 1.07874e-19 0)
(2.77958 1.07332e-19 0)
(2.77958 1.06723e-19 0)
(2.77958 1.0606e-19 0)
(2.77958 1.05355e-19 0)
(2.77958 1.04618e-19 0)
(2.77958 1.03852e-19 0)
(2.77958 1.03051e-19 0)
(2.77958 1.02167e-19 0)
(2.77958 1.01514e-19 0)
(2.77958 1.01398e-19 0)
(2.77958 1.01388e-19 0)
(2.77958 1.00386e-19 0)
(2.77958 1.02761e-19 0)
(2.77958 1.05451e-19 0)
(2.77958 1.0542e-19 0)
(2.77958 1.06677e-19 0)
(2.77958 1.07761e-19 0)
(2.77958 1.08264e-19 0)
(2.77958 1.08484e-19 0)
(2.77958 1.08726e-19 0)
(2.77958 1.08933e-19 0)
(2.77958 1.09089e-19 0)
(2.77958 1.09181e-19 0)
(2.77958 1.09203e-19 0)
(2.77958 1.09147e-19 0)
(2.77958 1.09003e-19 0)
(2.77958 1.08759e-19 0)
(2.77958 1.08398e-19 0)
(2.77958 1.07895e-19 0)
(2.77958 1.0722e-19 0)
(2.77958 1.06332e-19 0)
(2.77958 1.05186e-19 0)
(2.77958 1.03725e-19 0)
(2.77958 1.01891e-19 0)
(2.77958 9.96184e-20 0)
(2.77958 9.68936e-20 0)
(2.77958 9.25866e-20 0)
(2.77958 8.30428e-20 0)
(2.77958 7.35624e-20 0)
(2.77958 6.94105e-20 0)
(2.77958 6.72994e-20 0)
(2.77958 6.60654e-20 0)
(2.77958 6.52541e-20 0)
(2.77958 6.47263e-20 0)
(2.77958 6.438e-20 0)
(2.77958 6.32357e-20 0)
(2.77958 5.97594e-20 0)
(2.77958 5.64855e-20 0)
(2.77958 5.63726e-20 0)
(2.77958 5.79556e-20 0)
(2.77958 5.95908e-20 0)
(2.77958 6.09649e-20 0)
(2.77958 6.21063e-20 0)
(2.77958 6.31551e-20 0)
(2.77958 6.36607e-20 0)
(2.77958 6.25445e-20 0)
(2.77958 6.0716e-20 0)
(2.77958 5.93286e-20 0)
(2.77958 5.88695e-20 0)
(2.77958 5.95056e-20 0)
(2.77958 6.04218e-20 0)
(2.77958 6.12992e-20 0)
(2.77958 6.19049e-20 0)
(2.77958 6.22629e-20 0)
(2.77958 6.27758e-20 0)
(2.77958 6.23572e-20 0)
(2.77958 5.8367e-20 0)
(2.77958 5.46517e-20 0)
(2.77958 5.50772e-20 0)
(2.77958 5.67056e-20 0)
(2.77958 5.67117e-20 0)
(2.77958 5.30459e-20 0)
(2.77958 4.86909e-20 0)
(2.77958 4.69791e-20 0)
(2.77958 4.64045e-20 0)
(2.77958 4.60967e-20 0)
(2.77958 4.62153e-20 0)
(2.77958 4.68326e-20 0)
(2.77958 4.80764e-20 0)
(2.77958 4.92505e-20 0)
(2.77958 5.20197e-20 0)
(2.77958 5.4949e-20 0)
(2.77958 5.69818e-20 0)
(2.77958 6.01529e-20 0)
(2.77958 6.33587e-20 0)
(2.77958 6.63301e-20 0)
(2.77958 6.91049e-20 0)
(2.77958 7.16962e-20 0)
(2.77958 7.41175e-20 0)
(2.77958 7.63797e-20 0)
(2.77958 7.84909e-20 0)
(2.77958 8.04569e-20 0)
(2.77958 8.22817e-20 0)
(2.77958 8.39679e-20 0)
(2.77958 8.55171e-20 0)
(2.77958 8.69296e-20 0)
(2.77958 8.82051e-20 0)
(2.77958 8.93419e-20 0)
(2.77958 9.03371e-20 0)
(2.77958 9.11864e-20 0)
(2.77958 9.18839e-20 0)
(2.77958 9.2422e-20 0)
(2.77958 9.27913e-20 0)
(2.77958 9.29809e-20 0)
(2.77958 9.29786e-20 0)
(2.77958 9.27717e-20 0)
(2.77958 9.23477e-20 0)
(2.77958 9.16965e-20 0)
(2.77958 9.0812e-20 0)
(2.77958 8.96958e-20 0)
(2.77958 8.83629e-20 0)
(2.77958 8.68418e-20 0)
(2.77958 8.52623e-20 0)
(2.77958 8.23985e-20 0)
(2.77958 7.97349e-20 0)
(2.77958 7.70619e-20 0)
(2.77958 7.41676e-20 0)
(2.77958 7.25633e-20 0)
(2.77958 7.06372e-20 0)
(2.77958 6.85173e-20 0)
(2.77958 6.66137e-20 0)
(2.77958 6.49105e-20 0)
(2.77958 6.34076e-20 0)
(2.77958 6.20947e-20 0)
(2.77958 6.09567e-20 0)
(2.77958 5.99763e-20 0)
(2.77958 5.91351e-20 0)
(2.77958 5.84152e-20 0)
(2.77958 5.77994e-20 0)
(2.77958 5.72722e-20 0)
(2.77958 5.68196e-20 0)
(2.77958 5.64294e-20 0)
(2.77958 5.60913e-20 0)
(2.77958 5.57965e-20 0)
(2.77958 5.55377e-20 0)
(2.77958 5.53091e-20 0)
(2.77958 5.51062e-20 0)
(2.77958 5.49255e-20 0)
(2.77958 5.47642e-20 0)
(2.77958 5.46206e-20 0)
(2.77958 5.44934e-20 0)
(2.77958 5.43817e-20 0)
(2.77958 5.42851e-20 0)
(2.77958 5.42034e-20 0)
(2.77958 5.41366e-20 0)
(2.77958 5.40846e-20 0)
(2.77958 5.40475e-20 0)
(2.77958 5.40252e-20 0)
(2.77958 5.40175e-20 0)
(2.77958 5.40241e-20 0)
(2.77958 5.40442e-20 0)
(2.77958 5.40768e-20 0)
(2.77958 5.41208e-20 0)
(2.77958 5.41742e-20 0)
(2.77958 5.4235e-20 0)
(2.77958 5.43004e-20 0)
(2.77958 5.43673e-20 0)
(2.77958 5.44319e-20 0)
(2.77958 5.449e-20 0)
(2.77958 5.45367e-20 0)
(2.77958 5.45669e-20 0)
(2.77958 5.45748e-20 0)
(2.77958 5.45546e-20 0)
(2.77958 5.45002e-20 0)
(2.77958 5.44057e-20 0)
(2.77958 5.42657e-20 0)
(2.77958 5.40754e-20 0)
(2.77958 5.38314e-20 0)
(2.77958 5.35321e-20 0)
(2.77958 5.31784e-20 0)
(2.77958 5.27744e-20 0)
(2.77958 5.2328e-20 0)
(2.77958 5.18527e-20 0)
(2.77958 5.13676e-20 0)
(2.77958 5.08996e-20 0)
(2.77958 5.04847e-20 0)
(2.77958 5.017e-20 0)
(2.77958 5.0017e-20 0)
(2.77958 5.01074e-20 0)
(2.77958 5.0543e-20 0)
(2.77958 5.1517e-20 0)
(2.77958 5.2243e-20 0)
(2.77958 5.09456e-20 0)
(2.77958 5.02826e-20 0)
(2.77958 5.29538e-20 0)
(2.77958 5.70218e-20 0)
(2.77958 5.96399e-20 0)
(2.77958 5.78487e-20 0)
(2.77958 5.52769e-20 0)
(2.77958 5.54861e-20 0)
(2.77958 5.61225e-20 0)
(2.77958 5.59243e-20 0)
(2.77958 5.474e-20 0)
(2.77958 5.30727e-20 0)
(2.77958 5.13712e-20 0)
(2.77958 4.96775e-20 0)
(2.77958 4.80418e-20 0)
(2.77958 4.64971e-20 0)
(2.77958 4.50642e-20 0)
(2.77958 4.37548e-20 0)
(2.77958 4.25732e-20 0)
(2.77958 4.15187e-20 0)
(2.77958 4.05868e-20 0)
(2.77958 3.97704e-20 0)
(2.77958 3.90609e-20 0)
(2.77958 3.8449e-20 0)
(2.77958 3.7925e-20 0)
(2.77958 3.74793e-20 0)
(2.77958 3.71029e-20 0)
(2.77958 3.67874e-20 0)
(2.77958 3.65249e-20 0)
(2.77958 3.63085e-20 0)
(2.77958 3.61319e-20 0)
(2.77958 3.59896e-20 0)
(2.77958 3.58767e-20 0)
(2.77958 3.5789e-20 0)
(2.77958 3.5723e-20 0)
(2.77958 3.56756e-20 0)
(2.77958 3.5644e-20 0)
(2.77958 3.56261e-20 0)
(2.77958 3.56199e-20 0)
(2.77958 3.56238e-20 0)
(2.77958 3.56364e-20 0)
(2.77958 3.56567e-20 0)
(2.77958 3.56835e-20 0)
(2.77958 3.57161e-20 0)
(2.77958 3.57538e-20 0)
(2.77958 3.57961e-20 0)
(2.77958 3.58423e-20 0)
(2.77958 3.58922e-20 0)
(2.77958 3.59453e-20 0)
(2.77958 3.60014e-20 0)
(2.77958 3.60602e-20 0)
(2.77958 3.61216e-20 0)
(2.77958 3.61854e-20 0)
(2.77958 3.62513e-20 0)
(2.77958 3.63195e-20 0)
(2.77958 3.63896e-20 0)
(2.77958 3.64618e-20 0)
(2.77958 3.65359e-20 0)
(2.77958 3.66119e-20 0)
(2.77958 3.66897e-20 0)
(2.77958 3.67694e-20 0)
(2.77958 3.6851e-20 0)
(2.77958 3.69345e-20 0)
(2.77958 3.70199e-20 0)
(2.77958 3.71073e-20 0)
(2.77958 3.71966e-20 0)
(2.77958 3.7288e-20 0)
(2.77958 3.73815e-20 0)
(2.77958 3.74773e-20 0)
(2.77958 3.75754e-20 0)
(2.77958 3.76761e-20 0)
(2.77958 3.77794e-20 0)
(2.77958 3.78856e-20 0)
(2.77958 3.7995e-20 0)
(2.77958 3.81077e-20 0)
(2.77958 3.8224e-20 0)
(2.77958 3.83441e-20 0)
(2.77958 3.84684e-20 0)
(2.77958 3.8597e-20 0)
(2.77958 3.873e-20 0)
(2.77958 3.88675e-20 0)
(2.77958 3.90094e-20 0)
(2.77958 3.91551e-20 0)
(2.77958 3.93042e-20 0)
(2.77958 3.94553e-20 0)
(2.77958 3.96069e-20 0)
(2.77958 3.97567e-20 0)
(2.77958 3.99016e-20 0)
(2.77958 4.00373e-20 0)
(2.77958 4.01585e-20 0)
(2.77958 4.02587e-20 0)
(2.77958 4.03296e-20 0)
(2.77958 4.03614e-20 0)
(2.77958 4.03423e-20 0)
(2.77958 4.02589e-20 0)
(2.77958 4.00956e-20 0)
(2.77958 3.98352e-20 0)
(2.77958 3.94586e-20 0)
(2.77958 3.89455e-20 0)
(2.77958 3.82739e-20 0)
(2.77958 3.74204e-20 0)
(2.77958 3.63598e-20 0)
(2.77958 3.50636e-20 0)
(2.77958 3.34983e-20 0)
(2.77958 3.16172e-20 0)
(2.77958 2.94321e-20 0)
(2.77958 2.61276e-20 0)
(2.77958 2.59993e-20 0)
(2.77958 2.56522e-20 0)
(2.77958 2.17511e-20 0)
(2.77958 1.75709e-20 0)
(2.77958 1.53862e-20 0)
(2.77958 1.33582e-20 0)
(2.77958 9.57907e-21 0)
(2.77958 7.18743e-21 0)
(2.77958 3.77533e-21 0)
(2.77958 6.04188e-21 0)
(2.77958 7.63266e-21 0)
(2.77958 2.71467e-21 0)
(2.77958 -7.75577e-22 0)
(2.77958 -3.8072e-21 0)
(2.77958 -6.64713e-21 0)
(2.77958 -9.2757e-21 0)
(2.77958 -1.16831e-20 0)
(2.77958 -1.3869e-20 0)
(2.77958 -1.58379e-20 0)
(2.77958 -1.75963e-20 0)
(2.77958 -1.915e-20 0)
(2.77958 -2.05022e-20 0)
(2.77958 -2.16507e-20 0)
(2.77958 -2.25847e-20 0)
(2.77958 -2.3281e-20 0)
(2.77958 -2.3697e-20 0)
(2.77958 -2.37665e-20 0)
(2.77958 -2.3352e-20 0)
(2.77958 -2.29872e-20 0)
(2.77958 -2.88261e-20 0)
(2.77958 -3.43047e-20 0)
(2.77958 -3.2827e-20 0)
(2.77958 -3.07782e-20 0)
(2.77958 -3.03329e-20 0)
(2.77958 -2.98645e-20 0)
(2.77958 -2.93611e-20 0)
(2.77958 -2.92729e-20 0)
(2.77958 -2.8543e-20 0)
(2.77958 -2.83788e-20 0)
(2.77958 -2.85337e-20 0)
(2.77958 -2.89094e-20 0)
(2.77958 -2.94606e-20 0)
(2.77958 -3.0156e-20 0)
(2.77958 -3.09602e-20 0)
(2.77958 -3.18407e-20 0)
(2.77958 -3.27704e-20 0)
(2.77958 -3.37279e-20 0)
(2.77958 -3.46977e-20 0)
(2.77958 -3.56688e-20 0)
(2.77958 -3.66337e-20 0)
(2.77958 -3.75877e-20 0)
(2.77958 -3.85279e-20 0)
(2.77958 -3.94527e-20 0)
(2.77958 -4.03612e-20 0)
(2.77958 -4.12529e-20 0)
(2.77958 -4.21278e-20 0)
(2.77958 -4.29854e-20 0)
(2.77958 -4.38259e-20 0)
(2.77958 -4.4649e-20 0)
(2.77958 -4.54546e-20 0)
(2.77958 -4.62426e-20 0)
(2.77958 -4.70127e-20 0)
(2.77958 -4.77649e-20 0)
(2.77958 -4.84992e-20 0)
(2.77958 -4.92155e-20 0)
(2.77958 -4.99138e-20 0)
(2.77958 -5.05944e-20 0)
(2.77958 -5.12574e-20 0)
(2.77958 -5.1903e-20 0)
(2.77958 -5.25316e-20 0)
(2.77958 -5.31436e-20 0)
(2.77958 -5.37395e-20 0)
(2.77958 -5.43195e-20 0)
(2.77958 -5.48844e-20 0)
(2.77958 -5.54345e-20 0)
(2.77958 -5.59703e-20 0)
(2.77958 -5.64925e-20 0)
(2.77958 -5.70015e-20 0)
(2.77958 -5.74978e-20 0)
(2.77958 -5.79819e-20 0)
(2.77958 -5.84544e-20 0)
(2.77958 -5.89156e-20 0)
(2.77958 -5.93659e-20 0)
(2.77958 -5.98059e-20 0)
(2.77958 -6.02359e-20 0)
(2.77958 -6.06562e-20 0)
(2.77958 -6.10672e-20 0)
(2.77958 -6.14692e-20 0)
(2.77958 -6.18624e-20 0)
(2.77958 -6.22471e-20 0)
(2.77958 -6.26236e-20 0)
(2.77958 -6.2992e-20 0)
(2.77958 -6.33526e-20 0)
(2.77958 -6.37055e-20 0)
(2.77958 -6.40509e-20 0)
(2.77958 -6.43889e-20 0)
(2.77958 -6.47197e-20 0)
(2.77958 -6.50433e-20 0)
(2.77958 -6.53599e-20 0)
(2.77958 -6.56695e-20 0)
(2.77958 -6.59723e-20 0)
(2.77958 -6.62682e-20 0)
(2.77958 -6.65575e-20 0)
(2.77958 -6.68402e-20 0)
(2.77958 -6.71162e-20 0)
(2.77958 -6.73858e-20 0)
(2.77958 -6.76489e-20 0)
(2.77958 -6.79056e-20 0)
(2.77958 -6.8156e-20 0)
(2.77958 -6.84001e-20 0)
(2.77958 -6.8638e-20 0)
(2.77958 -6.88698e-20 0)
(2.77958 -6.90955e-20 0)
(2.77958 -6.93151e-20 0)
(2.77958 -6.95289e-20 0)
(2.77958 -6.97367e-20 0)
(2.77958 -6.99388e-20 0)
(2.77958 -7.01352e-20 0)
(2.77958 -7.03258e-20 0)
(2.77958 -7.0511e-20 0)
(2.77958 -7.06906e-20 0)
(2.77958 -7.08649e-20 0)
(2.77958 -7.10338e-20 0)
(2.77958 -7.11975e-20 0)
(2.77958 -7.13561e-20 0)
(2.77958 -7.15096e-20 0)
(2.77958 -7.16582e-20 0)
(2.77958 -7.1802e-20 0)
(2.77958 -7.1941e-20 0)
(2.77958 -7.20753e-20 0)
(2.77958 -7.22051e-20 0)
(2.77958 -7.23304e-20 0)
(2.77958 -7.24514e-20 0)
(2.77958 -7.25682e-20 0)
(2.77958 -7.26807e-20 0)
(2.77958 -7.27893e-20 0)
(2.77958 -7.28938e-20 0)
(2.77958 -7.29946e-20 0)
(2.77958 -7.30916e-20 0)
(2.77958 -7.31849e-20 0)
(2.77958 -7.32747e-20 0)
(2.77958 -7.33611e-20 0)
(2.77958 -7.34441e-20 0)
(2.77958 -7.35239e-20 0)
(2.77958 -7.36005e-20 0)
(2.77958 -7.3674e-20 0)
(2.77958 -7.37446e-20 0)
(2.77958 -7.38123e-20 0)
(2.77958 -7.38773e-20 0)
(2.77958 -7.39395e-20 0)
(2.77958 -7.39992e-20 0)
(2.77958 -7.40563e-20 0)
(2.77958 -7.4111e-20 0)
(2.77958 -7.41634e-20 0)
(2.77958 -7.42134e-20 0)
(2.77958 -7.42613e-20 0)
(2.77958 -7.43071e-20 0)
(2.77958 -7.43509e-20 0)
(2.77958 -7.43927e-20 0)
(2.77958 -7.44327e-20 0)
(2.77958 -7.44708e-20 0)
(2.77958 -7.45071e-20 0)
(2.77958 -7.45418e-20 0)
(2.77958 -7.45749e-20 0)
(2.77958 -7.46065e-20 0)
(2.77958 -7.46365e-20 0)
(2.77958 -7.46651e-20 0)
(2.77958 -7.46924e-20 0)
(2.77958 -7.47183e-20 0)
(2.77958 -7.4743e-20 0)
(2.77958 -7.47665e-20 0)
(2.77958 -7.47888e-20 0)
(2.77958 -7.48101e-20 0)
(2.77958 -7.48302e-20 0)
(2.77958 -7.48494e-20 0)
(2.77958 -7.48676e-20 0)
(2.77958 -7.48848e-20 0)
(2.77958 -7.49012e-20 0)
(2.77958 -7.49168e-20 0)
(2.77958 -7.49315e-20 0)
(2.77958 -7.49455e-20 0)
(2.77958 -7.49587e-20 0)
(2.77958 -7.49712e-20 0)
(2.77958 -7.49831e-20 0)
(2.77958 -7.49943e-20 0)
(2.77958 -7.5005e-20 0)
(2.77958 -7.50151e-20 0)
(2.77958 -7.50246e-20 0)
(2.77958 -7.50336e-20 0)
(2.77958 -7.50421e-20 0)
(2.77958 -7.50501e-20 0)
(2.77958 -7.50577e-20 0)
(2.77958 -7.50649e-20 0)
(2.77958 -7.50716e-20 0)
(2.77958 -7.5078e-20 0)
(2.77958 -7.5084e-20 0)
(2.77958 -7.50897e-20 0)
(2.77958 -7.50951e-20 0)
(2.77958 -7.51001e-20 0)
(2.77958 -7.51049e-20 0)
(2.77958 -7.51093e-20 0)
(2.77958 -7.51135e-20 0)
(2.77958 -7.51175e-20 0)
(2.77958 -7.51212e-20 0)
(2.77958 -7.51248e-20 0)
(2.77958 -7.51281e-20 0)
(2.77958 -7.51312e-20 0)
(2.77958 -7.51341e-20 0)
(2.77958 -7.51368e-20 0)
(2.77958 -7.51394e-20 0)
(2.77958 -7.51418e-20 0)
(2.77958 -7.51441e-20 0)
(2.77958 -7.51462e-20 0)
(2.77958 -7.51482e-20 0)
(2.77958 -7.51501e-20 0)
(2.77958 -7.51518e-20 0)
(2.77958 -7.51534e-20 0)
(2.77958 -7.5155e-20 0)
(2.77958 -7.51564e-20 0)
(2.77958 -7.51578e-20 0)
(2.77958 -7.5159e-20 0)
(2.77958 -7.51602e-20 0)
(2.77958 -7.51613e-20 0)
(2.77958 -7.51624e-20 0)
(2.77958 -7.51633e-20 0)
(2.77958 -7.51642e-20 0)
(2.77958 -7.51651e-20 0)
(2.77958 -7.51659e-20 0)
(2.77958 -7.51666e-20 0)
(2.77958 -7.51673e-20 0)
(2.77958 -7.51679e-20 0)
(2.77958 -7.51685e-20 0)
(2.77958 -7.51691e-20 0)
(2.77958 -7.51696e-20 0)
(2.77958 -7.51701e-20 0)
(2.77958 -7.51706e-20 0)
(2.77958 -7.5171e-20 0)
(2.77958 -7.51714e-20 0)
(2.77958 -7.51718e-20 0)
(2.77958 -7.51721e-20 0)
(2.77958 -7.51724e-20 0)
(2.77958 -7.51727e-20 0)
(2.77958 -7.5173e-20 0)
(2.77958 -7.51733e-20 0)
(2.77958 -7.51735e-20 0)
(2.77958 -7.51737e-20 0)
(2.77958 -7.5174e-20 0)
(2.77958 -7.51742e-20 0)
(2.77958 -7.51744e-20 0)
(2.77958 -7.51745e-20 0)
(2.77958 -7.51747e-20 0)
(2.77958 -7.51749e-20 0)
(2.77958 -7.5175e-20 0)
(2.77958 -7.51751e-20 0)
(2.77958 -7.51753e-20 0)
(2.77958 -7.51754e-20 0)
(2.77958 -7.51755e-20 0)
(2.77958 -7.51756e-20 0)
(2.77958 -7.51757e-20 0)
(2.77958 -7.51759e-20 0)
(2.77958 -7.5176e-20 0)
(2.77958 -7.51761e-20 0)
(2.77958 -7.51762e-20 0)
(2.77958 -7.51763e-20 0)
(2.77958 -7.51763e-20 0)
(2.77958 -7.51764e-20 0)
(2.77958 -7.51765e-20 0)
(2.77958 -7.51766e-20 0)
(2.77958 -7.51767e-20 0)
(2.77958 -7.51768e-20 0)
(2.77958 -7.51769e-20 0)
(2.77958 -7.5177e-20 0)
(2.77958 -7.51771e-20 0)
(2.77958 -7.51772e-20 0)
(2.77958 -7.51773e-20 0)
(2.77958 -7.51775e-20 0)
(2.77958 -7.51776e-20 0)
(2.77958 -7.51777e-20 0)
(2.77958 -7.51778e-20 0)
(2.77958 -7.5178e-20 0)
(2.77958 -7.51781e-20 0)
(2.77958 -7.51783e-20 0)
(2.77958 -7.51784e-20 0)
(2.77958 -7.51786e-20 0)
(2.77958 -7.51788e-20 0)
(2.77958 -7.5179e-20 0)
(2.77958 -7.51792e-20 0)
(2.77958 -7.51794e-20 0)
(2.77958 -7.51796e-20 0)
(2.77958 -7.51798e-20 0)
(2.77958 -7.51801e-20 0)
(2.77958 -7.51803e-20 0)
(2.77958 -7.51806e-20 0)
(2.77958 -7.51809e-20 0)
(2.77958 -7.51812e-20 0)
(2.77958 -7.51815e-20 0)
(2.77958 -7.51819e-20 0)
(2.77958 -7.51822e-20 0)
(2.77958 -7.51826e-20 0)
(2.77958 -7.5183e-20 0)
(2.77958 -7.51834e-20 0)
(2.77958 -7.51839e-20 0)
(2.77958 -7.51843e-20 0)
(2.77958 -7.51848e-20 0)
(2.77958 -7.51854e-20 0)
(2.77958 -7.51859e-20 0)
(2.77958 -7.51865e-20 0)
(2.77958 -7.51871e-20 0)
(2.77958 -7.51877e-20 0)
(2.77958 -7.51884e-20 0)
(2.77958 -7.51891e-20 0)
(2.77958 -7.51899e-20 0)
(2.77958 -7.51906e-20 0)
(2.77958 -7.51915e-20 0)
(2.77958 -7.51923e-20 0)
(2.77958 -7.51932e-20 0)
(2.77958 -7.51941e-20 0)
(2.77958 -7.51951e-20 0)
(2.77958 -7.51961e-20 0)
(2.77958 -7.51972e-20 0)
(2.77958 -7.51983e-20 0)
(2.77958 -7.51995e-20 0)
(2.77958 -7.52007e-20 0)
(2.77958 -7.5202e-20 0)
(2.77958 -7.52033e-20 0)
(2.77958 -7.52046e-20 0)
(2.77958 -7.5206e-20 0)
(2.77958 -7.52075e-20 0)
(2.77958 -7.5209e-20 0)
(2.77958 -7.52106e-20 0)
(2.77958 -7.52122e-20 0)
(2.77958 -7.52139e-20 0)
(2.77958 -7.52157e-20 0)
(2.77958 -7.52175e-20 0)
(2.77958 -7.52193e-20 0)
(2.77958 -7.52212e-20 0)
(2.77958 -7.52232e-20 0)
(2.77958 -7.52252e-20 0)
(2.77958 -7.52273e-20 0)
(2.77958 -7.52294e-20 0)
(2.77958 -7.52316e-20 0)
(2.77958 -7.52338e-20 0)
(2.77958 -7.5236e-20 0)
(2.77958 -7.52383e-20 0)
(2.77958 -7.52406e-20 0)
(2.77958 -7.5243e-20 0)
(2.77958 -7.52454e-20 0)
(2.77958 -7.52478e-20 0)
(2.77958 -7.52502e-20 0)
(2.77958 -7.52527e-20 0)
(2.77958 -7.52551e-20 0)
(2.77958 -7.52575e-20 0)
(2.77958 -7.52599e-20 0)
(2.77958 -7.52623e-20 0)
(2.77958 -7.52646e-20 0)
(2.77958 -7.52669e-20 0)
(2.77958 -7.52691e-20 0)
(2.77958 -7.52713e-20 0)
(2.77958 -7.52733e-20 0)
(2.77958 -7.52752e-20 0)
(2.77958 -7.5277e-20 0)
(2.77958 -7.52787e-20 0)
(2.77958 -7.52801e-20 0)
(2.77958 -7.52814e-20 0)
(2.77958 -7.52825e-20 0)
(2.77958 -7.52832e-20 0)
(2.77958 -7.52837e-20 0)
(2.77958 -7.52839e-20 0)
(2.77958 -7.52838e-20 0)
(2.77958 -7.52832e-20 0)
(2.77958 -7.52822e-20 0)
(2.77958 -7.52808e-20 0)
(2.77958 -7.52788e-20 0)
(2.77958 -7.52762e-20 0)
(2.77958 -7.52731e-20 0)
(2.77958 -7.52693e-20 0)
(2.77958 -7.52647e-20 0)
(2.77958 -7.52593e-20 0)
(2.77958 -7.52531e-20 0)
(2.77958 -7.52459e-20 0)
(2.77958 -7.52378e-20 0)
(2.77958 -7.52285e-20 0)
(2.77958 -7.52181e-20 0)
(2.77958 -7.52064e-20 0)
(2.77958 -7.51934e-20 0)
(2.77958 -7.51789e-20 0)
(2.77958 -7.51629e-20 0)
(2.77958 -7.51452e-20 0)
(2.77958 -7.51257e-20 0)
(2.77958 -7.51044e-20 0)
(2.77958 -7.5081e-20 0)
(2.77958 -7.50554e-20 0)
(2.77958 -7.50275e-20 0)
(2.77958 -7.49973e-20 0)
(2.77958 -7.49644e-20 0)
(2.77958 -7.49287e-20 0)
(2.77958 -7.48902e-20 0)
(2.77958 -7.48486e-20 0)
(2.77958 -7.48037e-20 0)
(2.77958 -7.47553e-20 0)
(2.77958 -7.47033e-20 0)
(2.77958 -7.46475e-20 0)
(2.77958 -7.45877e-20 0)
(2.77958 -7.45236e-20 0)
(2.77958 -7.4455e-20 0)
(2.77958 -7.43818e-20 0)
(2.77958 -7.43036e-20 0)
(2.77958 -7.42203e-20 0)
(2.77958 -7.41316e-20 0)
(2.77958 -7.40373e-20 0)
(2.77958 -7.39371e-20 0)
(2.77958 -7.38307e-20 0)
(2.77958 -7.3718e-20 0)
(2.77958 -7.35986e-20 0)
(2.77958 -7.34723e-20 0)
(2.77958 -7.33388e-20 0)
(2.77958 -7.31979e-20 0)
(2.77958 -7.30492e-20 0)
(2.77958 -7.28926e-20 0)
(2.77958 -7.27277e-20 0)
(2.77958 -7.25543e-20 0)
(2.77958 -7.23721e-20 0)
(2.77958 -7.21809e-20 0)
(2.77958 -7.19804e-20 0)
(2.77958 -7.17704e-20 0)
(2.77958 -7.15506e-20 0)
(2.77958 -7.13207e-20 0)
(2.77958 -7.10807e-20 0)
(2.77958 -7.08302e-20 0)
(2.77958 -7.0569e-20 0)
(2.77958 -7.02971e-20 0)
(2.77958 -7.00141e-20 0)
(2.77958 -6.972e-20 0)
(2.77958 -6.94146e-20 0)
(2.77958 -6.90978e-20 0)
(2.77958 -6.87695e-20 0)
(2.77958 -6.84297e-20 0)
(2.77958 -6.80783e-20 0)
(2.77958 -6.77153e-20 0)
(2.77958 -6.73408e-20 0)
(2.77958 -6.69547e-20 0)
(2.77958 -6.65573e-20 0)
(2.77958 -6.61486e-20 0)
(2.77958 -6.57288e-20 0)
(2.77958 -6.52981e-20 0)
(2.77958 -6.48567e-20 0)
(2.77958 -6.44051e-20 0)
(2.77958 -6.39435e-20 0)
(2.77958 -6.34723e-20 0)
(2.77958 -6.2992e-20 0)
(2.77958 -6.25031e-20 0)
(2.77958 -6.20061e-20 0)
(2.77958 -6.15015e-20 0)
(2.77958 -6.09902e-20 0)
(2.77958 -6.04726e-20 0)
(2.77958 -5.99495e-20 0)
(2.77958 -5.94216e-20 0)
(2.77958 -5.88896e-20 0)
(2.77958 -5.83544e-20 0)
(2.77958 -5.78166e-20 0)
(2.77958 -5.7277e-20 0)
(2.77958 -5.67362e-20 0)
(2.77958 -5.6195e-20 0)
(2.77958 -5.56538e-20 0)
(2.77958 -5.51133e-20 0)
(2.77958 -5.45739e-20 0)
(2.77958 -5.4036e-20 0)
(2.77958 -5.34996e-20 0)
(2.77958 -5.29651e-20 0)
(2.77958 -5.24323e-20 0)
(2.77958 -5.19012e-20 0)
(2.77958 -5.13716e-20 0)
(2.77958 -5.08432e-20 0)
(2.77958 -5.03156e-20 0)
(2.77958 -4.97885e-20 0)
(2.77958 -4.92614e-20 0)
(2.77958 -4.87338e-20 0)
(2.77958 -4.82051e-20 0)
(2.77958 -4.76749e-20 0)
(2.77958 -4.71422e-20 0)
(2.77958 -4.66058e-20 0)
(2.77958 -4.60638e-20 0)
(2.77958 -4.5513e-20 0)
(2.77958 -4.49474e-20 0)
(2.77958 -4.43567e-20 0)
(2.77958 -4.37216e-20 0)
(2.77958 -4.30159e-20 0)
(2.77958 -4.21193e-20 0)
(2.77958 -4.21985e-20 0)
(2.77958 -4.12379e-20 0)
(2.77958 -4.02793e-20 0)
(2.77958 -4.03638e-20 0)
(2.77958 -3.9474e-20 0)
(2.77958 -3.87733e-20 0)
(2.77958 -3.81363e-20 0)
(2.77958 -3.75295e-20 0)
(2.77958 -3.69242e-20 0)
(2.77958 -3.62968e-20 0)
(2.77958 -3.56248e-20 0)
(2.77958 -3.48837e-20 0)
(2.77958 -3.40453e-20 0)
(2.77958 -3.30773e-20 0)
(2.77958 -3.19435e-20 0)
(2.77958 -3.06062e-20 0)
(2.77958 -2.90368e-20 0)
(2.77958 -2.70952e-20 0)
(2.77958 -2.58417e-20 0)
(2.77958 -3.20533e-20 0)
(2.77958 -3.83358e-20 0)
(2.77958 -3.69126e-20 0)
(2.77958 -3.41775e-20 0)
(2.77958 -3.15727e-20 0)
(2.77958 -2.93124e-20 0)
(2.77958 -2.73393e-20 0)
(2.77958 -2.5614e-20 0)
(2.77958 -2.40968e-20 0)
(2.77958 -2.27514e-20 0)
(2.77958 -2.15465e-20 0)
(2.77958 -2.04555e-20 0)
(2.77958 -1.94558e-20 0)
(2.77958 -1.85291e-20 0)
(2.77958 -1.76595e-20 0)
(2.77958 -1.68342e-20 0)
(2.77958 -1.6042e-20 0)
(2.77958 -1.52733e-20 0)
(2.77958 -1.45194e-20 0)
(2.77958 -1.37727e-20 0)
(2.77958 -1.30255e-20 0)
(2.77958 -1.22707e-20 0)
(2.77958 -1.1501e-20 0)
(2.77958 -1.07089e-20 0)
(2.77958 -9.88675e-21 0)
(2.77958 -9.02641e-21 0)
(2.77958 -8.11965e-21 0)
(2.77958 -7.15803e-21 0)
(2.77958 -6.13324e-21 0)
(2.77958 -5.03738e-21 0)
(2.77958 -3.86338e-21 0)
(2.77958 -2.60552e-21 0)
(2.77958 -1.25996e-21 0)
(2.77958 1.74733e-22 0)
(2.77958 1.69732e-21 0)
(2.77958 3.30399e-21 0)
(2.77958 4.98939e-21 0)
(2.77958 6.74914e-21 0)
(2.77958 8.58486e-21 0)
(2.77958 1.05115e-20 0)
(2.77958 1.25968e-20 0)
(2.77958 1.45993e-20 0)
(2.77958 1.49337e-20 0)
(2.77958 1.1308e-20 0)
(2.77958 7.68653e-21 0)
(2.77958 8.03375e-21 0)
(2.77958 1.00577e-20 0)
(2.77958 1.21731e-20 0)
(2.77958 1.41387e-20 0)
(2.77958 1.6022e-20 0)
(2.77958 1.7838e-20 0)
(2.77958 1.95885e-20 0)
(2.77958 2.1269e-20 0)
(2.77958 2.28742e-20 0)
(2.77958 2.44003e-20 0)
(2.77958 2.58459e-20 0)
(2.77958 2.72125e-20 0)
(2.77958 2.85037e-20 0)
(2.77958 2.97251e-20 0)
(2.77958 3.08836e-20 0)
(2.77958 3.19868e-20 0)
(2.77958 3.30426e-20 0)
(2.77958 3.40589e-20 0)
(2.77958 3.50434e-20 0)
(2.77958 3.60032e-20 0)
(2.77959 3.69448e-20 0)
(2.77959 3.78744e-20 0)
(2.77959 3.87971e-20 0)
(2.77959 3.97177e-20 0)
(2.77959 4.06401e-20 0)
(2.77959 4.1568e-20 0)
(2.77959 4.25041e-20 0)
(2.77959 4.34508e-20 0)
(2.7796 4.441e-20 0)
(2.7796 4.53829e-20 0)
(2.7796 4.63701e-20 0)
(2.7796 4.73716e-20 0)
(2.7796 4.83864e-20 0)
(2.77961 4.94128e-20 0)
(2.77961 5.04482e-20 0)
(2.77961 5.14886e-20 0)
(2.77961 5.25287e-20 0)
(2.77962 5.3562e-20 0)
(2.77962 5.45801e-20 0)
(2.77963 5.55732e-20 0)
(2.77963 5.65295e-20 0)
(2.77963 5.74357e-20 0)
(2.77964 5.82766e-20 0)
(2.77964 5.90355e-20 0)
(2.77965 5.96946e-20 0)
(2.77966 6.02347e-20 0)
(2.77966 6.06363e-20 0)
(2.77967 6.08797e-20 0)
(2.77968 6.09467e-20 0)
(2.77969 6.08224e-20 0)
(2.77969 6.0499e-20 0)
(2.7797 5.99825e-20 0)
(2.77971 5.92949e-20 0)
(2.77972 5.85472e-20 0)
(2.77974 5.62378e-20 0)
(2.77975 4.70253e-20 0)
(2.77976 3.75574e-20 0)
(2.77978 3.48951e-20 0)
(2.77979 3.3718e-20 0)
(2.77981 3.17841e-20 0)
(2.77983 2.91982e-20 0)
(2.77984 2.66911e-20 0)
(2.77986 2.45881e-20 0)
(2.77988 2.28563e-20 0)
(2.77991 2.14743e-20 0)
(2.77993 2.04136e-20 0)
(2.77996 1.96426e-20 0)
(2.77998 1.91288e-20 0)
(2.78001 1.88401e-20 0)
(2.78005 1.87457e-20 0)
(2.78008 1.8816e-20 0)
(2.78011 1.90231e-20 0)
(2.78015 1.93406e-20 0)
(2.78019 1.97438e-20 0)
(2.78023 2.02101e-20 0)
(2.78028 2.07191e-20 0)
(2.78033 2.12524e-20 0)
(2.78038 2.17937e-20 0)
(2.78043 2.23287e-20 0)
(2.78049 2.28454e-20 0)
(2.78055 2.33333e-20 0)
(2.78062 2.37839e-20 0)
(2.78068 2.41906e-20 0)
(2.78076 2.45485e-20 0)
(2.78084 2.48548e-20 0)
(2.78092 2.51089e-20 0)
(2.78101 2.53134e-20 0)
(2.7811 2.54749e-20 0)
(2.7812 2.56047e-20 0)
(2.7813 2.57211e-20 0)
(2.78141 2.58519e-20 0)
(2.78153 2.60357e-20 0)
(2.78166 2.63265e-20 0)
(2.78179 2.67922e-20 0)
(2.78194 2.75737e-20 0)
(2.78209 2.90376e-20 0)
(2.78225 3.12485e-20 0)
(2.78243 3.24146e-20 0)
(2.78261 2.55923e-20 0)
(2.78281 2.04272e-20 0)
(2.78302 2.22443e-20 0)
(2.78325 2.29412e-20 0)
(2.78349 2.42e-20 0)
(2.78375 2.4884e-20 0)
(2.78404 2.51748e-20 0)
(2.78434 2.52577e-20 0)
(2.78467 2.52005e-20 0)
(2.78503 2.5064e-20 0)
(2.78541 2.48947e-20 0)
(2.78583 2.47312e-20 0)
(2.78629 2.46047e-20 0)
(2.78678 2.45497e-20 0)
(2.78733 2.46097e-20 0)
(2.78792 2.48993e-20 0)
(2.78858 2.49832e-20 0)
(2.7893 2.23243e-20 0)
(2.79009 1.82918e-20 0)
(2.79097 1.4335e-20 0)
(2.79194 1.14392e-20 0)
(2.79302 1.20229e-20 0)
(2.79422 1.3623e-20 0)
(2.79555 1.5454e-20 0)
(2.79704 1.78968e-20 0)
(2.79869 2.11224e-20 0)
(2.80053 2.48896e-20 0)
(2.80258 2.89725e-20 0)
(2.80486 3.30235e-20 0)
(2.80737 3.68361e-20 0)
(2.81015 4.04138e-20 0)
(2.81321 4.37413e-20 0)
(2.81655 4.68151e-20 0)
(2.8202 4.96333e-20 0)
(2.82415 5.21954e-20 0)
(2.82841 5.45021e-20 0)
(2.83297 5.65542e-20 0)
(2.83782 5.83696e-20 0)
(2.84297 5.99666e-20 0)
(2.84838 6.13642e-20 0)
(2.85405 6.25807e-20 0)
(2.85997 6.3631e-20 0)
(2.8661 6.45504e-20 0)
(2.87244 6.53465e-20 0)
(2.87897 6.60482e-20 0)
(2.88566 6.6682e-20 0)
(2.8925 6.72442e-20 0)
(2.89947 6.77529e-20 0)
(2.90656 6.82224e-20 0)
(2.91374 6.86632e-20 0)
(2.92101 6.90824e-20 0)
(2.92835 6.94839e-20 0)
(2.93574 6.9869e-20 0)
(2.94317 7.02362e-20 0)
(2.95062 7.05818e-20 0)
(2.95809 7.08999e-20 0)
(2.96555 7.11826e-20 0)
(2.97299 7.14197e-20 0)
(2.9804 7.15987e-20 0)
(2.98777 7.1742e-20 0)
(2.99506 7.18377e-20 0)
(3.00227 7.18754e-20 0)
(3.00939 7.18435e-20 0)
(3.01638 7.17095e-20 0)
(3.02323 7.14777e-20 0)
(3.02991 7.11325e-20 0)
(3.0364 7.0658e-20 0)
(3.04268 7.00387e-20 0)
(3.04871 6.92599e-20 0)
(3.05446 6.83056e-20 0)
(3.05989 6.7159e-20 0)
(3.06497 6.5802e-20 0)
(3.06966 6.42142e-20 0)
(3.07391 6.23706e-20 0)
(3.07768 6.02389e-20 0)
(3.08092 5.77374e-20 0)
(3.08357 5.54003e-20 0)
(3.08559 5.53993e-20 0)
(3.08693 5.58024e-20 0)
(3.08754 5.5091e-20 0)
(3.08736 5.39734e-20 0)
(3.08634 5.33229e-20 0)
(3.08446 5.15083e-20 0)
(3.08166 4.70233e-20 0)
(3.07792 4.37439e-20 0)
(3.0732 4.21893e-20 0)
(3.06748 4.07657e-20 0)
(3.06075 3.80387e-20 0)
(3.05299 3.2856e-20 0)
(3.0442 2.87537e-20 0)
(3.03437 2.61126e-20 0)
(3.02351 2.07229e-20 0)
(3.01162 1.5255e-20 0)
(2.99871 1.26767e-20 0)
(2.98479 1.12831e-20 0)
(2.96987 9.8914e-21 0)
(2.95398 9.3538e-21 0)
(2.93711 8.81321e-21 0)
(2.91929 7.4315e-21 0)
(2.90053 6.87949e-21 0)
(2.88085 6.16305e-21 0)
(2.86026 3.5188e-21 0)
(2.83877 5.82751e-22 0)
(2.8164 -2.0424e-22 0)
(2.79315 -4.80986e-22 0)
(2.76903 -1.60054e-21 0)
(2.74406 -1.93974e-21 0)
(2.71823 -1.48807e-21 0)
(2.69155 -1.04073e-21 0)
(2.66404 -8.3198e-22 0)
(2.63567 -7.96994e-22 0)
(2.60647 -9.95485e-22 0)
(2.57642 -1.32913e-21 0)
(2.54551 -1.93412e-21 0)
(2.51375 -2.02002e-21 0)
(2.48112 -7.44368e-22 0)
(2.44762 1.13474e-21 0)
(2.41321 2.01234e-21 0)
(2.3779 3.22382e-21 0)
(2.34166 4.32102e-21 0)
(2.30446 4.49001e-21 0)
(2.26628 4.98117e-21 0)
(2.22709 5.31809e-21 0)
(2.18684 5.57076e-21 0)
(2.1455 5.74678e-21 0)
(2.10302 5.84905e-21 0)
(2.05934 5.87772e-21 0)
(2.0144 5.82855e-21 0)
(1.96813 5.70554e-21 0)
(1.92044 5.51754e-21 0)
(1.87124 5.27582e-21 0)
(1.82041 4.99232e-21 0)
(1.76783 4.67856e-21 0)
(1.71336 4.34498e-21 0)
(1.6568 4.00065e-21 0)
(1.59796 3.65314e-21 0)
(1.53659 3.30859e-21 0)
(1.47241 2.97178e-21 0)
(1.40505 2.64631e-21 0)
(1.33409 2.33477e-21 0)
(1.25902 2.0389e-21 0)
(1.17919 1.7597e-21 0)
(1.09381 1.49759e-21 0)
(1.0019 1.25256e-21 0)
(0.902275 1.02429e-21 0)
(0.793539 8.12363e-22 0)
(0.674228 6.16625e-22 0)
(0.543167 4.37679e-22 0)
(0.400158 2.77403e-22 0)
(0.246666 1.38854e-22 0)
(0.0855927 3.82887e-23 0)
)
;

boundaryField
{
    top_wall
    {
        type            noSlip;
    }
    inlet
    {
        type            cyclic;
    }
    bot_wall
    {
        type            noSlip;
    }
    outlet
    {
        type            cyclic;
    }
    frontAndBack
    {
        type            empty;
    }
}


// ************************************************************************* //
