# y_plus_values_1, u_plus_values_1
0.250228, 0.250183
0.550501, 0.550344
0.850775, 0.850202
1.151053, 1.150061
1.451327, 1.449920
1.751600, 1.749313
2.051873, 2.048618
2.352147, 2.347914
2.652420, 2.646252
2.952694, 2.943649
3.252967, 3.241067
3.553241, 3.537405
3.853514, 3.828645
4.153788, 4.119886
4.454061, 4.411106
4.754334, 4.690411
5.054608, 4.967457
5.354881, 5.244503
5.655155, 5.509874
5.955428, 5.763990
6.255702, 6.018085
6.555975, 6.267243
6.856248, 6.493430
7.156522, 6.719617
7.456795, 6.945804
7.757069, 7.148320
8.057342, 7.346519
8.357616, 7.544717
8.657889, 7.730041
8.958163, 7.903190
9.258436, 8.076359
9.558709, 8.245689
9.858983, 8.398006
10.159276, 8.550304
10.459500, 8.702621
10.759823, 8.840444
11.060047, 8.975729
11.360370, 9.111033
11.660593, 9.238920
11.960917, 9.359971
12.261140, 9.481001
12.561464, 9.599772
12.861687, 9.708687
13.162011, 9.817622
13.462234, 9.926538
13.762558, 10.026637
14.062781, 10.125216
14.363104, 10.223795
14.663328, 10.317757
14.963651, 10.407500
15.263875, 10.497243
15.564198, 10.585527
15.864422, 10.667653
16.164745, 10.749759
16.464968, 10.831885
16.765292, 10.908354
17.065515, 10.983883
17.365839, 11.059432
17.666062, 11.131942
17.966386, 11.201753
18.266609, 11.271565
18.566933, 11.340376
18.867156, 11.405170
19.167479, 11.469963
19.467703, 11.534756
19.768026, 11.595731
20.068250, 11.656126
20.368573, 11.716502
20.668797, 11.774798
20.969120, 11.831274
21.269343, 11.887751
21.569667, 11.943528
21.869890, 11.996526
22.170214, 12.049545
22.470437, 12.102563
22.770761, 12.152862
23.070984, 12.202762
23.371308, 12.252681
23.671531, 12.301081
23.971854, 12.348222
24.272078, 12.395362
24.572401, 12.441963
24.872625, 12.486625
25.172948, 12.531266
25.473172, 12.575928
25.773495, 12.618651
26.073718, 12.661093
26.374042, 12.703556
26.674265, 12.744919
26.974589, 12.785382
27.274812, 12.825845
27.575136, 12.865929
27.875359, 12.904573
28.175683, 12.943217
28.475906, 12.981881
28.776229, 13.019066
29.076453, 13.056051
29.376776, 13.093055
29.677000, 13.129201
29.977323, 13.164666
30.277547, 13.200131
30.577870, 13.235277
30.878093, 13.269323
31.178417, 13.303389
31.478640, 13.337435
31.778964, 13.370321
32.079187, 13.403068
32.379511, 13.435815
32.679734, 13.467881
32.980058, 13.499408
33.280281, 13.530955
33.580604, 13.562223
33.880828, 13.592650
34.181151, 13.623057
34.481375, 13.653465
34.781698, 13.682933
35.081922, 13.712301
35.382245, 13.741669
35.682468, 13.770477
35.982792, 13.798845
36.283015, 13.827234
36.583339, 13.855382
36.883562, 13.882851
37.183886, 13.910299
37.484109, 13.937768
37.784433, 13.964457
38.084656, 13.991066
38.384979, 14.017655
38.685203, 14.043804
38.985526, 14.069594
39.285750, 14.095383
39.586073, 14.120993
39.886297, 14.146022
40.186620, 14.171032
40.486843, 14.196062
40.787167, 14.220452
41.087390, 14.244762
41.387714, 14.269072
41.687937, 14.293002
41.988261, 14.316632
42.288484, 14.340263
42.588808, 14.363733
42.889031, 14.386723
43.189354, 14.409714
43.489578, 14.432705
43.789901, 14.455135
44.090125, 14.477526
44.390448, 14.499897
44.690672, 14.521948
44.990995, 14.543759
45.291218, 14.565570
45.591542, 14.587241
45.891765, 14.608492
46.192089, 14.629743
46.492312, 14.650995
46.792636, 14.671786
47.092859, 14.692518
47.393183, 14.713249
47.693406, 14.733701
47.993729, 14.753952
48.293953, 14.774184
48.594276, 14.794316
48.894500, 14.814088
49.194823, 14.833860
49.495047, 14.853631
49.795370, 14.872983
50.095593, 14.892296
50.395917, 14.911608
50.696140, 14.930680
50.996464, 14.949572
51.296687, 14.968464
51.597011, 14.987236
51.897234, 15.005729
52.197557, 15.024201
52.497781, 15.042674
52.798104, 15.060786
53.098328, 15.078879
53.398651, 15.096951
53.698875, 15.114824
53.999198, 15.132517
54.299422, 15.150229
54.599745, 15.167822
54.899968, 15.185175
55.200292, 15.202528
55.500515, 15.219881
55.800839, 15.236894
56.101062, 15.253887
56.401386, 15.270880
56.701609, 15.287673
57.001932, 15.304346
57.302156, 15.320999
57.602479, 15.337592
57.902703, 15.353926
58.203026, 15.370279
58.503250, 15.386612
58.803573, 15.402686
59.103797, 15.418719
59.404120, 15.434752
59.704343, 15.450606
60.004667, 15.466339
60.304890, 15.482073
60.605214, 15.497747
60.905437, 15.513200
61.205761, 15.528654
61.505984, 15.544087
61.806307, 15.559281
62.106531, 15.574455
62.406854, 15.589649
62.707078, 15.604663
63.007401, 15.619576
63.307625, 15.634470
63.607948, 15.649324
63.908172, 15.663978
64.208495, 15.678632
64.508718, 15.693306
64.809042, 15.707720
65.109265, 15.722134
65.409589, 15.736528
65.709812, 15.750802
66.010136, 15.764957
66.310359, 15.779131
66.610682, 15.793225
66.910906, 15.807179
67.211229, 15.821114
67.511453, 15.835048
67.811776, 15.848782
68.112000, 15.862497
68.412323, 15.876191
68.712547, 15.889785
69.012870, 15.903280
69.313093, 15.916774
69.613417, 15.930209
69.913640, 15.943503
70.213964, 15.956778
70.514187, 15.970072
70.814511, 15.983167
71.114734, 15.996242
71.415057, 16.009336
71.715281, 16.022291
72.015604, 16.035186
72.315828, 16.048080
72.616151, 16.060915
72.916375, 16.073590
73.216698, 16.086284
73.516922, 16.098979
73.817245, 16.111494
74.117468, 16.124009
74.417792, 16.136524
74.718015, 16.148919
75.018339, 16.161254
75.318562, 16.173589
75.618886, 16.185864
75.919109, 16.198019
76.219432, 16.210174
76.519656, 16.222329
76.819979, 16.234324
77.120203, 16.246299
77.420526, 16.258294
77.720750, 16.270169
78.021073, 16.281984
78.321297, 16.293819
78.621620, 16.305574
78.921843, 16.317250
79.222167, 16.328905
79.522390, 16.340560
79.822714, 16.352075
80.122937, 16.363570
80.423261, 16.375086
80.723484, 16.386481
81.023807, 16.397836
81.324031, 16.409192
81.624354, 16.420487
81.924578, 16.431702
82.224901, 16.442898
82.525125, 16.454093
82.825448, 16.465149
83.125671, 16.476204
83.425995, 16.487260
83.726218, 16.498235
84.026542, 16.509151
84.326765, 16.520086
84.627089, 16.530962
84.927312, 16.541737
85.227636, 16.552513
85.527859, 16.563288
85.828182, 16.573944
86.128406, 16.584600
86.428729, 16.595235
86.728953, 16.605811
87.029276, 16.616327
87.329500, 16.626822
87.629823, 16.637298
87.930046, 16.647694
88.230370, 16.658089
88.530593, 16.668485
88.830917, 16.678741
89.131140, 16.689017
89.431464, 16.699272
89.731687, 16.709448
90.032011, 16.719604
90.332234, 16.729760
90.632557, 16.739856
90.932781, 16.749892
91.233104, 16.759907
91.533328, 16.769943
91.833651, 16.779859
92.133875, 16.789755
92.434198, 16.799671
92.734421, 16.809507
93.034745, 16.819303
93.334968, 16.829099
93.635292, 16.838855
93.935515, 16.848551
94.235839, 16.858227
94.536062, 16.867923
94.836386, 16.877499
95.136609, 16.887075
95.436932, 16.896671
95.737156, 16.906167
96.037479, 16.915643
96.337703, 16.925120
96.638026, 16.934576
96.938250, 16.943932
97.238573, 16.953308
97.538796, 16.962684
97.839120, 16.971960
98.139343, 16.981236
98.439667, 16.990513
98.739890, 16.999729
99.040214, 17.008925
99.340437, 17.018101
99.640761, 17.027258
99.940984, 17.036354
100.241207, 17.045450
100.541331, 17.054546
100.841454, 17.063563
101.142578, 17.072559
101.442701, 17.081575
101.742825, 17.090531
102.042948, 17.099448
102.343071, 17.108384
102.643195, 17.117280
102.943318, 17.126117
103.244442, 17.134953
103.544565, 17.143810
103.844689, 17.152566
104.144812, 17.161342
104.444935, 17.170099
104.745059, 17.178815
105.046183, 17.187492
105.346306, 17.196168
105.646429, 17.204824
105.946553, 17.213441
106.246676, 17.222037
106.546800, 17.230654
106.846923, 17.239170
107.148047, 17.247707
107.448170, 17.256223
107.748293, 17.264700
108.048417, 17.273156
108.348540, 17.281593
108.648664, 17.290029
108.948787, 17.298406
109.249911, 17.306783
109.550034, 17.315179
109.850157, 17.323476
110.150281, 17.331772
110.450404, 17.340089
110.750528, 17.348345
111.051651, 17.356562
111.351775, 17.364799
111.651898, 17.372995
111.952022, 17.381172
112.252145, 17.389329
112.552268, 17.397485
112.852392, 17.405582
113.153515, 17.413679
113.453639, 17.421755
113.753762, 17.429812
114.053886, 17.437829
114.354009, 17.445845
114.654132, 17.453842
114.954256, 17.461799
115.255379, 17.469756
115.555503, 17.477712
115.855626, 17.485609
116.155750, 17.493506
116.455873, 17.501383
116.755996, 17.509219
117.057120, 17.517056
117.357243, 17.524873
117.657367, 17.532670
117.957490, 17.540426
118.257614, 17.548183
118.557737, 17.555940
118.857860, 17.563637
119.158984, 17.571334
119.459108, 17.579031
119.759231, 17.586687
120.059354, 17.594324
120.359478, 17.601961
120.659601, 17.609558
120.959724, 17.617135
121.260848, 17.624692
121.560972, 17.632249
121.861095, 17.639766
122.161218, 17.647283
122.461342, 17.654799
122.761465, 17.662256
123.062589, 17.669713
123.362712, 17.677150
123.662836, 17.684587
123.962959, 17.691984
124.263082, 17.699361
124.563206, 17.706758
124.863329, 17.714095
125.164453, 17.721432
125.464576, 17.728749
125.764700, 17.736046
126.064823, 17.743323
126.364946, 17.750600
126.665070, 17.757857
126.965193, 17.765074
127.266317, 17.772291
127.566440, 17.779508
127.866564, 17.786685
128.166687, 17.793842
128.466810, 17.801019
128.766934, 17.808136
129.068058, 17.815253
129.368181, 17.822351
129.668304, 17.829448
129.968428, 17.836505
130.268551, 17.843542
130.568674, 17.850599
130.868798, 17.857596
131.169922, 17.864593
131.470045, 17.871610
131.770168, 17.878567
132.070292, 17.885525
132.370415, 17.892462
132.670539, 17.899399
132.970662, 17.906296
133.271786, 17.913193
133.571909, 17.920090
133.872032, 17.926928
134.172156, 17.933765
134.472279, 17.940622
134.772403, 17.947419
135.073526, 17.954216
135.373650, 17.961014
135.673773, 17.967791
135.973896, 17.974548
136.274020, 17.981285
136.574143, 17.988022
136.874267, 17.994720
137.175390, 18.001417
137.475514, 18.008114
137.775637, 18.014771
138.075761, 18.021429
138.375884, 18.028086
138.676007, 18.034703
138.976131, 18.041300
139.277254, 18.047918
139.577378, 18.054515
139.877501, 18.061052
140.177625, 18.067590
140.477748, 18.074147
140.777871, 18.080664
141.078995, 18.087182
141.379118, 18.093679
141.679242, 18.100176
141.979365, 18.106634
142.279489, 18.113091
142.579612, 18.119548
142.879735, 18.125966
143.180859, 18.132363
143.480983, 18.138780
143.781106, 18.145158
144.081229, 18.151535
144.381353, 18.157893
144.681476, 18.164250
144.981599, 18.170567
145.282723, 18.176905
145.582847, 18.183222
145.882970, 18.189500
146.183093, 18.195777
146.483217, 18.202054
146.783340, 18.208292
147.084464, 18.214529
147.384587, 18.220767
147.684711, 18.226984
147.984834, 18.233182
148.284957, 18.239359
148.585081, 18.245556
148.885204, 18.251714
149.186328, 18.257851
149.486451, 18.264009
149.786575, 18.270126
150.086698, 18.276224
150.386821, 18.282341
150.686945, 18.288439
150.987068, 18.294496
151.288192, 18.300554
151.588315, 18.306611
151.888439, 18.312629
152.188562, 18.318666
152.488685, 18.324684
152.788809, 18.330681
153.089933, 18.336659
153.390056, 18.342637
153.690179, 18.348614
153.990303, 18.354552
154.290426, 18.360489
154.590549, 18.366427
154.890673, 18.372324
155.191797, 18.378222
155.491920, 18.384120
155.792043, 18.389997
156.092167, 18.395855
156.392290, 18.401712
156.692413, 18.407550
156.992537, 18.413387
157.293661, 18.419205
157.593784, 18.425023
157.893907, 18.430800
158.194031, 18.436578
158.494154, 18.442356
158.794278, 18.448113
159.095401, 18.453851
159.395525, 18.459588
159.695648, 18.465306
159.995771, 18.471004
160.295895, 18.476721
160.596018, 18.482419
160.896142, 18.488077
161.197265, 18.493734
161.497389, 18.499412
161.797512, 18.505030
162.097635, 18.510667
162.397759, 18.516285
162.697882, 18.521883
162.998006, 18.527481
163.299129, 18.533058
163.599253, 18.538636
163.899376, 18.544194
164.199500, 18.549731
164.499623, 18.555269
164.799746, 18.560787
165.100870, 18.566305
165.400993, 18.571802
165.701117, 18.577300
166.001240, 18.582778
166.301364, 18.588256
166.601487, 18.593713
166.901610, 18.599151
167.202734, 18.604569
167.502857, 18.610007
167.802981, 18.615404
168.103104, 18.620802
168.403228, 18.626180
168.703351, 18.631558
169.003474, 18.636916
169.304598, 18.642253
169.604722, 18.647611
169.904845, 18.652929
170.204968, 18.658247
170.505092, 18.663565
170.805215, 18.668842
171.106339, 18.674120
171.406462, 18.679398
171.706586, 18.684656
172.006709, 18.689894
172.306832, 18.695132
172.606956, 18.700349
172.907079, 18.705547
173.208203, 18.710745
173.508326, 18.715943
173.808450, 18.721101
174.108573, 18.726259
174.408696, 18.731417
174.708820, 18.736555
175.008943, 18.741672
175.310067, 18.746770
175.610190, 18.751888
175.910314, 18.756966
176.210437, 18.762044
176.510560, 18.767122
176.810684, 18.772160
177.111808, 18.777198
177.411931, 18.782236
177.712054, 18.787234
178.012178, 18.792232
178.312301, 18.797230
178.612424, 18.802208
178.912548, 18.807166
179.213672, 18.812103
179.513795, 18.817041
179.813918, 18.821959
180.114042, 18.826877
180.414165, 18.831775
180.714288, 18.836673
181.014412, 18.841531
181.315536, 18.846389
181.615659, 18.851247
181.915782, 18.856045
182.215906, 18.860863
182.516029, 18.865681
182.816152, 18.870459
183.117276, 18.875238
183.417400, 18.879996
183.717523, 18.884754
184.017646, 18.889472
184.317770, 18.894210
184.617893, 18.898928
184.918017, 18.903606
185.219140, 18.908284
185.519264, 18.912942
185.819387, 18.917580
186.119510, 18.922218
186.419634, 18.926856
186.719757, 18.931454
187.019881, 18.936053
187.321004, 18.940631
187.621128, 18.945209
187.921251, 18.949747
188.221374, 18.954285
188.521498, 18.958823
188.821621, 18.963321
189.122745, 18.967799
189.422868, 18.972278
189.722992, 18.976736
190.023115, 18.981194
190.323239, 18.985632
190.623362, 18.990070
190.923485, 18.994468
191.224609, 18.998867
191.524732, 19.003245
191.824856, 19.007603
192.124979, 19.011961
192.425103, 19.016300
192.725226, 19.020638
193.025349, 19.024956
193.326473, 19.029254
193.626596, 19.033552
193.926720, 19.037831
194.226843, 19.042089
194.526967, 19.046347
194.827090, 19.050605
195.128214, 19.054844
195.428337, 19.059062
195.728461, 19.063280
196.028584, 19.067498
196.328707, 19.071697
196.628831, 19.075895
196.928954, 19.080073
197.230078, 19.084232
197.530201, 19.088410
197.830325, 19.092568
198.130448, 19.096726
198.430571, 19.100885
198.730695, 19.105023
199.030818, 19.109141
199.331942, 19.113260
199.632065, 19.117378
199.932189, 19.121476
200.232312, 19.125575
200.532435, 19.129673
200.832559, 19.133751
201.133683, 19.137830
201.433806, 19.141908
201.733929, 19.145966
202.034053, 19.150005
202.334176, 19.154063
202.634299, 19.158101
202.934423, 19.162120
203.235547, 19.166158
203.535670, 19.170176
203.835793, 19.174175
204.135917, 19.178173
204.436040, 19.182171
204.736163, 19.186150
205.036287, 19.190128
205.337411, 19.194086
205.637534, 19.198065
205.937657, 19.202003
206.237781, 19.205962
206.537904, 19.209900
206.838027, 19.213838
207.139151, 19.217757
207.439275, 19.221675
207.739398, 19.225593
208.039521, 19.229492
208.339645, 19.233390
208.639768, 19.237289
208.939892, 19.241167
209.241015, 19.245045
209.541139, 19.248924
209.841262, 19.252762
210.141385, 19.256621
210.441509, 19.260459
210.741632, 19.264298
211.041756, 19.268136
211.342879, 19.271954
211.643003, 19.275773
211.943126, 19.279591
212.243249, 19.283410
212.543373, 19.287208
212.843496, 19.291007
213.144620, 19.294785
213.444743, 19.298563
213.744867, 19.302322
214.044990, 19.306080
214.345113, 19.309839
214.645237, 19.313597
214.945360, 19.317336
215.246484, 19.321074
215.546607, 19.324813
215.846731, 19.328511
216.146854, 19.332230
216.446978, 19.335928
216.747101, 19.339647
217.047224, 19.343325
217.348348, 19.347024
217.648471, 19.350722
217.948595, 19.354380
218.248718, 19.358059
218.548842, 19.361717
218.848965, 19.365376
219.150089, 19.369014
219.450212, 19.372673
219.750335, 19.376311
220.050459, 19.379930
220.350582, 19.383548
220.650706, 19.387167
220.950829, 19.390766
221.251953, 19.394364
221.552076, 19.397963
221.852200, 19.401561
222.152323, 19.405140
222.452446, 19.408718
222.752570, 19.412297
223.052693, 19.415855
223.353817, 19.419414
223.653940, 19.422952
223.954064, 19.426511
224.254187, 19.430049
224.554310, 19.433588
224.854434, 19.437106
225.155557, 19.440625
225.455681, 19.444144
225.755804, 19.447642
226.055928, 19.451141
226.356051, 19.454639
226.656174, 19.458138
226.956298, 19.461596
227.257422, 19.465075
227.557545, 19.468554
227.857668, 19.472012
228.157792, 19.475471
228.457915, 19.478929
228.758038, 19.482368
229.058162, 19.485806
229.359286, 19.489245
229.659409, 19.492684
229.959532, 19.496102
230.259656, 19.499501
230.559779, 19.502919
230.859902, 19.506318
231.161026, 19.509717
231.461150, 19.513115
231.761273, 19.516494
232.061396, 19.519872
232.361520, 19.523251
232.661643, 19.526610
232.961766, 19.529968
233.262890, 19.533327
233.563014, 19.536666
233.863137, 19.540004
234.163260, 19.543343
234.463384, 19.546681
234.763507, 19.550020
235.063631, 19.553339
235.364754, 19.556657
235.664878, 19.559956
235.965001, 19.563255
236.265124, 19.566553
236.565248, 19.569872
236.865371, 19.573151
237.166495, 19.576409
237.466618, 19.579688
237.766742, 19.582966
238.066865, 19.586225
238.366988, 19.589484
238.667112, 19.592722
238.967235, 19.595961
239.268359, 19.599220
239.568482, 19.602458
239.868606, 19.605677
240.168729, 19.608896
240.468853, 19.612114
240.768976, 19.615333
241.069099, 19.618532
241.370223, 19.621731
241.670346, 19.624929
241.970470, 19.628108
242.270593, 19.631287
242.570717, 19.634485
242.870840, 19.637644
243.171964, 19.640823
243.472087, 19.643981
243.772210, 19.647140
244.072334, 19.650279
244.372457, 19.653437
244.672581, 19.656576
244.972704, 19.659695
245.273828, 19.662834
245.573951, 19.665972
245.874074, 19.669071
246.174198, 19.672190
246.474321, 19.675289
246.774445, 19.678387
247.074568, 19.681486
247.375692, 19.684585
247.675815, 19.687683
247.975939, 19.690762
248.276062, 19.693841
248.576185, 19.696920
248.876309, 19.699978
249.177432, 19.703017
249.477556, 19.706076
249.777679, 19.709135
250.077803, 19.712173
250.377926, 19.715212
250.678049, 19.718251
250.978173, 19.721270
251.279296, 19.724288
251.579420, 19.727327
251.879543, 19.730326
252.179667, 19.733345
252.479790, 19.736343
252.779913, 19.739342
253.080037, 19.742321
253.381161, 19.745320
253.681284, 19.748298
253.981407, 19.751277
254.281531, 19.754256
254.581654, 19.757235
254.881777, 19.760174
255.182901, 19.763132
255.483025, 19.766091
255.783148, 19.769030
256.083271, 19.771969
256.383395, 19.774908
256.683518, 19.777846
256.983641, 19.780765
257.284765, 19.783684
257.584889, 19.786623
257.885012, 19.789522
258.185135, 19.792440
258.485259, 19.795339
258.785382, 19.798238
259.085505, 19.801137
259.386629, 19.804016
259.686753, 19.806894
259.986876, 19.809773
260.286999, 19.812652
260.587123, 19.815531
260.887246, 19.818370
261.188370, 19.821228
261.488493, 19.824087
261.788617, 19.826946
262.088740, 19.829785
262.388863, 19.832624
262.688987, 19.835463
262.989110, 19.838301
263.290234, 19.841120
263.590357, 19.843939
263.890481, 19.846758
264.190604, 19.849557
264.490727, 19.852376
264.790851, 19.855175
265.090974, 19.857953
265.392098, 19.860752
265.692221, 19.863531
265.992345, 19.866310
266.292468, 19.869089
266.592592, 19.871868
266.892715, 19.874647
267.193839, 19.877405
267.493962, 19.880164
267.794085, 19.882923
268.094209, 19.885682
268.394332, 19.888421
268.694456, 19.891160
268.994579, 19.893899
269.295703, 19.896617
269.595826, 19.899356
269.895949, 19.902075
270.196073, 19.904794
270.496196, 19.907513
270.796320, 19.910212
271.096443, 19.912911
271.397567, 19.915630
271.697690, 19.918309
271.997814, 19.921007
272.297937, 19.923686
272.598060, 19.926385
272.898184, 19.929044
273.199307, 19.931723
273.499431, 19.934402
273.799554, 19.937061
274.099678, 19.939720
274.399801, 19.942379
274.699924, 19.945018
275.000048, 19.947676
275.301171, 19.950315
275.601295, 19.952974
275.901418, 19.955593
276.201542, 19.958232
276.501665, 19.960851
276.801788, 19.963470
277.101912, 19.966069
277.403035, 19.968688
277.703159, 19.971287
278.003282, 19.973886
278.303406, 19.976485
278.603529, 19.979084
278.903652, 19.981683
279.204776, 19.984261
279.504900, 19.986840
279.805023, 19.989419
280.105146, 19.991978
280.405270, 19.994577
280.705393, 19.997176
281.005516, 19.999775
281.306640, 20.002374
281.606764, 20.004973
281.906887, 20.007372
282.207010, 20.009971
282.507134, 20.012370
282.807257, 20.014969
283.107380, 20.017568
283.408504, 20.019967
283.708628, 20.022566
284.008751, 20.024965
284.308874, 20.027564
284.608998, 20.030163
284.909121, 20.032562
285.210245, 20.035161
285.510368, 20.037560
285.810492, 20.040158
286.110615, 20.042557
286.410738, 20.045156
286.710862, 20.047555
287.010985, 20.049954
287.312109, 20.052353
287.612232, 20.054952
287.912356, 20.057351
288.212479, 20.059750
288.512602, 20.062349
288.812726, 20.064748
289.112849, 20.067147
289.413973, 20.069746
289.714096, 20.072145
290.014220, 20.074544
290.314343, 20.076943
290.614466, 20.079542
290.914590, 20.081941
291.215714, 20.084340
291.515837, 20.086739
291.815960, 20.089138
292.116084, 20.091537
292.416207, 20.093936
292.716331, 20.096335
293.016454, 20.098734
293.317578, 20.101133
293.617701, 20.103532
293.917824, 20.105931
294.217948, 20.108330
294.518071, 20.110729
294.818195, 20.113128
295.118318, 20.115328
295.419442, 20.117727
295.719565, 20.120126
296.019688, 20.122525
296.319812, 20.124924
296.619935, 20.127323
296.920059, 20.129722
297.221182, 20.131921
297.521306, 20.134320
297.821429, 20.136719
298.121553, 20.138918
298.421676, 20.141117
298.721799, 20.143516
299.021923, 20.145915
299.323046, 20.148114
299.623170, 20.150513
299.923293, 20.152712
300.223417, 20.155111
300.523540, 20.157310
300.823663, 20.159709
301.124787, 20.162108
301.424910, 20.164307
301.725034, 20.166706
302.025157, 20.168906
302.325281, 20.171305
302.625404, 20.173504
302.925527, 20.175703
303.226651, 20.178102
303.526775, 20.180301
303.826898, 20.182500
304.127021, 20.184899
304.427145, 20.187098
304.727268, 20.189297
305.027391, 20.191496
305.328515, 20.193895
305.628639, 20.196094
305.928762, 20.198293
306.228885, 20.200493
306.529009, 20.202692
306.829132, 20.205091
307.130256, 20.207290
307.430379, 20.209489
307.730503, 20.211688
308.030626, 20.213887
308.330749, 20.216086
308.630873, 20.218285
308.930996, 20.220484
309.232120, 20.222683
309.532243, 20.224882
309.832367, 20.227082
310.132490, 20.229281
310.432613, 20.231480
310.732737, 20.233679
311.032860, 20.235878
311.333984, 20.237877
311.634107, 20.240076
311.934231, 20.242275
312.234354, 20.244474
312.534477, 20.246674
312.834601, 20.248673
313.135725, 20.250872
313.435848, 20.253071
313.735971, 20.255270
314.036095, 20.257269
314.336218, 20.259468
314.636341, 20.261467
314.936465, 20.263667
315.237589, 20.265866
315.537712, 20.268065
315.837835, 20.270064
316.137959, 20.272263
316.438082, 20.274262
316.738205, 20.276461
317.038329, 20.278460
317.339453, 20.280660
317.639576, 20.282659
317.939699, 20.284858
318.239823, 20.286857
318.539946, 20.289056
318.840070, 20.291055
319.141193, 20.293254
319.441317, 20.295254
319.741440, 20.297453
320.041563, 20.299452
320.341687, 20.301451
320.641810, 20.303450
320.941934, 20.305649
321.243057, 20.307648
321.543181, 20.309848
321.843304, 20.311847
322.143427, 20.313846
322.443551, 20.316045
322.743674, 20.318044
323.043798, 20.320043
323.344921, 20.322043
323.645045, 20.324042
323.945168, 20.326041
324.245292, 20.328040
324.545415, 20.330039
324.845538, 20.332038
325.146662, 20.334038
325.446785, 20.336237
325.746909, 20.338236
326.047032, 20.340235
326.347156, 20.342234
326.647279, 20.344033
326.947402, 20.346233
327.248526, 20.348232
327.548649, 20.350231
327.848773, 20.352230
328.148896, 20.354229
328.449020, 20.356228
328.749143, 20.358228
329.049266, 20.360227
329.350390, 20.362226
329.650514, 20.364025
329.950637, 20.366024
330.250760, 20.368024
330.550884, 20.369823
330.851007, 20.371822
331.152131, 20.373821
331.452254, 20.375820
331.752378, 20.377820
332.052501, 20.379619
332.352624, 20.381618
332.652748, 20.383617
332.952871, 20.385416
333.253995, 20.387416
333.554118, 20.389415
333.854242, 20.391414
334.154365, 20.393413
334.454488, 20.395212
334.754612, 20.397212
335.054735, 20.399011
335.355859, 20.401010
335.655982, 20.403009
335.956106, 20.404808
336.256229, 20.406608
336.556352, 20.408407
336.856476, 20.410406
337.157600, 20.412405
337.457723, 20.414205
337.757846, 20.416204
338.057970, 20.418003
338.358093, 20.419802
338.658216, 20.421802
338.958340, 20.423601
339.259464, 20.425400
339.559587, 20.427399
339.859710, 20.429198
340.159834, 20.431198
340.459957, 20.432997
340.760080, 20.434996
341.060204, 20.436795
341.361328, 20.438595
341.661451, 20.440394
341.961574, 20.442193
342.261698, 20.443992
342.561821, 20.445992
342.861945, 20.447791
343.163068, 20.449590
343.463192, 20.451389
343.763315, 20.453389
344.063438, 20.455188
344.363562, 20.456987
344.663685, 20.458786
344.963809, 20.460586
345.264932, 20.462385
345.565056, 20.464184
345.865179, 20.465983
346.165302, 20.467783
346.465426, 20.469582
346.765549, 20.471381
347.065673, 20.473180
347.366796, 20.474980
347.666920, 20.476779
347.967043, 20.478578
348.267166, 20.480377
348.567290, 20.482177
348.867413, 20.483976
349.168537, 20.485775
349.468660, 20.487574
349.768784, 20.489374
350.068907, 20.490973
350.369031, 20.492772
350.669154, 20.494572
350.969277, 20.496371
351.270401, 20.498170
351.570524, 20.499969
351.870648, 20.501769
352.170771, 20.503368
352.470895, 20.505167
352.771018, 20.506966
353.071141, 20.508566
353.372265, 20.510365
353.672388, 20.512164
353.972512, 20.513764
354.272635, 20.515563
354.572759, 20.517362
354.872882, 20.518962
355.174006, 20.520761
355.474129, 20.522360
355.774253, 20.524159
356.074376, 20.525759
356.374499, 20.527558
356.674623, 20.529357
356.974746, 20.530957
357.275870, 20.532756
357.575993, 20.534355
357.876117, 20.536154
358.176240, 20.537754
358.476363, 20.539553
358.776487, 20.541352
359.076610, 20.542952
359.377734, 20.544551
359.677857, 20.546350
359.977981, 20.547950
360.278104, 20.549749
360.578227, 20.551348
360.878351, 20.552948
361.179475, 20.554547
361.479598, 20.556146
361.779721, 20.557946
362.079845, 20.559545
362.379968, 20.561144
362.680091, 20.562943
362.980215, 20.564543
363.281339, 20.566342
363.581462, 20.567941
363.881585, 20.569541
364.181709, 20.571140
364.481832, 20.572739
364.781955, 20.574539
365.082079, 20.576138
365.383203, 20.577737
365.683326, 20.579337
365.983449, 20.580936
366.283573, 20.582535
366.583696, 20.584135
366.883819, 20.585734
367.184943, 20.587333
367.485067, 20.589133
367.785190, 20.590732
368.085313, 20.592331
368.385437, 20.593931
368.685560, 20.595530
368.985684, 20.597129
369.286807, 20.598729
369.586931, 20.600328
369.887054, 20.601927
370.187177, 20.603527
370.487301, 20.605126
370.787424, 20.606725
371.087548, 20.608325
371.388671, 20.609924
371.688795, 20.611523
371.988918, 20.613123
372.289041, 20.614722
372.589165, 20.616122
372.889288, 20.617721
373.190412, 20.619320
373.490535, 20.620920
373.790659, 20.622519
374.090782, 20.623918
374.390906, 20.625518
374.691029, 20.627117
374.991152, 20.628716
375.292276, 20.630316
375.592399, 20.631715
375.892523, 20.633315
376.192646, 20.634914
376.492770, 20.636513
376.792893, 20.637913
377.093016, 20.639512
377.394140, 20.640911
377.694263, 20.642511
377.994387, 20.644110
378.294510, 20.645709
378.594634, 20.647109
378.894757, 20.648708
379.195881, 20.650108
379.496004, 20.651707
379.796127, 20.653106
380.096251, 20.654706
380.396374, 20.656305
380.696498, 20.657704
380.996621, 20.659304
381.297745, 20.660903
381.597868, 20.662303
381.897992, 20.663902
382.198115, 20.665301
382.498238, 20.666701
382.798362, 20.668300
383.098485, 20.669700
383.399609, 20.671299
383.699732, 20.672698
383.999856, 20.674298
384.299979, 20.675697
384.600102, 20.677296
384.900226, 20.678696
385.201349, 20.680295
385.501473, 20.681695
385.801596, 20.683094
386.101720, 20.684693
386.401843, 20.686093
386.701966, 20.687492
387.002090, 20.688892
387.303214, 20.690291
387.603337, 20.691890
387.903460, 20.693290
388.203584, 20.694689
388.503707, 20.696089
388.803830, 20.697488
389.103954, 20.699087
389.405078, 20.700487
389.705201, 20.701886
390.005324, 20.703286
390.305448, 20.704685
390.605571, 20.706285
390.905694, 20.707684
391.206818, 20.709083
391.506942, 20.710483
391.807065, 20.711882
392.107188, 20.713482
392.407312, 20.714881
392.707435, 20.716280
393.007558, 20.717680
393.308682, 20.719079
393.608806, 20.720479
393.908929, 20.721878
394.209052, 20.723278
394.509176, 20.724677
394.809299, 20.726076
395.109423, 20.727476
395.410546, 20.728875
395.710670, 20.730275
396.010793, 20.731674
396.310916, 20.733073
396.611040, 20.734473
396.911163, 20.735872
397.212287, 20.737272
397.512410, 20.738671
397.812534, 20.739871
398.112657, 20.741270
398.412780, 20.742670
398.712904, 20.744069
399.013027, 20.745468
399.314151, 20.746868
399.614274, 20.748267
399.914398, 20.749667
400.214521, 20.751066
400.514645, 20.752466
400.814768, 20.753665
401.114891, 20.755064
401.416015, 20.756464
401.716138, 20.757663
402.016262, 20.759063
402.316385, 20.760462
402.616509, 20.761862
402.916632, 20.763261
403.217756, 20.764461
403.517879, 20.765860
403.818002, 20.767060
404.118126, 20.768459
404.418249, 20.769858
404.718373, 20.771258
405.018496, 20.772657
405.319620, 20.773857
405.619743, 20.775256
405.919867, 20.776656
406.219990, 20.777855
406.520113, 20.779255
406.820237, 20.780454
407.120360, 20.781853
407.421484, 20.783253
407.721607, 20.784452
408.021731, 20.785652
408.321854, 20.787051
408.621977, 20.788251
408.922101, 20.789650
409.223224, 20.790850
409.523348, 20.792249
409.823471, 20.793449
410.123595, 20.794848
410.423718, 20.796248
410.723841, 20.797447
411.023965, 20.798647
411.325088, 20.800046
411.625212, 20.801245
411.925335, 20.802445
412.225459, 20.803844
412.525582, 20.805044
412.825705, 20.806243
413.125829, 20.807643
413.426953, 20.809042
413.727076, 20.810242
414.027199, 20.811441
414.327323, 20.812841
414.627446, 20.814040
414.927569, 20.815240
415.228693, 20.816639
415.528817, 20.817839
415.828940, 20.819038
416.129063, 20.820438
416.429187, 20.821637
416.729310, 20.822837
417.029433, 20.824036
417.330557, 20.825236
417.630681, 20.826435
417.930804, 20.827635
418.230927, 20.829034
418.531051, 20.830234
418.831174, 20.831433
419.131297, 20.832832
419.432421, 20.834032
419.732545, 20.835231
420.032668, 20.836431
420.332791, 20.837630
420.632915, 20.838830
420.933038, 20.840030
421.234162, 20.841229
421.534285, 20.842429
421.834409, 20.843628
422.134532, 20.845027
422.434655, 20.846227
422.734779, 20.847426
423.034902, 20.848626
423.336026, 20.849825
423.636149, 20.851025
423.936273, 20.852224
424.236396, 20.853424
424.536519, 20.854624
424.836643, 20.855823
425.136766, 20.857023
425.437890, 20.858222
425.738013, 20.859422
426.038137, 20.860621
426.338260, 20.861821
426.638384, 20.862820
426.938507, 20.864020
427.239631, 20.865219
427.539754, 20.866419
427.839877, 20.867618
428.140001, 20.868818
428.440124, 20.870017
428.740248, 20.871217
429.040371, 20.872416
429.341495, 20.873616
429.641618, 20.874615
429.941741, 20.875815
430.241865, 20.877014
430.541988, 20.878214
430.842112, 20.879413
431.142235, 20.880613
431.443359, 20.881812
431.743482, 20.882812
432.043606, 20.884011
432.343729, 20.885211
432.643852, 20.886211
432.943976, 20.887410
433.245099, 20.888610
433.545223, 20.889609
433.845346, 20.890809
434.145470, 20.892008
434.445593, 20.893208
434.745716, 20.894207
435.045840, 20.895407
435.346963, 20.896606
435.647087, 20.897606
435.947210, 20.898805
436.247334, 20.900005
436.547457, 20.901004
436.847580, 20.902204
437.147704, 20.903403
437.448828, 20.904603
437.748951, 20.905603
438.049074, 20.906802
438.349198, 20.907802
438.649321, 20.908801
438.949444, 20.910001
439.250568, 20.911200
439.550692, 20.912400
439.850815, 20.913399
440.150938, 20.914399
440.451062, 20.915598
440.751185, 20.916598
441.051308, 20.917798
441.352432, 20.918797
441.652556, 20.919797
441.952679, 20.920996
442.252802, 20.922196
442.552926, 20.923395
442.853049, 20.924395
443.153172, 20.925394
443.454296, 20.926594
443.754420, 20.927593
444.054543, 20.928793
444.354666, 20.929793
444.654790, 20.930992
444.954913, 20.931992
445.256037, 20.932991
445.556160, 20.934191
445.856284, 20.935190
446.156407, 20.936390
446.456530, 20.937389
446.756654, 20.938389
447.056777, 20.939389
447.357901, 20.940388
447.658024, 20.941588
447.958148, 20.942587
448.258271, 20.943587
448.558394, 20.944786
448.858518, 20.945786
449.158641, 20.946786
449.459765, 20.947785
449.759888, 20.948785
450.060012, 20.949984
450.360135, 20.950984
450.660258, 20.952183
450.960382, 20.953183
451.261506, 20.954183
451.561629, 20.955182
451.861752, 20.956182
452.161876, 20.957381
452.461999, 20.958381
452.762123, 20.959380
453.062246, 20.960380
453.363370, 20.961580
453.663493, 20.962579
453.963616, 20.963579
454.263740, 20.964578
454.563863, 20.965578
454.863987, 20.966577
455.164110, 20.967577
455.465234, 20.968577
455.765357, 20.969576
456.065480, 20.970576
456.365604, 20.971775
456.665727, 20.972775
456.965851, 20.973775
457.266974, 20.974774
457.567098, 20.975774
457.867221, 20.976773
458.167345, 20.977773
458.467468, 20.978573
458.767591, 20.979572
459.067715, 20.980572
459.368838, 20.981771
459.668962, 20.982771
459.969085, 20.983570
460.269209, 20.984570
460.569332, 20.985570
460.869455, 20.986569
461.169579, 20.987569
461.470702, 20.988568
461.770826, 20.989568
462.070949, 20.990568
462.371073, 20.991567
462.671196, 20.992567
462.971319, 20.993566
463.272443, 20.994366
463.572567, 20.995366
463.872690, 20.996365
464.172813, 20.997365
464.472937, 20.998364
464.773060, 20.999364
465.073183, 21.000364
465.374307, 21.001363
465.674431, 21.002363
465.974554, 21.003362
466.274677, 21.004162
466.574801, 21.005162
466.874924, 21.006161
467.175047, 21.007161
467.476171, 21.008160
467.776295, 21.008960
468.076418, 21.009960
468.376541, 21.010959
468.676665, 21.011959
468.976788, 21.012758
469.277912, 21.013758
469.578035, 21.014558
469.878159, 21.015557
470.178282, 21.016557
470.478405, 21.017556
470.778529, 21.018356
471.078652, 21.019356
471.379776, 21.020355
471.679899, 21.021355
471.980023, 21.022155
472.280146, 21.023154
472.580269, 21.023954
472.880393, 21.024953
473.180516, 21.025753
473.481640, 21.026753
473.781763, 21.027552
474.081887, 21.028552
474.382010, 21.029552
474.682133, 21.030551
474.982257, 21.031351
475.283381, 21.032350
475.583504, 21.033150
475.883627, 21.034150
476.183751, 21.034949
476.483874, 21.035949
476.783997, 21.036749
477.084121, 21.037748
477.385245, 21.038548
477.685368, 21.039547
477.985491, 21.040347
478.285615, 21.041347
478.585738, 21.042146
478.885862, 21.043146
479.185985, 21.043946
479.487109, 21.044945
479.787232, 21.045745
480.087355, 21.046744
480.387479, 21.047544
480.687602, 21.048544
480.987726, 21.049343
481.288849, 21.050343
481.588973, 21.051143
481.889096, 21.052142
482.189219, 21.052942
482.489343, 21.053742
482.789466, 21.054541
483.089590, 21.055541
483.390713, 21.056341
483.690837, 21.057340
483.990960, 21.058140
484.291084, 21.059139
484.591207, 21.059939
484.891330, 21.060939
485.191454, 21.061738
485.492577, 21.062538
485.792701, 21.063338
486.092824, 21.064337
486.392948, 21.065137
486.693071, 21.065937
486.993194, 21.066736
487.294318, 21.067736
487.594441, 21.068536
487.894565, 21.069535
488.194688, 21.070335
488.494812, 21.071134
488.794935, 21.071934
489.095058, 21.072934
489.396182, 21.073733
489.696306, 21.074533
489.996429, 21.075333
490.296552, 21.076132
490.596676, 21.077132
490.896799, 21.077932
491.196922, 21.078731
491.498046, 21.079531
491.798170, 21.080331
492.098293, 21.081330
492.398416, 21.082130
492.698540, 21.082930
492.998663, 21.083729
493.299787, 21.084529
493.599910, 21.085529
493.900034, 21.086328
494.200157, 21.086928
494.500280, 21.087728
494.800404, 21.088527
495.100527, 21.089527
495.401651, 21.090327
495.701774, 21.091126
496.001898, 21.091926
496.302021, 21.092726
496.602144, 21.093725
496.902268, 21.094525
497.202391, 21.095125
497.503515, 21.095924
497.803638, 21.096724
498.103762, 21.097724
498.403885, 21.098523
498.704008, 21.099323
499.004132, 21.100123
499.305256, 21.100922
499.605379, 21.101722
499.905502, 21.102522
500.205626, 21.103321
