/*--------------------------------*- C++ -*----------------------------------*\
| =========                 |                                                 |
| \\      /  F ield         | OpenFOAM: The Open Source CFD Toolbox           |
|  \\    /   O peration     | Version:  2312                                  |
|   \\  /    A nd           | Website:  www.openfoam.com                      |
|    \\/     M anipulation  |                                                 |
\*---------------------------------------------------------------------------*/
FoamFile
{
    version     2.0;
    format      ascii;
    arch        "LSB;label=32;scalar=64";
    class       volVectorField;
    location    "25.045";
    object      U;
}
// * * * * * * * * * * * * * * * * * * * * * * * * * * * * * * * * * * * * * //

dimensions      [0 1 -1 0 0 0 0];

internalField   nonuniform List<vector> 
2000
(
(0.0250161 -4.1994e-19 0)
(0.0749882 4.7715e-19 0)
(0.124867 2.11841e-19 0)
(0.17443 1.60663e-19 0)
(0.222965 1.80896e-19 0)
(0.269135 1.65978e-19 0)
(0.311483 1.54108e-19 0)
(0.349177 1.62052e-19 0)
(0.382208 1.31817e-19 0)
(0.411064 9.87222e-20 0)
(0.436446 1.10135e-19 0)
(0.458993 1.30894e-19 0)
(0.479164 1.14243e-19 0)
(0.497317 7.9423e-20 0)
(0.513747 6.01341e-20 0)
(0.528703 2.88903e-20 0)
(0.542389 -8.41445e-22 0)
(0.554978 -1.23227e-20 0)
(0.566612 -1.93717e-20 0)
(0.57741 -2.35907e-20 0)
(0.587473 -2.60202e-20 0)
(0.596885 -2.22584e-20 0)
(0.605719 -1.3405e-20 0)
(0.614036 -4.89537e-21 0)
(0.621891 8.47008e-21 0)
(0.629332 3.21083e-20 0)
(0.636407 6.58416e-20 0)
(0.64315 1.08667e-19 0)
(0.649591 1.54618e-19 0)
(0.655756 1.98528e-19 0)
(0.661666 2.40519e-19 0)
(0.66734 2.80712e-19 0)
(0.672797 3.19217e-19 0)
(0.678052 3.56138e-19 0)
(0.68312 3.91573e-19 0)
(0.688013 4.25609e-19 0)
(0.692742 4.58327e-19 0)
(0.697318 4.89801e-19 0)
(0.701751 5.20097e-19 0)
(0.706049 5.49277e-19 0)
(0.710219 5.77397e-19 0)
(0.714271 6.04508e-19 0)
(0.718209 6.30659e-19 0)
(0.72204 6.55892e-19 0)
(0.72577 6.80248e-19 0)
(0.729404 7.03764e-19 0)
(0.732946 7.26474e-19 0)
(0.736402 7.48412e-19 0)
(0.739775 7.69605e-19 0)
(0.74307 7.90084e-19 0)
(0.746289 8.09872e-19 0)
(0.749437 8.28996e-19 0)
(0.752516 8.47477e-19 0)
(0.75553 8.65337e-19 0)
(0.75848 8.82596e-19 0)
(0.761371 8.99273e-19 0)
(0.764203 9.15385e-19 0)
(0.76698 9.30949e-19 0)
(0.769704 9.4598e-19 0)
(0.772376 9.60494e-19 0)
(0.774999 9.74504e-19 0)
(0.777574 9.88023e-19 0)
(0.780103 1.00106e-18 0)
(0.782588 1.01363e-18 0)
(0.785031 1.02575e-18 0)
(0.787432 1.03742e-18 0)
(0.789793 1.04865e-18 0)
(0.792116 1.05945e-18 0)
(0.794401 1.06983e-18 0)
(0.79665 1.0798e-18 0)
(0.798865 1.08936e-18 0)
(0.801045 1.09853e-18 0)
(0.803193 1.10729e-18 0)
(0.805308 1.11567e-18 0)
(0.807393 1.12366e-18 0)
(0.809448 1.13126e-18 0)
(0.811474 1.13849e-18 0)
(0.813471 1.14534e-18 0)
(0.815441 1.15181e-18 0)
(0.817384 1.1579e-18 0)
(0.819301 1.16362e-18 0)
(0.821193 1.16896e-18 0)
(0.823059 1.17393e-18 0)
(0.824902 1.17852e-18 0)
(0.826722 1.18274e-18 0)
(0.828518 1.18658e-18 0)
(0.830293 1.19022e-18 0)
(0.832045 1.19346e-18 0)
(0.833777 1.1963e-18 0)
(0.835487 1.19893e-18 0)
(0.837178 1.20134e-18 0)
(0.838849 1.20354e-18 0)
(0.8405 1.20537e-18 0)
(0.842133 1.20684e-18 0)
(0.843747 1.20795e-18 0)
(0.845344 1.20856e-18 0)
(0.846923 1.2089e-18 0)
(0.848485 1.20915e-18 0)
(0.850031 1.20922e-18 0)
(0.851562 1.20884e-18 0)
(0.853078 1.20805e-18 0)
(0.854579 1.20687e-18 0)
(0.856067 1.2053e-18 0)
(0.85754 1.20349e-18 0)
(0.859001 1.20144e-18 0)
(0.860448 1.19912e-18 0)
(0.861882 1.19653e-18 0)
(0.863303 1.19366e-18 0)
(0.864711 1.19051e-18 0)
(0.866108 1.18706e-18 0)
(0.867492 1.18332e-18 0)
(0.868863 1.17929e-18 0)
(0.870224 1.17497e-18 0)
(0.871572 1.17037e-18 0)
(0.872909 1.1655e-18 0)
(0.874235 1.16037e-18 0)
(0.87555 1.155e-18 0)
(0.876853 1.14942e-18 0)
(0.878146 1.14365e-18 0)
(0.879429 1.13775e-18 0)
(0.880701 1.13159e-18 0)
(0.881962 1.12521e-18 0)
(0.883214 1.11867e-18 0)
(0.884455 1.11199e-18 0)
(0.885687 1.10521e-18 0)
(0.886909 1.09838e-18 0)
(0.888122 1.09155e-18 0)
(0.889325 1.0848e-18 0)
(0.890519 1.07817e-18 0)
(0.891704 1.07176e-18 0)
(0.892879 1.06566e-18 0)
(0.894046 1.05995e-18 0)
(0.895204 1.05462e-18 0)
(0.896354 1.04979e-18 0)
(0.897494 1.04557e-18 0)
(0.898627 1.04151e-18 0)
(0.899751 1.04377e-18 0)
(0.900867 1.05235e-18 0)
(0.901975 1.06008e-18 0)
(0.903075 1.08099e-18 0)
(0.904166 1.16756e-18 0)
(0.905251 1.25431e-18 0)
(0.906327 1.27628e-18 0)
(0.907396 1.28606e-18 0)
(0.908457 1.29767e-18 0)
(0.909511 1.30391e-18 0)
(0.910557 1.30485e-18 0)
(0.911596 1.30658e-18 0)
(0.912628 1.30878e-18 0)
(0.913653 1.31157e-18 0)
(0.914671 1.31494e-18 0)
(0.915681 1.31899e-18 0)
(0.916685 1.32379e-18 0)
(0.917682 1.32943e-18 0)
(0.918672 1.33597e-18 0)
(0.919655 1.34343e-18 0)
(0.920632 1.35188e-18 0)
(0.921602 1.36132e-18 0)
(0.922565 1.37168e-18 0)
(0.923522 1.38298e-18 0)
(0.924472 1.39522e-18 0)
(0.925416 1.40841e-18 0)
(0.926353 1.42253e-18 0)
(0.927284 1.43755e-18 0)
(0.928208 1.45339e-18 0)
(0.929126 1.46983e-18 0)
(0.930038 1.48668e-18 0)
(0.930943 1.50365e-18 0)
(0.931841 1.52001e-18 0)
(0.932733 1.53662e-18 0)
(0.933619 1.53166e-18 0)
(0.934498 1.50371e-18 0)
(0.935371 1.47642e-18 0)
(0.936237 1.47339e-18 0)
(0.937096 1.49301e-18 0)
(0.937948 1.50728e-18 0)
(0.938794 1.51717e-18 0)
(0.939633 1.52809e-18 0)
(0.940465 1.53921e-18 0)
(0.941289 1.55035e-18 0)
(0.942107 1.56134e-18 0)
(0.942917 1.57209e-18 0)
(0.943719 1.58249e-18 0)
(0.944514 1.59248e-18 0)
(0.945302 1.60197e-18 0)
(0.946081 1.61088e-18 0)
(0.946853 1.61911e-18 0)
(0.947617 1.62653e-18 0)
(0.948373 1.6331e-18 0)
(0.94912 1.63864e-18 0)
(0.949861 1.64293e-18 0)
(0.950593 1.64585e-18 0)
(0.951318 1.64707e-18 0)
(0.952036 1.64636e-18 0)
(0.952747 1.64351e-18 0)
(0.953453 1.63903e-18 0)
(0.954153 1.633e-18 0)
(0.954849 1.62412e-18 0)
(0.955541 1.61209e-18 0)
(0.956228 1.59735e-18 0)
(0.956911 1.57986e-18 0)
(0.95759 1.56073e-18 0)
(0.958265 1.52693e-18 0)
(0.958935 1.44903e-18 0)
(0.959601 1.37116e-18 0)
(0.960263 1.33742e-18 0)
(0.960921 1.31813e-18 0)
(0.961575 1.30027e-18 0)
(0.962225 1.28502e-18 0)
(0.962871 1.27225e-18 0)
(0.963512 1.26187e-18 0)
(0.96415 1.25373e-18 0)
(0.964785 1.24763e-18 0)
(0.965415 1.24336e-18 0)
(0.966041 1.24072e-18 0)
(0.966664 1.23952e-18 0)
(0.967282 1.23956e-18 0)
(0.967898 1.24071e-18 0)
(0.968509 1.24275e-18 0)
(0.969117 1.24548e-18 0)
(0.969721 1.24885e-18 0)
(0.970321 1.25271e-18 0)
(0.970918 1.25696e-18 0)
(0.971511 1.2615e-18 0)
(0.972101 1.26634e-18 0)
(0.972687 1.27144e-18 0)
(0.97327 1.27674e-18 0)
(0.973849 1.28221e-18 0)
(0.974425 1.28783e-18 0)
(0.974998 1.29359e-18 0)
(0.975567 1.29946e-18 0)
(0.976133 1.30543e-18 0)
(0.976695 1.31151e-18 0)
(0.977254 1.31767e-18 0)
(0.97781 1.32393e-18 0)
(0.978363 1.33026e-18 0)
(0.978913 1.33666e-18 0)
(0.979459 1.34312e-18 0)
(0.980002 1.34964e-18 0)
(0.980542 1.3562e-18 0)
(0.981079 1.3628e-18 0)
(0.981612 1.36943e-18 0)
(0.982143 1.37608e-18 0)
(0.982671 1.38273e-18 0)
(0.983195 1.38938e-18 0)
(0.983717 1.39601e-18 0)
(0.984235 1.40262e-18 0)
(0.984751 1.4092e-18 0)
(0.985264 1.41573e-18 0)
(0.985773 1.42221e-18 0)
(0.98628 1.42863e-18 0)
(0.986784 1.43498e-18 0)
(0.987285 1.44126e-18 0)
(0.987783 1.44746e-18 0)
(0.988279 1.45358e-18 0)
(0.988771 1.45962e-18 0)
(0.989261 1.46556e-18 0)
(0.989748 1.47141e-18 0)
(0.990233 1.47717e-18 0)
(0.990714 1.48283e-18 0)
(0.991193 1.48839e-18 0)
(0.991669 1.49386e-18 0)
(0.992143 1.49923e-18 0)
(0.992614 1.50451e-18 0)
(0.993082 1.50969e-18 0)
(0.993547 1.51477e-18 0)
(0.99401 1.51977e-18 0)
(0.994471 1.52467e-18 0)
(0.994929 1.52949e-18 0)
(0.995384 1.53423e-18 0)
(0.995837 1.53888e-18 0)
(0.996287 1.54346e-18 0)
(0.996735 1.54796e-18 0)
(0.99718 1.55239e-18 0)
(0.997623 1.55675e-18 0)
(0.998064 1.56105e-18 0)
(0.998502 1.56529e-18 0)
(0.998937 1.56947e-18 0)
(0.99937 1.57359e-18 0)
(0.999801 1.57767e-18 0)
(1.00023 1.5817e-18 0)
(1.00066 1.58568e-18 0)
(1.00108 1.58963e-18 0)
(1.0015 1.59353e-18 0)
(1.00192 1.59741e-18 0)
(1.00234 1.60125e-18 0)
(1.00275 1.60506e-18 0)
(1.00316 1.60885e-18 0)
(1.00357 1.61261e-18 0)
(1.00398 1.61635e-18 0)
(1.00439 1.62007e-18 0)
(1.00479 1.62378e-18 0)
(1.00519 1.62747e-18 0)
(1.00559 1.63115e-18 0)
(1.00599 1.63482e-18 0)
(1.00638 1.63847e-18 0)
(1.00678 1.64212e-18 0)
(1.00717 1.64577e-18 0)
(1.00755 1.64941e-18 0)
(1.00794 1.65304e-18 0)
(1.00832 1.65667e-18 0)
(1.00871 1.6603e-18 0)
(1.00909 1.66393e-18 0)
(1.00947 1.66756e-18 0)
(1.00984 1.67119e-18 0)
(1.01022 1.67482e-18 0)
(1.01059 1.67845e-18 0)
(1.01096 1.68209e-18 0)
(1.01133 1.68573e-18 0)
(1.01169 1.68937e-18 0)
(1.01206 1.69302e-18 0)
(1.01242 1.69667e-18 0)
(1.01278 1.70032e-18 0)
(1.01314 1.70398e-18 0)
(1.01349 1.70765e-18 0)
(1.01385 1.71132e-18 0)
(1.0142 1.71499e-18 0)
(1.01455 1.71867e-18 0)
(1.0149 1.72236e-18 0)
(1.01525 1.72605e-18 0)
(1.01559 1.72975e-18 0)
(1.01594 1.73345e-18 0)
(1.01628 1.73716e-18 0)
(1.01662 1.74087e-18 0)
(1.01695 1.74459e-18 0)
(1.01729 1.74831e-18 0)
(1.01762 1.75204e-18 0)
(1.01796 1.75578e-18 0)
(1.01829 1.75952e-18 0)
(1.01862 1.76326e-18 0)
(1.01894 1.76701e-18 0)
(1.01927 1.77076e-18 0)
(1.01959 1.77452e-18 0)
(1.01992 1.77828e-18 0)
(1.02024 1.78204e-18 0)
(1.02056 1.78581e-18 0)
(1.02087 1.78958e-18 0)
(1.02119 1.79336e-18 0)
(1.0215 1.79714e-18 0)
(1.02181 1.80092e-18 0)
(1.02213 1.8047e-18 0)
(1.02243 1.80849e-18 0)
(1.02274 1.81228e-18 0)
(1.02305 1.81607e-18 0)
(1.02335 1.81986e-18 0)
(1.02365 1.82366e-18 0)
(1.02395 1.82745e-18 0)
(1.02425 1.83125e-18 0)
(1.02455 1.83505e-18 0)
(1.02485 1.83884e-18 0)
(1.02514 1.84264e-18 0)
(1.02544 1.84644e-18 0)
(1.02573 1.85023e-18 0)
(1.02602 1.85403e-18 0)
(1.02631 1.85783e-18 0)
(1.02659 1.86162e-18 0)
(1.02688 1.86542e-18 0)
(1.02716 1.86921e-18 0)
(1.02745 1.873e-18 0)
(1.02773 1.87679e-18 0)
(1.02801 1.88058e-18 0)
(1.02828 1.88436e-18 0)
(1.02856 1.88814e-18 0)
(1.02884 1.89192e-18 0)
(1.02911 1.89569e-18 0)
(1.02938 1.89947e-18 0)
(1.02965 1.90324e-18 0)
(1.02992 1.907e-18 0)
(1.03019 1.91076e-18 0)
(1.03046 1.91452e-18 0)
(1.03072 1.91827e-18 0)
(1.03099 1.92202e-18 0)
(1.03125 1.92576e-18 0)
(1.03151 1.9295e-18 0)
(1.03177 1.93323e-18 0)
(1.03203 1.93695e-18 0)
(1.03229 1.94067e-18 0)
(1.03254 1.94439e-18 0)
(1.0328 1.9481e-18 0)
(1.03305 1.9518e-18 0)
(1.0333 1.95549e-18 0)
(1.03356 1.95918e-18 0)
(1.0338 1.96287e-18 0)
(1.03405 1.96654e-18 0)
(1.0343 1.97021e-18 0)
(1.03455 1.97387e-18 0)
(1.03479 1.97752e-18 0)
(1.03503 1.98117e-18 0)
(1.03527 1.98481e-18 0)
(1.03551 1.98843e-18 0)
(1.03575 1.99206e-18 0)
(1.03599 1.99567e-18 0)
(1.03623 1.99927e-18 0)
(1.03646 2.00287e-18 0)
(1.0367 2.00646e-18 0)
(1.03693 2.01004e-18 0)
(1.03716 2.0136e-18 0)
(1.03739 2.01717e-18 0)
(1.03762 2.02072e-18 0)
(1.03785 2.02426e-18 0)
(1.03808 2.02779e-18 0)
(1.0383 2.03131e-18 0)
(1.03853 2.03483e-18 0)
(1.03875 2.03833e-18 0)
(1.03898 2.04182e-18 0)
(1.0392 2.04531e-18 0)
(1.03942 2.04878e-18 0)
(1.03964 2.05225e-18 0)
(1.03985 2.0557e-18 0)
(1.04007 2.05914e-18 0)
(1.04029 2.06257e-18 0)
(1.0405 2.066e-18 0)
(1.04071 2.06941e-18 0)
(1.04093 2.07281e-18 0)
(1.04114 2.0762e-18 0)
(1.04135 2.07958e-18 0)
(1.04156 2.08295e-18 0)
(1.04176 2.08631e-18 0)
(1.04197 2.08966e-18 0)
(1.04218 2.09299e-18 0)
(1.04238 2.09632e-18 0)
(1.04258 2.09963e-18 0)
(1.04279 2.10294e-18 0)
(1.04299 2.10623e-18 0)
(1.04319 2.10951e-18 0)
(1.04339 2.11278e-18 0)
(1.04358 2.11604e-18 0)
(1.04378 2.11929e-18 0)
(1.04398 2.12253e-18 0)
(1.04417 2.12575e-18 0)
(1.04437 2.12897e-18 0)
(1.04456 2.13217e-18 0)
(1.04475 2.13537e-18 0)
(1.04494 2.13855e-18 0)
(1.04513 2.14172e-18 0)
(1.04532 2.14487e-18 0)
(1.04551 2.14802e-18 0)
(1.0457 2.15116e-18 0)
(1.04588 2.15428e-18 0)
(1.04607 2.1574e-18 0)
(1.04625 2.1605e-18 0)
(1.04643 2.16359e-18 0)
(1.04662 2.16667e-18 0)
(1.0468 2.16974e-18 0)
(1.04698 2.17279e-18 0)
(1.04716 2.17584e-18 0)
(1.04734 2.17887e-18 0)
(1.04751 2.1819e-18 0)
(1.04769 2.18491e-18 0)
(1.04786 2.18791e-18 0)
(1.04804 2.1909e-18 0)
(1.04821 2.19388e-18 0)
(1.04839 2.19685e-18 0)
(1.04856 2.1998e-18 0)
(1.04873 2.20275e-18 0)
(1.0489 2.20569e-18 0)
(1.04907 2.20861e-18 0)
(1.04924 2.21152e-18 0)
(1.0494 2.21442e-18 0)
(1.04957 2.21732e-18 0)
(1.04973 2.2202e-18 0)
(1.0499 2.22306e-18 0)
(1.05006 2.22592e-18 0)
(1.05022 2.22877e-18 0)
(1.05039 2.23161e-18 0)
(1.05055 2.23444e-18 0)
(1.05071 2.23725e-18 0)
(1.05087 2.24006e-18 0)
(1.05103 2.24285e-18 0)
(1.05118 2.24564e-18 0)
(1.05134 2.24841e-18 0)
(1.0515 2.25117e-18 0)
(1.05165 2.25393e-18 0)
(1.0518 2.25667e-18 0)
(1.05196 2.2594e-18 0)
(1.05211 2.26213e-18 0)
(1.05226 2.26484e-18 0)
(1.05241 2.26754e-18 0)
(1.05256 2.27024e-18 0)
(1.05271 2.27292e-18 0)
(1.05286 2.27559e-18 0)
(1.05301 2.27825e-18 0)
(1.05315 2.28091e-18 0)
(1.0533 2.28355e-18 0)
(1.05345 2.28618e-18 0)
(1.05359 2.28881e-18 0)
(1.05373 2.29142e-18 0)
(1.05388 2.29403e-18 0)
(1.05402 2.29662e-18 0)
(1.05416 2.29921e-18 0)
(1.0543 2.30179e-18 0)
(1.05444 2.30435e-18 0)
(1.05458 2.30691e-18 0)
(1.05472 2.30946e-18 0)
(1.05485 2.312e-18 0)
(1.05499 2.31453e-18 0)
(1.05513 2.31705e-18 0)
(1.05526 2.31957e-18 0)
(1.0554 2.32207e-18 0)
(1.05553 2.32457e-18 0)
(1.05566 2.32705e-18 0)
(1.05579 2.32953e-18 0)
(1.05593 2.332e-18 0)
(1.05606 2.33446e-18 0)
(1.05619 2.33692e-18 0)
(1.05631 2.33936e-18 0)
(1.05644 2.3418e-18 0)
(1.05657 2.34422e-18 0)
(1.0567 2.34664e-18 0)
(1.05682 2.34905e-18 0)
(1.05695 2.35146e-18 0)
(1.05707 2.35385e-18 0)
(1.0572 2.35624e-18 0)
(1.05732 2.35862e-18 0)
(1.05744 2.36099e-18 0)
(1.05757 2.36335e-18 0)
(1.05769 2.36571e-18 0)
(1.05781 2.36806e-18 0)
(1.05793 2.3704e-18 0)
(1.05805 2.37273e-18 0)
(1.05817 2.37506e-18 0)
(1.05828 2.37738e-18 0)
(1.0584 2.37969e-18 0)
(1.05852 2.382e-18 0)
(1.05863 2.38429e-18 0)
(1.05875 2.38658e-18 0)
(1.05886 2.38887e-18 0)
(1.05898 2.39114e-18 0)
(1.05909 2.39341e-18 0)
(1.0592 2.39568e-18 0)
(1.05931 2.39793e-18 0)
(1.05943 2.40018e-18 0)
(1.05954 2.40243e-18 0)
(1.05965 2.40466e-18 0)
(1.05976 2.40689e-18 0)
(1.05986 2.40911e-18 0)
(1.05997 2.41133e-18 0)
(1.06008 2.41354e-18 0)
(1.06019 2.41575e-18 0)
(1.06029 2.41795e-18 0)
(1.0604 2.42014e-18 0)
(1.0605 2.42233e-18 0)
(1.06061 2.42451e-18 0)
(1.06071 2.42668e-18 0)
(1.06081 2.42885e-18 0)
(1.06092 2.43102e-18 0)
(1.06102 2.43317e-18 0)
(1.06112 2.43533e-18 0)
(1.06122 2.43747e-18 0)
(1.06132 2.43961e-18 0)
(1.06142 2.44175e-18 0)
(1.06152 2.44388e-18 0)
(1.06162 2.44601e-18 0)
(1.06172 2.44813e-18 0)
(1.06181 2.45024e-18 0)
(1.06191 2.45235e-18 0)
(1.062 2.45446e-18 0)
(1.0621 2.45656e-18 0)
(1.0622 2.45865e-18 0)
(1.06229 2.46075e-18 0)
(1.06238 2.46283e-18 0)
(1.06248 2.46491e-18 0)
(1.06257 2.46699e-18 0)
(1.06266 2.46906e-18 0)
(1.06275 2.47113e-18 0)
(1.06284 2.4732e-18 0)
(1.06293 2.47525e-18 0)
(1.06302 2.47731e-18 0)
(1.06311 2.47936e-18 0)
(1.0632 2.48141e-18 0)
(1.06329 2.48345e-18 0)
(1.06338 2.48549e-18 0)
(1.06346 2.48752e-18 0)
(1.06355 2.48956e-18 0)
(1.06364 2.49158e-18 0)
(1.06372 2.49361e-18 0)
(1.06381 2.49563e-18 0)
(1.06389 2.49764e-18 0)
(1.06397 2.49966e-18 0)
(1.06406 2.50167e-18 0)
(1.06414 2.50367e-18 0)
(1.06422 2.50567e-18 0)
(1.06431 2.50767e-18 0)
(1.06439 2.50967e-18 0)
(1.06447 2.51166e-18 0)
(1.06455 2.51365e-18 0)
(1.06463 2.51564e-18 0)
(1.06471 2.51762e-18 0)
(1.06479 2.5196e-18 0)
(1.06486 2.52158e-18 0)
(1.06494 2.52356e-18 0)
(1.06502 2.52553e-18 0)
(1.0651 2.5275e-18 0)
(1.06517 2.52947e-18 0)
(1.06525 2.53143e-18 0)
(1.06532 2.53339e-18 0)
(1.0654 2.53535e-18 0)
(1.06547 2.53731e-18 0)
(1.06555 2.53926e-18 0)
(1.06562 2.54122e-18 0)
(1.06569 2.54317e-18 0)
(1.06577 2.54512e-18 0)
(1.06584 2.54706e-18 0)
(1.06591 2.54901e-18 0)
(1.06598 2.55095e-18 0)
(1.06605 2.55289e-18 0)
(1.06612 2.55483e-18 0)
(1.06619 2.55676e-18 0)
(1.06626 2.5587e-18 0)
(1.06633 2.56063e-18 0)
(1.0664 2.56256e-18 0)
(1.06647 2.56449e-18 0)
(1.06653 2.56642e-18 0)
(1.0666 2.56835e-18 0)
(1.06667 2.57027e-18 0)
(1.06673 2.57219e-18 0)
(1.0668 2.57412e-18 0)
(1.06686 2.57604e-18 0)
(1.06693 2.57796e-18 0)
(1.06699 2.57988e-18 0)
(1.06706 2.58179e-18 0)
(1.06712 2.58371e-18 0)
(1.06718 2.58563e-18 0)
(1.06725 2.58754e-18 0)
(1.06731 2.58945e-18 0)
(1.06737 2.59137e-18 0)
(1.06743 2.59328e-18 0)
(1.06749 2.59519e-18 0)
(1.06755 2.5971e-18 0)
(1.06762 2.59901e-18 0)
(1.06768 2.60092e-18 0)
(1.06773 2.60283e-18 0)
(1.06779 2.60473e-18 0)
(1.06785 2.60664e-18 0)
(1.06791 2.60855e-18 0)
(1.06797 2.61045e-18 0)
(1.06803 2.61236e-18 0)
(1.06808 2.61427e-18 0)
(1.06814 2.61617e-18 0)
(1.0682 2.61808e-18 0)
(1.06825 2.61998e-18 0)
(1.06831 2.62189e-18 0)
(1.06836 2.62379e-18 0)
(1.06842 2.6257e-18 0)
(1.06847 2.6276e-18 0)
(1.06853 2.62951e-18 0)
(1.06858 2.63141e-18 0)
(1.06863 2.63331e-18 0)
(1.06869 2.63522e-18 0)
(1.06874 2.63712e-18 0)
(1.06879 2.63903e-18 0)
(1.06884 2.64094e-18 0)
(1.0689 2.64284e-18 0)
(1.06895 2.64475e-18 0)
(1.069 2.64665e-18 0)
(1.06905 2.64856e-18 0)
(1.0691 2.65047e-18 0)
(1.06915 2.65238e-18 0)
(1.0692 2.65429e-18 0)
(1.06925 2.65619e-18 0)
(1.0693 2.6581e-18 0)
(1.06934 2.66001e-18 0)
(1.06939 2.66193e-18 0)
(1.06944 2.66384e-18 0)
(1.06949 2.66575e-18 0)
(1.06953 2.66766e-18 0)
(1.06958 2.66958e-18 0)
(1.06963 2.67149e-18 0)
(1.06967 2.67341e-18 0)
(1.06972 2.67532e-18 0)
(1.06977 2.67724e-18 0)
(1.06981 2.67916e-18 0)
(1.06986 2.68108e-18 0)
(1.0699 2.683e-18 0)
(1.06994 2.68492e-18 0)
(1.06999 2.68684e-18 0)
(1.07003 2.68877e-18 0)
(1.07007 2.69069e-18 0)
(1.07012 2.69262e-18 0)
(1.07016 2.69455e-18 0)
(1.0702 2.69647e-18 0)
(1.07024 2.6984e-18 0)
(1.07029 2.70033e-18 0)
(1.07033 2.70227e-18 0)
(1.07037 2.7042e-18 0)
(1.07041 2.70614e-18 0)
(1.07045 2.70807e-18 0)
(1.07049 2.71001e-18 0)
(1.07053 2.71195e-18 0)
(1.07057 2.71389e-18 0)
(1.07061 2.71583e-18 0)
(1.07065 2.71778e-18 0)
(1.07069 2.71972e-18 0)
(1.07072 2.72167e-18 0)
(1.07076 2.72362e-18 0)
(1.0708 2.72557e-18 0)
(1.07084 2.72752e-18 0)
(1.07088 2.72948e-18 0)
(1.07091 2.73143e-18 0)
(1.07095 2.73339e-18 0)
(1.07099 2.73535e-18 0)
(1.07102 2.73731e-18 0)
(1.07106 2.73927e-18 0)
(1.07109 2.74124e-18 0)
(1.07113 2.74321e-18 0)
(1.07116 2.74518e-18 0)
(1.0712 2.74715e-18 0)
(1.07123 2.74912e-18 0)
(1.07127 2.7511e-18 0)
(1.0713 2.75307e-18 0)
(1.07134 2.75505e-18 0)
(1.07137 2.75703e-18 0)
(1.0714 2.75902e-18 0)
(1.07144 2.76101e-18 0)
(1.07147 2.76299e-18 0)
(1.0715 2.76499e-18 0)
(1.07153 2.76698e-18 0)
(1.07157 2.76898e-18 0)
(1.0716 2.77097e-18 0)
(1.07163 2.77298e-18 0)
(1.07166 2.77498e-18 0)
(1.07169 2.77699e-18 0)
(1.07172 2.779e-18 0)
(1.07175 2.78101e-18 0)
(1.07178 2.78302e-18 0)
(1.07181 2.78504e-18 0)
(1.07184 2.78706e-18 0)
(1.07187 2.78908e-18 0)
(1.0719 2.79111e-18 0)
(1.07193 2.79314e-18 0)
(1.07196 2.79518e-18 0)
(1.07199 2.79721e-18 0)
(1.07202 2.79925e-18 0)
(1.07205 2.8013e-18 0)
(1.07208 2.80334e-18 0)
(1.0721 2.80539e-18 0)
(1.07213 2.80745e-18 0)
(1.07216 2.80951e-18 0)
(1.07219 2.81157e-18 0)
(1.07221 2.81364e-18 0)
(1.07224 2.81571e-18 0)
(1.07227 2.81778e-18 0)
(1.07229 2.81986e-18 0)
(1.07232 2.82194e-18 0)
(1.07235 2.82403e-18 0)
(1.07237 2.82612e-18 0)
(1.0724 2.82822e-18 0)
(1.07242 2.83032e-18 0)
(1.07245 2.83243e-18 0)
(1.07247 2.83454e-18 0)
(1.0725 2.83666e-18 0)
(1.07252 2.83878e-18 0)
(1.07255 2.8409e-18 0)
(1.07257 2.84303e-18 0)
(1.07259 2.84516e-18 0)
(1.07262 2.84729e-18 0)
(1.07264 2.84943e-18 0)
(1.07267 2.85158e-18 0)
(1.07269 2.85373e-18 0)
(1.07271 2.85589e-18 0)
(1.07273 2.85805e-18 0)
(1.07276 2.86021e-18 0)
(1.07278 2.86238e-18 0)
(1.0728 2.86456e-18 0)
(1.07282 2.86674e-18 0)
(1.07285 2.86892e-18 0)
(1.07287 2.87111e-18 0)
(1.07289 2.8733e-18 0)
(1.07291 2.8755e-18 0)
(1.07293 2.87771e-18 0)
(1.07295 2.87992e-18 0)
(1.07297 2.88213e-18 0)
(1.07299 2.88435e-18 0)
(1.07302 2.88658e-18 0)
(1.07304 2.88881e-18 0)
(1.07306 2.89105e-18 0)
(1.07308 2.89329e-18 0)
(1.0731 2.89554e-18 0)
(1.07312 2.8978e-18 0)
(1.07314 2.90007e-18 0)
(1.07315 2.90234e-18 0)
(1.07317 2.90462e-18 0)
(1.07319 2.90691e-18 0)
(1.07321 2.9092e-18 0)
(1.07323 2.9115e-18 0)
(1.07325 2.91382e-18 0)
(1.07327 2.91614e-18 0)
(1.07329 2.91846e-18 0)
(1.0733 2.9208e-18 0)
(1.07332 2.92315e-18 0)
(1.07334 2.92551e-18 0)
(1.07336 2.92788e-18 0)
(1.07337 2.93025e-18 0)
(1.07339 2.93264e-18 0)
(1.07341 2.93504e-18 0)
(1.07343 2.93745e-18 0)
(1.07344 2.93987e-18 0)
(1.07346 2.94231e-18 0)
(1.07348 2.94475e-18 0)
(1.07349 2.94721e-18 0)
(1.07351 2.94968e-18 0)
(1.07353 2.95217e-18 0)
(1.07354 2.95467e-18 0)
(1.07356 2.95718e-18 0)
(1.07357 2.9597e-18 0)
(1.07359 2.96224e-18 0)
(1.0736 2.96479e-18 0)
(1.07362 2.96735e-18 0)
(1.07363 2.96993e-18 0)
(1.07365 2.97252e-18 0)
(1.07366 2.97512e-18 0)
(1.07368 2.97775e-18 0)
(1.07369 2.98038e-18 0)
(1.07371 2.98303e-18 0)
(1.07372 2.9857e-18 0)
(1.07374 2.98839e-18 0)
(1.07375 2.99109e-18 0)
(1.07377 2.99381e-18 0)
(1.07378 2.99655e-18 0)
(1.07379 2.9993e-18 0)
(1.07381 3.00208e-18 0)
(1.07382 3.00488e-18 0)
(1.07383 3.0077e-18 0)
(1.07385 3.01054e-18 0)
(1.07386 3.01339e-18 0)
(1.07387 3.01627e-18 0)
(1.07389 3.01917e-18 0)
(1.0739 3.0221e-18 0)
(1.07391 3.02505e-18 0)
(1.07392 3.02802e-18 0)
(1.07394 3.03101e-18 0)
(1.07395 3.03403e-18 0)
(1.07396 3.03707e-18 0)
(1.07397 3.04014e-18 0)
(1.07399 3.04323e-18 0)
(1.074 3.04635e-18 0)
(1.07401 3.0495e-18 0)
(1.07402 3.05267e-18 0)
(1.07403 3.05587e-18 0)
(1.07404 3.0591e-18 0)
(1.07406 3.06236e-18 0)
(1.07407 3.06565e-18 0)
(1.07408 3.06897e-18 0)
(1.07409 3.07232e-18 0)
(1.0741 3.0757e-18 0)
(1.07411 3.07911e-18 0)
(1.07412 3.08256e-18 0)
(1.07413 3.08603e-18 0)
(1.07414 3.08955e-18 0)
(1.07415 3.09309e-18 0)
(1.07416 3.09667e-18 0)
(1.07417 3.10029e-18 0)
(1.07418 3.10395e-18 0)
(1.07419 3.10764e-18 0)
(1.0742 3.11137e-18 0)
(1.07421 3.11514e-18 0)
(1.07422 3.11894e-18 0)
(1.07423 3.12279e-18 0)
(1.07424 3.12668e-18 0)
(1.07425 3.13061e-18 0)
(1.07426 3.13458e-18 0)
(1.07427 3.13859e-18 0)
(1.07428 3.14265e-18 0)
(1.07429 3.14675e-18 0)
(1.0743 3.1509e-18 0)
(1.07431 3.15509e-18 0)
(1.07431 3.15932e-18 0)
(1.07432 3.16361e-18 0)
(1.07433 3.16794e-18 0)
(1.07434 3.17232e-18 0)
(1.07435 3.17675e-18 0)
(1.07436 3.18123e-18 0)
(1.07436 3.18576e-18 0)
(1.07437 3.19034e-18 0)
(1.07438 3.19497e-18 0)
(1.07439 3.19966e-18 0)
(1.0744 3.20439e-18 0)
(1.0744 3.20919e-18 0)
(1.07441 3.21403e-18 0)
(1.07442 3.21893e-18 0)
(1.07443 3.22389e-18 0)
(1.07443 3.22891e-18 0)
(1.07444 3.23398e-18 0)
(1.07445 3.23911e-18 0)
(1.07446 3.24429e-18 0)
(1.07446 3.24954e-18 0)
(1.07447 3.25485e-18 0)
(1.07448 3.26021e-18 0)
(1.07448 3.26564e-18 0)
(1.07449 3.27113e-18 0)
(1.0745 3.27668e-18 0)
(1.07451 3.2823e-18 0)
(1.07451 3.28797e-18 0)
(1.07452 3.29371e-18 0)
(1.07452 3.29952e-18 0)
(1.07453 3.30539e-18 0)
(1.07454 3.31132e-18 0)
(1.07454 3.31732e-18 0)
(1.07455 3.32338e-18 0)
(1.07456 3.32952e-18 0)
(1.07456 3.33571e-18 0)
(1.07457 3.34198e-18 0)
(1.07457 3.34831e-18 0)
(1.07458 3.35471e-18 0)
(1.07458 3.36118e-18 0)
(1.07459 3.36772e-18 0)
(1.0746 3.37432e-18 0)
(1.0746 3.381e-18 0)
(1.07461 3.38774e-18 0)
(1.07461 3.39456e-18 0)
(1.07462 3.40144e-18 0)
(1.07462 3.40839e-18 0)
(1.07463 3.41541e-18 0)
(1.07463 3.42251e-18 0)
(1.07464 3.42967e-18 0)
(1.07464 3.4369e-18 0)
(1.07465 3.44421e-18 0)
(1.07465 3.45159e-18 0)
(1.07466 3.45903e-18 0)
(1.07466 3.46655e-18 0)
(1.07467 3.47414e-18 0)
(1.07467 3.48181e-18 0)
(1.07468 3.48954e-18 0)
(1.07468 3.49735e-18 0)
(1.07468 3.50522e-18 0)
(1.07469 3.51317e-18 0)
(1.07469 3.5212e-18 0)
(1.0747 3.52929e-18 0)
(1.0747 3.53746e-18 0)
(1.0747 3.54571e-18 0)
(1.07471 3.55402e-18 0)
(1.07471 3.56242e-18 0)
(1.07472 3.57089e-18 0)
(1.07472 3.57943e-18 0)
(1.07472 3.58805e-18 0)
(1.07473 3.59675e-18 0)
(1.07473 3.60553e-18 0)
(1.07473 3.61439e-18 0)
(1.07474 3.62333e-18 0)
(1.07474 3.63236e-18 0)
(1.07474 3.64147e-18 0)
(1.07475 3.65067e-18 0)
(1.07475 3.65995e-18 0)
(1.07475 3.66933e-18 0)
(1.07476 3.67881e-18 0)
(1.07476 3.68838e-18 0)
(1.07476 3.69806e-18 0)
(1.07477 3.70784e-18 0)
(1.07477 3.71773e-18 0)
(1.07477 3.72773e-18 0)
(1.07477 3.73786e-18 0)
(1.07478 3.74812e-18 0)
(1.07478 3.75851e-18 0)
(1.07478 3.76903e-18 0)
(1.07478 3.77971e-18 0)
(1.07479 3.79055e-18 0)
(1.07479 3.80155e-18 0)
(1.07479 3.81274e-18 0)
(1.07479 3.82411e-18 0)
(1.0748 3.83568e-18 0)
(1.0748 3.84747e-18 0)
(1.0748 3.85949e-18 0)
(1.0748 3.87176e-18 0)
(1.0748 3.88429e-18 0)
(1.07481 3.8971e-18 0)
(1.07481 3.9102e-18 0)
(1.07481 3.92363e-18 0)
(1.07481 3.9374e-18 0)
(1.07481 3.95153e-18 0)
(1.07482 3.96605e-18 0)
(1.07482 3.98097e-18 0)
(1.07482 3.99633e-18 0)
(1.07482 4.01214e-18 0)
(1.07482 4.02844e-18 0)
(1.07482 4.04523e-18 0)
(1.07482 4.06255e-18 0)
(1.07483 4.08042e-18 0)
(1.07483 4.09883e-18 0)
(1.07483 4.11782e-18 0)
(1.07483 4.13737e-18 0)
(1.07483 4.15748e-18 0)
(1.07483 4.17815e-18 0)
(1.07483 4.19933e-18 0)
(1.07483 4.22098e-18 0)
(1.07483 4.24304e-18 0)
(1.07483 4.26541e-18 0)
(1.07484 4.28798e-18 0)
(1.07484 4.31058e-18 0)
(1.07484 4.33303e-18 0)
(1.07484 4.35507e-18 0)
(1.07484 4.37641e-18 0)
(1.07484 4.39669e-18 0)
(1.07484 4.41547e-18 0)
(1.07484 4.43224e-18 0)
(1.07484 4.4464e-18 0)
(1.07484 4.45722e-18 0)
(1.07484 4.4643e-18 0)
(1.07484 4.46097e-18 0)
(1.07484 4.44001e-18 0)
(1.07484 4.40579e-18 0)
(1.07484 4.36851e-18 0)
(1.07484 4.32746e-18 0)
(1.07484 4.25836e-18 0)
(1.07484 4.141e-18 0)
(1.07484 4.0266e-18 0)
(1.07484 3.96911e-18 0)
(1.07484 3.91789e-18 0)
(1.07484 3.87729e-18 0)
(1.07484 3.84545e-18 0)
(1.07484 3.82149e-18 0)
(1.07484 3.79985e-18 0)
(1.07484 3.70756e-18 0)
(1.07484 3.61981e-18 0)
(1.07484 3.61216e-18 0)
(1.07483 3.6081e-18 0)
(1.07483 3.60649e-18 0)
(1.07483 3.60186e-18 0)
(1.07483 3.59143e-18 0)
(1.07483 3.61846e-18 0)
(1.07483 3.62383e-18 0)
(1.07483 3.62643e-18 0)
(1.07483 3.63466e-18 0)
(1.07483 3.64182e-18 0)
(1.07483 3.64021e-18 0)
(1.07482 3.63969e-18 0)
(1.07482 3.65345e-18 0)
(1.07482 3.6266e-18 0)
(1.07482 3.68051e-18 0)
(1.07482 3.74635e-18 0)
(1.07482 3.74501e-18 0)
(1.07482 3.75041e-18 0)
(1.07481 3.63275e-18 0)
(1.07481 3.51574e-18 0)
(1.07481 3.51594e-18 0)
(1.07481 3.50523e-18 0)
(1.07481 3.49812e-18 0)
(1.0748 3.48297e-18 0)
(1.0748 3.45137e-18 0)
(1.0748 3.45923e-18 0)
(1.0748 3.61077e-18 0)
(1.0748 3.76627e-18 0)
(1.07479 3.7728e-18 0)
(1.07479 3.7359e-18 0)
(1.07479 3.75521e-18 0)
(1.07479 3.78985e-18 0)
(1.07478 3.79439e-18 0)
(1.07478 3.8543e-18 0)
(1.07478 3.83334e-18 0)
(1.07478 3.82945e-18 0)
(1.07477 3.87463e-18 0)
(1.07477 3.81639e-18 0)
(1.07477 3.81398e-18 0)
(1.07477 3.87474e-18 0)
(1.07476 3.9332e-18 0)
(1.07476 3.91608e-18 0)
(1.07476 3.77203e-18 0)
(1.07475 3.61943e-18 0)
(1.07475 3.58531e-18 0)
(1.07475 3.67343e-18 0)
(1.07474 3.69834e-18 0)
(1.07474 3.72067e-18 0)
(1.07474 3.74209e-18 0)
(1.07473 3.75472e-18 0)
(1.07473 3.74045e-18 0)
(1.07473 3.71072e-18 0)
(1.07472 3.74957e-18 0)
(1.07472 3.73789e-18 0)
(1.07472 3.7477e-18 0)
(1.07471 3.76803e-18 0)
(1.07471 3.77976e-18 0)
(1.0747 3.78804e-18 0)
(1.0747 3.71409e-18 0)
(1.0747 3.63316e-18 0)
(1.07469 3.62847e-18 0)
(1.07469 3.67612e-18 0)
(1.07468 3.79165e-18 0)
(1.07468 3.8957e-18 0)
(1.07468 3.9218e-18 0)
(1.07467 3.90533e-18 0)
(1.07467 3.85976e-18 0)
(1.07466 3.82336e-18 0)
(1.07466 3.82697e-18 0)
(1.07465 3.82879e-18 0)
(1.07465 3.74386e-18 0)
(1.07464 3.63808e-18 0)
(1.07464 3.57873e-18 0)
(1.07463 3.60601e-18 0)
(1.07463 3.60454e-18 0)
(1.07462 3.59966e-18 0)
(1.07462 3.61625e-18 0)
(1.07461 3.53213e-18 0)
(1.07461 3.3592e-18 0)
(1.0746 3.18455e-18 0)
(1.0746 3.10163e-18 0)
(1.07459 3.12315e-18 0)
(1.07458 3.17522e-18 0)
(1.07458 3.22596e-18 0)
(1.07457 3.24676e-18 0)
(1.07457 3.27746e-18 0)
(1.07456 3.42705e-18 0)
(1.07456 3.51433e-18 0)
(1.07455 3.493e-18 0)
(1.07454 3.47994e-18 0)
(1.07454 3.4872e-18 0)
(1.07453 3.50213e-18 0)
(1.07452 3.50872e-18 0)
(1.07452 3.47685e-18 0)
(1.07451 3.31831e-18 0)
(1.07451 3.17849e-18 0)
(1.0745 3.19453e-18 0)
(1.07449 3.21551e-18 0)
(1.07448 3.26453e-18 0)
(1.07448 3.30506e-18 0)
(1.07447 3.30216e-18 0)
(1.07446 3.33151e-18 0)
(1.07446 3.36021e-18 0)
(1.07445 3.37411e-18 0)
(1.07444 3.35789e-18 0)
(1.07444 3.27822e-18 0)
(1.07443 3.09362e-18 0)
(1.07442 2.91872e-18 0)
(1.07441 2.85242e-18 0)
(1.0744 2.79897e-18 0)
(1.0744 2.84405e-18 0)
(1.07439 2.89718e-18 0)
(1.07438 2.88035e-18 0)
(1.07437 2.8984e-18 0)
(1.07436 2.89323e-18 0)
(1.07436 2.7228e-18 0)
(1.07435 2.56065e-18 0)
(1.07434 2.57609e-18 0)
(1.07433 2.60744e-18 0)
(1.07432 2.62936e-18 0)
(1.07431 2.65762e-18 0)
(1.07431 2.70817e-18 0)
(1.0743 2.76031e-18 0)
(1.07429 2.74154e-18 0)
(1.07428 2.72956e-18 0)
(1.07427 2.742e-18 0)
(1.07426 2.69677e-18 0)
(1.07425 2.62934e-18 0)
(1.07424 2.60932e-18 0)
(1.07423 2.64502e-18 0)
(1.07422 2.65734e-18 0)
(1.07421 2.69432e-18 0)
(1.0742 2.73147e-18 0)
(1.07419 2.73823e-18 0)
(1.07418 2.7974e-18 0)
(1.07417 2.81439e-18 0)
(1.07416 2.82664e-18 0)
(1.07415 2.88128e-18 0)
(1.07414 2.89763e-18 0)
(1.07413 2.91004e-18 0)
(1.07412 2.89719e-18 0)
(1.07411 2.85176e-18 0)
(1.0741 2.83122e-18 0)
(1.07409 2.86185e-18 0)
(1.07408 2.88143e-18 0)
(1.07407 2.83747e-18 0)
(1.07406 2.80859e-18 0)
(1.07404 2.80348e-18 0)
(1.07403 2.80886e-18 0)
(1.07402 2.82032e-18 0)
(1.07401 2.85262e-18 0)
(1.074 2.96622e-18 0)
(1.07399 3.1078e-18 0)
(1.07397 3.15077e-18 0)
(1.07396 3.09699e-18 0)
(1.07395 3.14106e-18 0)
(1.07394 3.20427e-18 0)
(1.07392 3.20663e-18 0)
(1.07391 3.21823e-18 0)
(1.0739 3.23595e-18 0)
(1.07389 3.2505e-18 0)
(1.07387 3.2553e-18 0)
(1.07386 3.28785e-18 0)
(1.07385 3.30555e-18 0)
(1.07383 3.30532e-18 0)
(1.07382 3.28975e-18 0)
(1.07381 3.26894e-18 0)
(1.07379 3.23331e-18 0)
(1.07378 3.24177e-18 0)
(1.07377 3.28934e-18 0)
(1.07375 3.2875e-18 0)
(1.07374 3.30843e-18 0)
(1.07372 3.32278e-18 0)
(1.07371 3.30692e-18 0)
(1.07369 3.33316e-18 0)
(1.07368 3.47817e-18 0)
(1.07366 3.62676e-18 0)
(1.07365 3.66588e-18 0)
(1.07363 3.65525e-18 0)
(1.07362 3.53581e-18 0)
(1.0736 3.42406e-18 0)
(1.07359 3.44083e-18 0)
(1.07357 3.48757e-18 0)
(1.07356 3.35145e-18 0)
(1.07354 3.1641e-18 0)
(1.07353 3.11424e-18 0)
(1.07351 3.05677e-18 0)
(1.07349 3.05264e-18 0)
(1.07348 3.05895e-18 0)
(1.07346 3.02885e-18 0)
(1.07344 3.00649e-18 0)
(1.07343 2.96788e-18 0)
(1.07341 2.91938e-18 0)
(1.07339 2.86738e-18 0)
(1.07337 2.80458e-18 0)
(1.07336 2.82381e-18 0)
(1.07334 2.84263e-18 0)
(1.07332 2.78437e-18 0)
(1.0733 2.74511e-18 0)
(1.07329 2.57655e-18 0)
(1.07327 2.39399e-18 0)
(1.07325 2.32716e-18 0)
(1.07323 2.3593e-18 0)
(1.07321 2.37267e-18 0)
(1.07319 2.36827e-18 0)
(1.07317 2.42577e-18 0)
(1.07315 2.44576e-18 0)
(1.07314 2.41601e-18 0)
(1.07312 2.39693e-18 0)
(1.0731 2.43884e-18 0)
(1.07308 2.47612e-18 0)
(1.07306 2.5163e-18 0)
(1.07304 2.55673e-18 0)
(1.07302 2.59812e-18 0)
(1.07299 2.61856e-18 0)
(1.07297 2.64731e-18 0)
(1.07295 2.67133e-18 0)
(1.07293 2.67861e-18 0)
(1.07291 2.69214e-18 0)
(1.07289 2.55483e-18 0)
(1.07287 2.41354e-18 0)
(1.07285 2.40526e-18 0)
(1.07282 2.38685e-18 0)
(1.0728 2.22247e-18 0)
(1.07278 2.05429e-18 0)
(1.07276 2.02016e-18 0)
(1.07273 2.0259e-18 0)
(1.07271 1.99766e-18 0)
(1.07269 1.96182e-18 0)
(1.07267 1.94792e-18 0)
(1.07264 1.93069e-18 0)
(1.07262 2.04083e-18 0)
(1.07259 2.16704e-18 0)
(1.07257 2.18893e-18 0)
(1.07255 2.18629e-18 0)
(1.07252 2.15265e-18 0)
(1.0725 2.12967e-18 0)
(1.07247 2.16113e-18 0)
(1.07245 2.21552e-18 0)
(1.07242 2.24826e-18 0)
(1.0724 2.15722e-18 0)
(1.07237 2.07072e-18 0)
(1.07235 2.10637e-18 0)
(1.07232 2.1284e-18 0)
(1.07229 1.98403e-18 0)
(1.07227 1.83274e-18 0)
(1.07224 1.82732e-18 0)
(1.07221 1.80515e-18 0)
(1.07219 1.78165e-18 0)
(1.07216 1.74347e-18 0)
(1.07213 1.67909e-18 0)
(1.0721 1.65878e-18 0)
(1.07208 1.6358e-18 0)
(1.07205 1.63403e-18 0)
(1.07202 1.67198e-18 0)
(1.07199 1.69132e-18 0)
(1.07196 1.72777e-18 0)
(1.07193 1.77913e-18 0)
(1.0719 1.83832e-18 0)
(1.07187 1.81523e-18 0)
(1.07184 1.79326e-18 0)
(1.07181 1.77376e-18 0)
(1.07178 1.68793e-18 0)
(1.07175 1.72437e-18 0)
(1.07172 1.88321e-18 0)
(1.07169 2.04734e-18 0)
(1.07166 2.09948e-18 0)
(1.07163 2.0465e-18 0)
(1.0716 2.04234e-18 0)
(1.07157 2.03367e-18 0)
(1.07153 1.96684e-18 0)
(1.0715 1.99914e-18 0)
(1.07147 2.1335e-18 0)
(1.07144 2.25423e-18 0)
(1.0714 2.32217e-18 0)
(1.07137 2.395e-18 0)
(1.07134 2.43481e-18 0)
(1.0713 2.4717e-18 0)
(1.07127 2.53201e-18 0)
(1.07123 2.5345e-18 0)
(1.0712 2.44641e-18 0)
(1.07116 2.34082e-18 0)
(1.07113 2.29701e-18 0)
(1.07109 2.29095e-18 0)
(1.07106 2.4273e-18 0)
(1.07102 2.56007e-18 0)
(1.07099 2.5407e-18 0)
(1.07095 2.4677e-18 0)
(1.07091 2.35401e-18 0)
(1.07088 2.24118e-18 0)
(1.07084 2.22931e-18 0)
(1.0708 2.21348e-18 0)
(1.07076 2.20715e-18 0)
(1.07072 2.20248e-18 0)
(1.07069 2.13054e-18 0)
(1.07065 2.08287e-18 0)
(1.07061 2.0108e-18 0)
(1.07057 1.95505e-18 0)
(1.07053 1.95759e-18 0)
(1.07049 1.95821e-18 0)
(1.07045 1.85824e-18 0)
(1.07041 1.74838e-18 0)
(1.07037 1.71552e-18 0)
(1.07033 1.71172e-18 0)
(1.07029 1.70756e-18 0)
(1.07024 1.69416e-18 0)
(1.0702 1.66875e-18 0)
(1.07016 1.60984e-18 0)
(1.07012 1.56285e-18 0)
(1.07007 1.52376e-18 0)
(1.07003 1.48962e-18 0)
(1.06999 1.49215e-18 0)
(1.06994 1.53567e-18 0)
(1.0699 1.59432e-18 0)
(1.06986 1.6238e-18 0)
(1.06981 1.60682e-18 0)
(1.06977 1.57895e-18 0)
(1.06972 1.54686e-18 0)
(1.06967 1.51293e-18 0)
(1.06963 1.47842e-18 0)
(1.06958 1.44279e-18 0)
(1.06953 1.42621e-18 0)
(1.06949 1.5263e-18 0)
(1.06944 1.68062e-18 0)
(1.06939 1.62213e-18 0)
(1.06934 1.47472e-18 0)
(1.0693 1.42508e-18 0)
(1.06925 1.41685e-18 0)
(1.0692 1.41658e-18 0)
(1.06915 1.42121e-18 0)
(1.0691 1.42783e-18 0)
(1.06905 1.40453e-18 0)
(1.069 1.30756e-18 0)
(1.06895 1.2004e-18 0)
(1.0689 1.14749e-18 0)
(1.06884 1.08982e-18 0)
(1.06879 9.82763e-19 0)
(1.06874 8.84304e-19 0)
(1.06869 8.17883e-19 0)
(1.06863 8.01497e-19 0)
(1.06858 8.19638e-19 0)
(1.06853 8.3938e-19 0)
(1.06847 8.5061e-19 0)
(1.06842 8.37128e-19 0)
(1.06836 8.31054e-19 0)
(1.06831 8.3258e-19 0)
(1.06825 8.36505e-19 0)
(1.0682 8.5689e-19 0)
(1.06814 9.39015e-19 0)
(1.06808 1.01237e-18 0)
(1.06803 1.01352e-18 0)
(1.06797 9.88951e-19 0)
(1.06791 9.11974e-19 0)
(1.06785 8.31883e-19 0)
(1.06779 8.13936e-19 0)
(1.06773 8.06069e-19 0)
(1.06768 6.86759e-19 0)
(1.06762 5.82809e-19 0)
(1.06756 6.18863e-19 0)
(1.06749 6.81137e-19 0)
(1.06743 7.44341e-19 0)
(1.06737 8.04275e-19 0)
(1.06731 8.61726e-19 0)
(1.06725 9.17646e-19 0)
(1.06718 9.43582e-19 0)
(1.06712 9.48046e-19 0)
(1.06706 9.43704e-19 0)
(1.06699 9.43696e-19 0)
(1.06693 9.33025e-19 0)
(1.06686 8.29813e-19 0)
(1.0668 7.15823e-19 0)
(1.06673 6.73383e-19 0)
(1.06667 6.53212e-19 0)
(1.0666 6.30456e-19 0)
(1.06653 6.02531e-19 0)
(1.06647 5.70561e-19 0)
(1.0664 5.58155e-19 0)
(1.06633 6.61574e-19 0)
(1.06626 7.74269e-19 0)
(1.06619 7.82438e-19 0)
(1.06612 7.6097e-19 0)
(1.06605 7.64163e-19 0)
(1.06598 7.76841e-19 0)
(1.06591 7.81118e-19 0)
(1.06584 7.77584e-19 0)
(1.06577 6.52182e-19 0)
(1.06569 5.24226e-19 0)
(1.06562 5.11437e-19 0)
(1.06555 5.12459e-19 0)
(1.06547 5.01776e-19 0)
(1.0654 4.87132e-19 0)
(1.06532 4.75666e-19 0)
(1.06525 4.44153e-19 0)
(1.06517 2.75192e-19 0)
(1.0651 1.20846e-19 0)
(1.06502 1.22965e-19 0)
(1.06494 1.23614e-19 0)
(1.06486 5.41384e-20 0)
(1.06479 -2.07707e-20 0)
(1.06471 -2.72193e-20 0)
(1.06463 2.1695e-20 0)
(1.06455 2.04413e-19 0)
(1.06447 3.83295e-19 0)
(1.06439 4.25413e-19 0)
(1.06431 4.39453e-19 0)
(1.06422 4.48517e-19 0)
(1.06414 4.59421e-19 0)
(1.06406 4.76471e-19 0)
(1.06397 4.77094e-19 0)
(1.06389 3.64379e-19 0)
(1.06381 2.50995e-19 0)
(1.06372 2.48208e-19 0)
(1.06364 2.52095e-19 0)
(1.06355 1.70777e-19 0)
(1.06346 7.27559e-20 0)
(1.06338 4.06946e-20 0)
(1.06329 5.25988e-20 0)
(1.0632 1.52253e-19 0)
(1.06311 2.4432e-19 0)
(1.06302 2.40734e-19 0)
(1.06293 1.98426e-19 0)
(1.06284 1.51548e-19 0)
(1.06275 1.10512e-19 0)
(1.06266 8.3241e-20 0)
(1.06257 4.49173e-20 0)
(1.06248 1.18135e-20 0)
(1.06238 6.01626e-21 0)
(1.06229 1.36559e-19 0)
(1.0622 2.73363e-19 0)
(1.0621 1.5092e-19 0)
(1.06201 2.47779e-20 0)
(1.06191 9.49964e-20 0)
(1.06181 1.69019e-19 0)
(1.06172 5.05824e-20 0)
(1.06162 -8.34086e-20 0)
(1.06152 -8.27304e-20 0)
(1.06142 -6.72907e-20 0)
(1.06132 -6.47602e-20 0)
(1.06122 -5.36238e-20 0)
(1.06112 -5.45836e-20 0)
(1.06102 -3.65946e-20 0)
(1.06092 -1.34419e-20 0)
(1.06081 -1.46129e-20 0)
(1.06071 -2.27083e-20 0)
(1.06061 -7.57851e-20 0)
(1.0605 -1.27405e-19 0)
(1.0604 -1.66058e-19 0)
(1.06029 -1.79697e-19 0)
(1.06019 -1.32866e-19 0)
(1.06008 -7.05078e-20 0)
(1.05997 -6.79102e-21 0)
(1.05986 4.65566e-20 0)
(1.05976 7.78754e-20 0)
(1.05965 1.06846e-19 0)
(1.05954 1.34516e-19 0)
(1.05943 1.70399e-19 0)
(1.05932 1.71019e-19 0)
(1.0592 2.98374e-19 0)
(1.05909 4.2798e-19 0)
(1.05898 3.81021e-19 0)
(1.05886 2.96726e-19 0)
(1.05875 1.4769e-19 0)
(1.05863 4.78604e-21 0)
(1.05852 -3.49412e-20 0)
(1.0584 -7.52566e-20 0)
(1.05828 -8.44504e-20 0)
(1.05817 -1.01429e-19 0)
(1.05805 -1.8989e-19 0)
(1.05793 -2.41534e-19 0)
(1.05781 -2.86116e-19 0)
(1.05769 -3.30443e-19 0)
(1.05757 -3.74945e-19 0)
(1.05744 -4.43175e-19 0)
(1.05732 -4.78654e-19 0)
(1.0572 -5.15132e-19 0)
(1.05707 -5.24159e-19 0)
(1.05695 -5.47791e-19 0)
(1.05682 -5.73055e-19 0)
(1.0567 -5.46893e-19 0)
(1.05657 -5.50469e-19 0)
(1.05644 -5.66415e-19 0)
(1.05631 -6.93179e-19 0)
(1.05619 -8.34101e-19 0)
(1.05606 -8.8277e-19 0)
(1.05593 -9.08728e-19 0)
(1.05579 -9.32408e-19 0)
(1.05566 -9.50479e-19 0)
(1.05553 -9.60894e-19 0)
(1.0554 -9.63565e-19 0)
(1.05526 -9.90199e-19 0)
(1.05513 -1.03546e-18 0)
(1.05499 -1.05741e-18 0)
(1.05485 -1.00713e-18 0)
(1.05472 -9.70257e-19 0)
(1.05458 -1.01786e-18 0)
(1.05444 -1.02706e-18 0)
(1.0543 -1.03227e-18 0)
(1.05416 -1.02196e-18 0)
(1.05402 -1.01883e-18 0)
(1.05388 -1.02244e-18 0)
(1.05373 -9.62669e-19 0)
(1.05359 -9.47919e-19 0)
(1.05345 -9.93537e-19 0)
(1.0533 -1.01937e-18 0)
(1.05315 -1.02314e-18 0)
(1.05301 -1.05693e-18 0)
(1.05286 -1.07728e-18 0)
(1.05271 -1.10392e-18 0)
(1.05256 -1.14661e-18 0)
(1.05241 -1.15443e-18 0)
(1.05226 -1.17257e-18 0)
(1.05211 -1.19813e-18 0)
(1.05196 -1.23024e-18 0)
(1.0518 -1.28347e-18 0)
(1.05165 -1.32702e-18 0)
(1.0515 -1.36774e-18 0)
(1.05134 -1.42113e-18 0)
(1.05118 -1.40347e-18 0)
(1.05103 -1.34097e-18 0)
(1.05087 -1.27151e-18 0)
(1.05071 -1.23794e-18 0)
(1.05055 -1.29188e-18 0)
(1.05039 -1.32778e-18 0)
(1.05022 -1.34984e-18 0)
(1.05006 -1.36498e-18 0)
(1.0499 -1.38392e-18 0)
(1.04973 -1.46167e-18 0)
(1.04957 -1.55089e-18 0)
(1.0494 -1.60406e-18 0)
(1.04924 -1.6533e-18 0)
(1.04907 -1.65264e-18 0)
(1.0489 -1.64375e-18 0)
(1.04873 -1.50416e-18 0)
(1.04856 -1.31509e-18 0)
(1.04839 -1.39276e-18 0)
(1.04821 -1.48145e-18 0)
(1.04804 -1.4912e-18 0)
(1.04786 -1.49797e-18 0)
(1.04769 -1.56347e-18 0)
(1.04751 -1.60468e-18 0)
(1.04734 -1.60622e-18 0)
(1.04716 -1.57827e-18 0)
(1.04698 -1.48242e-18 0)
(1.0468 -1.4822e-18 0)
(1.04662 -1.47493e-18 0)
(1.04643 -1.4769e-18 0)
(1.04625 -1.53273e-18 0)
(1.04607 -1.58457e-18 0)
(1.04588 -1.64181e-18 0)
(1.0457 -1.61855e-18 0)
(1.04551 -1.54244e-18 0)
(1.04532 -1.46641e-18 0)
(1.04513 -1.38684e-18 0)
(1.04494 -1.36403e-18 0)
(1.04475 -1.33764e-18 0)
(1.04456 -1.30802e-18 0)
(1.04437 -1.27923e-18 0)
(1.04417 -1.29617e-18 0)
(1.04398 -1.31097e-18 0)
(1.04378 -1.31827e-18 0)
(1.04358 -1.37533e-18 0)
(1.04339 -1.4072e-18 0)
(1.04319 -1.43347e-18 0)
(1.04299 -1.45581e-18 0)
(1.04279 -1.46852e-18 0)
(1.04258 -1.49054e-18 0)
(1.04238 -1.63824e-18 0)
(1.04218 -1.7803e-18 0)
(1.04197 -1.78248e-18 0)
(1.04176 -1.7829e-18 0)
(1.04156 -1.75178e-18 0)
(1.04135 -1.70384e-18 0)
(1.04114 -1.68555e-18 0)
(1.04093 -1.65721e-18 0)
(1.04071 -1.77012e-18 0)
(1.0405 -1.89614e-18 0)
(1.04029 -1.85896e-18 0)
(1.04007 -1.78988e-18 0)
(1.03985 -1.72542e-18 0)
(1.03964 -1.67052e-18 0)
(1.03942 -1.61985e-18 0)
(1.0392 -1.5465e-18 0)
(1.03898 -1.55088e-18 0)
(1.03875 -1.55655e-18 0)
(1.03853 -1.49235e-18 0)
(1.0383 -1.48308e-18 0)
(1.03808 -1.47288e-18 0)
(1.03785 -1.45817e-18 0)
(1.03762 -1.44631e-18 0)
(1.03739 -1.39688e-18 0)
(1.03716 -1.22947e-18 0)
(1.03693 -1.0748e-18 0)
(1.0367 -1.05368e-18 0)
(1.03646 -1.0535e-18 0)
(1.03623 -1.05783e-18 0)
(1.03599 -1.07675e-18 0)
(1.03575 -1.11701e-18 0)
(1.03551 -1.14686e-18 0)
(1.03527 -1.09797e-18 0)
(1.03503 -1.04911e-18 0)
(1.03479 -1.08425e-18 0)
(1.03455 -1.09248e-18 0)
(1.0343 -1.08839e-18 0)
(1.03405 -1.14545e-18 0)
(1.0338 -1.20402e-18 0)
(1.03356 -1.2639e-18 0)
(1.0333 -1.26355e-18 0)
(1.03305 -1.26617e-18 0)
(1.0328 -1.33219e-18 0)
(1.03254 -1.28878e-18 0)
(1.03229 -1.25219e-18 0)
(1.03203 -1.21594e-18 0)
(1.03177 -1.17538e-18 0)
(1.03151 -1.22438e-18 0)
(1.03125 -1.27435e-18 0)
(1.03099 -1.30219e-18 0)
(1.03072 -1.31485e-18 0)
(1.03046 -1.31748e-18 0)
(1.03019 -1.30964e-18 0)
(1.02992 -1.4416e-18 0)
(1.02965 -1.56718e-18 0)
(1.02938 -1.53474e-18 0)
(1.02911 -1.47832e-18 0)
(1.02884 -1.42304e-18 0)
(1.02856 -1.37316e-18 0)
(1.02828 -1.32125e-18 0)
(1.02801 -1.35723e-18 0)
(1.02773 -1.38142e-18 0)
(1.02745 -1.31883e-18 0)
(1.02716 -1.28443e-18 0)
(1.02688 -1.24969e-18 0)
(1.02659 -1.19177e-18 0)
(1.02631 -1.15953e-18 0)
(1.02602 -1.14342e-18 0)
(1.02573 -1.12947e-18 0)
(1.02544 -1.17684e-18 0)
(1.02514 -1.22915e-18 0)
(1.02485 -1.22464e-18 0)
(1.02455 -1.20629e-18 0)
(1.02425 -1.20846e-18 0)
(1.02395 -1.2088e-18 0)
(1.02365 -1.08497e-18 0)
(1.02335 -9.30156e-19 0)
(1.02305 -9.23563e-19 0)
(1.02274 -9.29884e-19 0)
(1.02243 -9.04091e-19 0)
(1.02213 -9.17263e-19 0)
(1.02181 -9.74482e-19 0)
(1.0215 -1.02964e-18 0)
(1.02119 -1.03562e-18 0)
(1.02087 -1.00491e-18 0)
(1.02056 -9.83892e-19 0)
(1.02024 -9.62707e-19 0)
(1.01992 -9.32537e-19 0)
(1.01959 -9.1902e-19 0)
(1.01927 -9.03572e-19 0)
(1.01894 -8.83659e-19 0)
(1.01862 -8.68149e-19 0)
(1.01829 -8.42583e-19 0)
(1.01796 -8.65298e-19 0)
(1.01762 -8.72427e-19 0)
(1.01729 -8.40373e-19 0)
(1.01695 -8.56956e-19 0)
(1.01662 -8.53988e-19 0)
(1.01628 -8.67863e-19 0)
(1.01594 -9.03822e-19 0)
(1.01559 -9.39511e-19 0)
(1.01525 -9.58537e-19 0)
(1.0149 -9.64147e-19 0)
(1.01455 -9.65494e-19 0)
(1.0142 -9.32769e-19 0)
(1.01385 -8.87243e-19 0)
(1.01349 -8.28517e-19 0)
(1.01314 -7.60748e-19 0)
(1.01278 -7.04039e-19 0)
(1.01242 -7.02105e-19 0)
(1.01206 -7.05349e-19 0)
(1.01169 -6.63716e-19 0)
(1.01133 -6.37254e-19 0)
(1.01096 -6.15603e-19 0)
(1.01059 -6.13877e-19 0)
(1.01022 -6.45179e-19 0)
(1.00984 -7.00446e-19 0)
(1.00947 -8.59852e-19 0)
(1.00909 -1.02822e-18 0)
(1.00871 -1.11153e-18 0)
(1.00832 -1.1729e-18 0)
(1.00794 -1.23553e-18 0)
(1.00755 -1.27625e-18 0)
(1.00717 -1.17324e-18 0)
(1.00678 -1.03848e-18 0)
(1.00638 -9.06509e-19 0)
(1.00599 -8.03652e-19 0)
(1.00559 -8.26735e-19 0)
(1.00519 -8.41613e-19 0)
(1.00479 -8.82215e-19 0)
(1.00439 -8.6513e-19 0)
(1.00398 -8.30243e-19 0)
(1.00357 -8.57695e-19 0)
(1.00316 -8.01617e-19 0)
(1.00275 -7.34175e-19 0)
(1.00234 -7.32458e-19 0)
(1.00192 -7.27003e-19 0)
(1.0015 -5.8267e-19 0)
(1.00108 -4.19117e-19 0)
(1.00066 -3.58842e-19 0)
(1.00023 -3.16136e-19 0)
(0.999801 -2.68765e-19 0)
(0.99937 -2.15322e-19 0)
(0.998937 -1.29086e-19 0)
(0.998502 -5.38558e-20 0)
(0.998064 -2.87397e-20 0)
(0.997623 -9.12368e-21 0)
(0.99718 6.27804e-20 0)
(0.996735 1.41306e-19 0)
(0.996287 1.84388e-19 0)
(0.995837 2.11867e-19 0)
(0.995384 2.16126e-19 0)
(0.994929 2.36789e-19 0)
(0.994471 2.5756e-19 0)
(0.99401 2.72593e-19 0)
(0.993547 2.82224e-19 0)
(0.993082 2.7616e-19 0)
(0.992613 2.95029e-19 0)
(0.992143 3.10902e-19 0)
(0.991669 2.95946e-19 0)
(0.991193 2.85199e-19 0)
(0.990714 3.07549e-19 0)
(0.990232 3.26182e-19 0)
(0.989748 3.10109e-19 0)
(0.989261 2.95196e-19 0)
(0.988771 2.49853e-19 0)
(0.988279 2.07325e-19 0)
(0.987783 2.00584e-19 0)
(0.987285 2.04469e-19 0)
(0.986784 2.10064e-19 0)
(0.98628 2.17467e-19 0)
(0.985773 2.25974e-19 0)
(0.985263 2.36191e-19 0)
(0.984751 2.38628e-19 0)
(0.984235 2.07359e-19 0)
(0.983717 1.83452e-19 0)
(0.983195 2.0875e-19 0)
(0.982671 2.46756e-19 0)
(0.982143 2.62603e-19 0)
(0.981612 2.75312e-19 0)
(0.981079 3.02144e-19 0)
(0.980542 3.22166e-19 0)
(0.980002 3.27169e-19 0)
(0.979459 3.32649e-19 0)
(0.978912 3.68296e-19 0)
(0.978363 4.10144e-19 0)
(0.97781 5.10714e-19 0)
(0.977254 5.98898e-19 0)
(0.976695 5.85726e-19 0)
(0.976133 5.73218e-19 0)
(0.975567 5.5986e-19 0)
(0.974998 5.43492e-19 0)
(0.974425 5.30975e-19 0)
(0.973849 4.91481e-19 0)
(0.97327 5.19868e-19 0)
(0.972687 5.50537e-19 0)
(0.972101 5.12174e-19 0)
(0.971511 4.86884e-19 0)
(0.970918 4.5987e-19 0)
(0.970321 4.31744e-19 0)
(0.969721 4.03156e-19 0)
(0.969117 3.64354e-19 0)
(0.968509 3.6288e-19 0)
(0.967898 3.79742e-19 0)
(0.967282 3.4572e-19 0)
(0.966664 3.20091e-19 0)
(0.966041 2.2667e-19 0)
(0.965415 1.33849e-19 0)
(0.964784 1.32553e-19 0)
(0.96415 1.32716e-19 0)
(0.963512 1.51373e-19 0)
(0.962871 1.60721e-19 0)
(0.962225 1.6142e-19 0)
(0.961575 1.71824e-19 0)
(0.960921 1.8143e-19 0)
(0.960263 1.89368e-19 0)
(0.959601 1.94916e-19 0)
(0.958935 1.87927e-19 0)
(0.958265 1.19477e-19 0)
(0.95759 5.5581e-20 0)
(0.956911 6.40649e-20 0)
(0.956228 8.31642e-20 0)
(0.955541 7.46452e-20 0)
(0.954849 6.87418e-20 0)
(0.954153 1.77861e-19 0)
(0.953453 2.80437e-19 0)
(0.952747 2.46938e-19 0)
(0.952036 1.98404e-19 0)
(0.951318 1.78946e-19 0)
(0.950593 1.63258e-19 0)
(0.949861 1.42364e-19 0)
(0.94912 1.16771e-19 0)
(0.948373 8.58016e-20 0)
(0.947617 6.0077e-20 0)
(0.946853 1.99399e-20 0)
(0.946081 -1.36335e-20 0)
(0.945302 -2.36013e-21 0)
(0.944514 -1.18856e-20 0)
(0.943719 -2.20326e-20 0)
(0.942917 -3.39528e-20 0)
(0.942107 -7.53239e-20 0)
(0.941289 -1.20056e-19 0)
(0.940465 -1.6698e-19 0)
(0.939633 -2.18305e-19 0)
(0.938794 -2.69877e-19 0)
(0.937948 -3.03481e-19 0)
(0.937096 -3.30292e-19 0)
(0.936237 -3.52607e-19 0)
(0.935371 -3.72713e-19 0)
(0.934498 -3.98564e-19 0)
(0.933619 -4.76804e-19 0)
(0.932733 -5.52551e-19 0)
(0.931841 -5.68918e-19 0)
(0.930943 -5.87217e-19 0)
(0.930038 -5.73013e-19 0)
(0.929126 -5.50341e-19 0)
(0.928208 -5.50093e-19 0)
(0.927284 -5.39279e-19 0)
(0.926353 -6.2581e-19 0)
(0.925416 -7.14696e-19 0)
(0.924472 -7.03889e-19 0)
(0.923522 -6.8591e-19 0)
(0.922565 -6.69609e-19 0)
(0.921602 -6.48612e-19 0)
(0.920632 -5.80056e-19 0)
(0.919655 -5.07417e-19 0)
(0.918672 -4.58857e-19 0)
(0.917682 -4.23982e-19 0)
(0.916685 -4.26167e-19 0)
(0.915681 -4.22529e-19 0)
(0.914671 -4.43409e-19 0)
(0.913653 -4.62299e-19 0)
(0.912628 -4.52075e-19 0)
(0.911596 -4.42774e-19 0)
(0.910557 -3.81137e-19 0)
(0.909511 -3.24108e-19 0)
(0.908457 -3.28561e-19 0)
(0.907396 -3.49575e-19 0)
(0.906327 -3.67367e-19 0)
(0.905251 -3.78884e-19 0)
(0.904166 -3.91725e-19 0)
(0.903075 -4.1955e-19 0)
(0.901975 -4.79113e-19 0)
(0.900867 -5.34343e-19 0)
(0.899751 -5.47442e-19 0)
(0.898627 -5.47933e-19 0)
(0.897494 -5.3295e-19 0)
(0.896354 -5.10003e-19 0)
(0.895204 -4.79811e-19 0)
(0.894046 -4.40495e-19 0)
(0.892879 -4.41494e-19 0)
(0.891704 -4.45921e-19 0)
(0.890519 -4.16964e-19 0)
(0.889325 -3.89481e-19 0)
(0.888122 -3.76458e-19 0)
(0.886909 -3.69752e-19 0)
(0.885687 -3.51431e-19 0)
(0.884455 -3.60097e-19 0)
(0.883214 -3.77296e-19 0)
(0.881962 -4.22948e-19 0)
(0.880701 -4.77934e-19 0)
(0.879429 -4.69205e-19 0)
(0.878146 -4.59367e-19 0)
(0.876853 -4.27055e-19 0)
(0.87555 -4.02047e-19 0)
(0.874235 -4.09918e-19 0)
(0.872909 -4.0843e-19 0)
(0.871572 -4.06984e-19 0)
(0.870224 -4.04464e-19 0)
(0.868864 -3.99574e-19 0)
(0.867492 -4.06747e-19 0)
(0.866108 -4.12295e-19 0)
(0.864711 -4.1735e-19 0)
(0.863303 -4.35539e-19 0)
(0.861882 -4.70153e-19 0)
(0.860448 -5.13178e-19 0)
(0.859001 -5.65341e-19 0)
(0.857541 -6.28965e-19 0)
(0.856067 -6.88868e-19 0)
(0.854579 -6.62711e-19 0)
(0.853078 -6.29293e-19 0)
(0.851562 -6.7071e-19 0)
(0.850031 -6.9938e-19 0)
(0.848485 -7.26891e-19 0)
(0.846923 -7.43167e-19 0)
(0.845344 -6.54746e-19 0)
(0.843748 -5.71923e-19 0)
(0.842133 -5.56086e-19 0)
(0.8405 -5.48793e-19 0)
(0.838849 -5.76965e-19 0)
(0.837178 -5.85507e-19 0)
(0.835488 -4.86602e-19 0)
(0.833777 -3.88981e-19 0)
(0.832045 -4.0407e-19 0)
(0.830293 -4.40519e-19 0)
(0.828518 -5.28912e-19 0)
(0.826722 -6.13068e-19 0)
(0.824902 -6.33035e-19 0)
(0.823059 -6.3702e-19 0)
(0.821193 -6.33673e-19 0)
(0.819301 -6.21688e-19 0)
(0.817384 -5.98787e-19 0)
(0.815441 -5.78062e-19 0)
(0.813471 -6.55789e-19 0)
(0.811474 -7.18851e-19 0)
(0.809448 -6.76598e-19 0)
(0.807393 -6.41272e-19 0)
(0.805309 -6.07144e-19 0)
(0.803193 -5.71337e-19 0)
(0.801045 -5.52115e-19 0)
(0.798865 -5.24518e-19 0)
(0.79665 -5.79524e-19 0)
(0.794401 -6.58158e-19 0)
(0.792116 -6.4228e-19 0)
(0.789793 -6.22076e-19 0)
(0.787432 -6.10361e-19 0)
(0.785031 -6.02869e-19 0)
(0.782589 -5.94581e-19 0)
(0.780103 -5.99969e-19 0)
(0.777574 -5.83679e-19 0)
(0.774999 -5.61774e-19 0)
(0.772376 -5.56752e-19 0)
(0.769704 -5.54284e-19 0)
(0.76698 -6.63801e-19 0)
(0.764203 -7.68633e-19 0)
(0.761371 -8.00579e-19 0)
(0.75848 -8.25659e-19 0)
(0.75553 -8.10149e-19 0)
(0.752516 -7.99842e-19 0)
(0.749437 -7.903e-19 0)
(0.74629 -7.66283e-19 0)
(0.74307 -7.34841e-19 0)
(0.739775 -6.97784e-19 0)
(0.736402 -6.55942e-19 0)
(0.732946 -6.17989e-19 0)
(0.729404 -6.15222e-19 0)
(0.72577 -6.13626e-19 0)
(0.72204 -5.76249e-19 0)
(0.718209 -5.47317e-19 0)
(0.714271 -5.14281e-19 0)
(0.710219 -4.81222e-19 0)
(0.706049 -4.59349e-19 0)
(0.701751 -4.45782e-19 0)
(0.697318 -4.78149e-19 0)
(0.692742 -5.07271e-19 0)
(0.688013 -4.88027e-19 0)
(0.68312 -4.41771e-19 0)
(0.678053 -4.29662e-19 0)
(0.672797 -4.17769e-19 0)
(0.66734 -3.68731e-19 0)
(0.661666 -3.4669e-19 0)
(0.655756 -4.32117e-19 0)
(0.649592 -5.21786e-19 0)
(0.64315 -5.0648e-19 0)
(0.636407 -4.94398e-19 0)
(0.629333 -4.61464e-19 0)
(0.621891 -4.29167e-19 0)
(0.614036 -4.24634e-19 0)
(0.605719 -4.20391e-19 0)
(0.596885 -4.04884e-19 0)
(0.587473 -3.941e-19 0)
(0.57741 -4.07018e-19 0)
(0.566612 -4.0542e-19 0)
(0.554978 -3.99289e-19 0)
(0.542389 -3.77928e-19 0)
(0.528703 -3.03097e-19 0)
(0.513747 -2.17936e-19 0)
(0.497317 -1.9597e-19 0)
(0.479164 -1.91275e-19 0)
(0.458993 -1.70279e-19 0)
(0.436446 -1.51558e-19 0)
(0.411064 -1.07872e-19 0)
(0.382208 -5.99411e-20 0)
(0.349177 -3.29069e-20 0)
(0.311483 -1.42694e-20 0)
(0.269135 6.64923e-22 0)
(0.222965 1.23247e-20 0)
(0.17443 1.23601e-20 0)
(0.124867 5.29158e-21 0)
(0.0749882 1.60014e-20 0)
(0.0250161 -1.07506e-20 0)
)
;

boundaryField
{
    top_wall
    {
        type            noSlip;
    }
    inlet
    {
        type            cyclic;
    }
    bot_wall
    {
        type            noSlip;
    }
    outlet
    {
        type            cyclic;
    }
    frontAndBack
    {
        type            empty;
    }
}


// ************************************************************************* //
