0.000250125 	0.0125143 	-2.10075e-19 	0
0.000550275 	0.0275285 	-3.74839e-19 	0
0.000850425 	0.0425276 	-1.05577e-19 	0
0.00115058 	0.0575267 	1.63685e-19 	0
0.00145073 	0.0725258 	4.32946e-19 	0
0.00175088 	0.0875016 	4.1059e-19 	0
0.00205103 	0.102473 	3.30958e-19 	0
0.00235118 	0.117444 	2.51325e-19 	0
0.00265133 	0.132367 	2.04096e-19 	0
0.00295148 	0.147243 	1.88735e-19 	0
0.00325163 	0.16212 	1.73374e-19 	0
0.00355178 	0.176943 	1.61711e-19 	0
0.00385193 	0.191511 	1.67784e-19 	0
0.00415208 	0.206079 	1.73856e-19 	0
0.00445223 	0.220646 	1.79929e-19 	0
0.00475238 	0.234617 	1.77131e-19 	0
0.00505253 	0.248475 	1.72653e-19 	0
0.00535268 	0.262333 	1.68176e-19 	0
0.00565283 	0.275607 	1.64164e-19 	0
0.00595298 	0.288318 	1.60601e-19 	0
0.00625313 	0.301028 	1.57038e-19 	0
0.00655328 	0.313491 	1.54531e-19 	0
0.00685343 	0.324805 	1.56916e-19 	0
0.00715358 	0.336119 	1.593e-19 	0
0.00745373 	0.347433 	1.61684e-19 	0
0.00775388 	0.357563 	1.54376e-19 	0
0.00805403 	0.367477 	1.45301e-19 	0
0.00835418 	0.377391 	1.36226e-19 	0
0.00865433 	0.386661 	1.2671e-19 	0
0.00895448 	0.395322 	1.16776e-19 	0
0.00925463 	0.403984 	1.06843e-19 	0
0.00955478 	0.412454 	9.93474e-20 	0
0.00985493 	0.420073 	1.02773e-19 	0
0.0101551 	0.427691 	1.06198e-19 	0
0.0104552 	0.43531 	1.09624e-19 	0
0.0107554 	0.442204 	1.15436e-19 	0
0.0110555 	0.448971 	1.21667e-19 	0
0.0113557 	0.455739 	1.27898e-19 	0
0.0116558 	0.462136 	1.28299e-19 	0
0.011956 	0.468191 	1.23302e-19 	0
0.0122561 	0.474245 	1.18304e-19 	0
0.0125563 	0.480186 	1.12283e-19 	0
0.0128564 	0.485634 	1.01832e-19 	0
0.0131566 	0.491083 	9.13809e-20 	0
0.0134567 	0.496531 	8.09297e-20 	0
0.0137569 	0.501538 	7.44681e-20 	0
0.014057 	0.506469 	6.86785e-20 	0
0.0143572 	0.5114 	6.2889e-20 	0
0.0146573 	0.5161 	5.52186e-20 	0
0.0149575 	0.520589 	4.58407e-20 	0
0.0152576 	0.525078 	3.64629e-20 	0
0.0155578 	0.529494 	2.71724e-20 	0
0.0158579 	0.533602 	1.82484e-20 	0
0.0161581 	0.537709 	9.32446e-21 	0
0.0164582 	0.541817 	4.00476e-22 	0
0.0167584 	0.545642 	-3.80796e-21 	0
0.0170585 	0.54942 	-7.25406e-21 	0
0.0173587 	0.553199 	-1.07002e-20 	0
0.0176588 	0.556826 	-1.34423e-20 	0
0.017959 	0.560318 	-1.5558e-20 	0
0.0182591 	0.56381 	-1.76738e-20 	0
0.0185593 	0.567252 	-1.96218e-20 	0
0.0188594 	0.570493 	-2.08881e-20 	0
0.0191596 	0.573734 	-2.21545e-20 	0
0.0194597 	0.576975 	-2.34208e-20 	0
0.0197599 	0.580025 	-2.42221e-20 	0
0.02006 	0.583046 	-2.49513e-20 	0
0.0203602 	0.586066 	-2.56805e-20 	0
0.0206603 	0.588982 	-2.54171e-20 	0
0.0209605 	0.591807 	-2.4288e-20 	0
0.0212606 	0.594632 	-2.31589e-20 	0
0.0215608 	0.597422 	-2.17203e-20 	0
0.0218609 	0.600073 	-1.90629e-20 	0
0.0221611 	0.602725 	-1.64056e-20 	0
0.0224612 	0.605377 	-1.37482e-20 	0
0.0227614 	0.607893 	-1.11807e-20 	0
0.0230615 	0.610389 	-8.62658e-21 	0
0.0233617 	0.612886 	-6.07241e-21 	0
0.0236618 	0.615307 	-2.73243e-21 	0
0.023962 	0.617665 	1.27921e-21 	0
0.0242621 	0.620023 	5.29085e-21 	0
0.0245623 	0.622354 	9.9423e-21 	0
0.0248624 	0.624588 	1.70373e-20 	0
0.0251626 	0.626821 	2.41323e-20 	0
0.0254627 	0.629055 	3.12273e-20 	0
0.0257629 	0.631192 	4.09762e-20 	0
0.026063 	0.633315 	5.11012e-20 	0
0.0263632 	0.635439 	6.12263e-20 	0
0.0266633 	0.637508 	7.28363e-20 	0
0.0269635 	0.639532 	8.56904e-20 	0
0.0272636 	0.641556 	9.85444e-20 	0
0.0275638 	0.643561 	1.11598e-19 	0
0.0278639 	0.645494 	1.2539e-19 	0
0.0281641 	0.647427 	1.39182e-19 	0
0.0284642 	0.649361 	1.52974e-19 	0
0.0287644 	0.651221 	1.66227e-19 	0
0.0290645 	0.653071 	1.79407e-19 	0
0.0293647 	0.654922 	1.92586e-19 	0
0.0296648 	0.65673 	2.05449e-19 	0
0.029965 	0.658504 	2.18053e-19 	0
0.0302651 	0.660278 	2.30657e-19 	0
0.0305653 	0.662036 	2.43143e-19 	0
0.0308654 	0.663739 	2.55207e-19 	0
0.0311656 	0.665443 	2.67271e-19 	0
0.0314657 	0.667146 	2.79335e-19 	0
0.0317659 	0.668791 	2.9095e-19 	0
0.032066 	0.670429 	3.02507e-19 	0
0.0323662 	0.672067 	3.14064e-19 	0
0.0326663 	0.673671 	3.25358e-19 	0
0.0329665 	0.675248 	3.3644e-19 	0
0.0332666 	0.676826 	3.47522e-19 	0
0.0335668 	0.67839 	3.58504e-19 	0
0.0338669 	0.679912 	3.6914e-19 	0
0.0341671 	0.681433 	3.79776e-19 	0
0.0344672 	0.682954 	3.90412e-19 	0
0.0347674 	0.684428 	4.00674e-19 	0
0.0350675 	0.685897 	4.1089e-19 	0
0.0353677 	0.687366 	4.21105e-19 	0
0.0356678 	0.688807 	4.311e-19 	0
0.035968 	0.690226 	4.40921e-19 	0
0.0362681 	0.691646 	4.50741e-19 	0
0.0365683 	0.693054 	4.60476e-19 	0
0.0368684 	0.694428 	4.69923e-19 	0
0.0371686 	0.695801 	4.7937e-19 	0
0.0374687 	0.697175 	4.88817e-19 	0
0.0377689 	0.69851 	4.97947e-19 	0
0.038069 	0.699841 	5.0704e-19 	0
0.0383692 	0.701171 	5.16134e-19 	0
0.0386693 	0.702479 	5.25038e-19 	0
0.0389695 	0.703769 	5.33797e-19 	0
0.0392696 	0.705059 	5.42555e-19 	0
0.0395698 	0.70634 	5.51239e-19 	0
0.0398699 	0.707592 	5.5968e-19 	0
0.0401701 	0.708843 	5.6812e-19 	0
0.0404702 	0.710095 	5.7656e-19 	0
0.0407704 	0.711315 	5.84727e-19 	0
0.0410705 	0.712531 	5.92865e-19 	0
0.0413707 	0.713747 	6.01002e-19 	0
0.0416708 	0.714944 	6.08976e-19 	0
0.041971 	0.716126 	6.16825e-19 	0
0.0422711 	0.717308 	6.24674e-19 	0
0.0425713 	0.718482 	6.32458e-19 	0
0.0428714 	0.719632 	6.40031e-19 	0
0.0431716 	0.720782 	6.47605e-19 	0
0.0434717 	0.721932 	6.55179e-19 	0
0.0437719 	0.723054 	6.62514e-19 	0
0.044072 	0.724174 	6.69825e-19 	0
0.0443722 	0.725293 	6.77135e-19 	0
0.0446723 	0.726396 	6.84301e-19 	0
0.0449725 	0.727487 	6.91359e-19 	0
0.0452726 	0.728578 	6.98417e-19 	0
0.0455728 	0.729662 	7.05417e-19 	0
0.0458729 	0.730725 	7.12233e-19 	0
0.0461731 	0.731788 	7.1905e-19 	0
0.0464732 	0.732851 	7.25866e-19 	0
0.0467734 	0.733891 	7.32472e-19 	0
0.0470735 	0.734928 	7.39056e-19 	0
0.0473737 	0.735965 	7.45641e-19 	0
0.0476738 	0.736988 	7.52096e-19 	0
0.047974 	0.738001 	7.58457e-19 	0
0.0482741 	0.739013 	7.64818e-19 	0
0.0485743 	0.74002 	7.71126e-19 	0
0.0488744 	0.741009 	7.77273e-19 	0
0.0491746 	0.741998 	7.8342e-19 	0
0.0494747 	0.742987 	7.89567e-19 	0
0.0497749 	0.743955 	7.95523e-19 	0
0.050075 	0.744921 	8.01463e-19 	0
0.0503752 	0.745887 	8.07402e-19 	0
0.0506753 	0.746841 	8.13225e-19 	0
0.0509755 	0.747786 	8.18965e-19 	0
0.0512756 	0.748731 	8.24705e-19 	0
0.0515758 	0.74967 	8.30397e-19 	0
0.0518759 	0.750595 	8.35944e-19 	0
0.0521761 	0.751519 	8.41491e-19 	0
0.0524762 	0.752443 	8.47038e-19 	0
0.0527764 	0.753349 	8.52413e-19 	0
0.0530765 	0.754254 	8.57774e-19 	0
0.0533767 	0.755158 	8.63135e-19 	0
0.0536768 	0.756052 	8.68389e-19 	0
0.053977 	0.756937 	8.73569e-19 	0
0.0542771 	0.757823 	8.7875e-19 	0
0.0545773 	0.758703 	8.83885e-19 	0
0.0548774 	0.759571 	8.88891e-19 	0
0.0551776 	0.760439 	8.93896e-19 	0
0.0554777 	0.761307 	8.98902e-19 	0
0.0557779 	0.762158 	9.0375e-19 	0
0.056078 	0.763008 	9.08586e-19 	0
0.0563782 	0.763858 	9.13422e-19 	0
0.0566783 	0.764698 	9.18161e-19 	0
0.0569785 	0.765532 	9.22832e-19 	0
0.0572786 	0.766365 	9.27504e-19 	0
0.0575788 	0.767195 	9.32133e-19 	0
0.0578789 	0.768012 	9.36645e-19 	0
0.0581791 	0.76883 	9.41156e-19 	0
0.0584792 	0.769647 	9.45668e-19 	0
0.0587794 	0.770451 	9.50035e-19 	0
0.0590795 	0.771253 	9.54391e-19 	0
0.0593797 	0.772055 	9.58748e-19 	0
0.0596798 	0.772848 	9.63014e-19 	0
0.05998 	0.773635 	9.67219e-19 	0
0.0602801 	0.774422 	9.71424e-19 	0
0.0605803 	0.775206 	9.75589e-19 	0
0.0608804 	0.775979 	9.79647e-19 	0
0.0611806 	0.776752 	9.83705e-19 	0
0.0614807 	0.777524 	9.87763e-19 	0
0.0617809 	0.778284 	9.91685e-19 	0
0.062081 	0.779043 	9.95598e-19 	0
0.0623812 	0.779803 	9.99511e-19 	0
0.0626813 	0.780554 	1.00334e-18 	0
0.0629815 	0.7813 	1.00711e-18 	0
0.0632816 	0.782045 	1.01089e-18 	0
0.0635818 	0.782788 	1.01462e-18 	0
0.0638819 	0.783521 	1.01826e-18 	0
0.0641821 	0.784254 	1.0219e-18 	0
0.0644822 	0.784988 	1.02553e-18 	0
0.0647824 	0.785709 	1.02905e-18 	0
0.0650825 	0.78643 	1.03255e-18 	0
0.0653827 	0.78715 	1.03605e-18 	0
0.0656828 	0.787864 	1.03947e-18 	0
0.065983 	0.788572 	1.04284e-18 	0
0.0662831 	0.789281 	1.04621e-18 	0
0.0665833 	0.789986 	1.04955e-18 	0
0.0668834 	0.790684 	1.05279e-18 	0
0.0671836 	0.791381 	1.05603e-18 	0
0.0674837 	0.792078 	1.05927e-18 	0
0.0677839 	0.792765 	1.0624e-18 	0
0.068084 	0.793451 	1.06551e-18 	0
0.0683842 	0.794136 	1.06863e-18 	0
0.0686843 	0.794816 	1.07167e-18 	0
0.0689845 	0.795491 	1.07466e-18 	0
0.0692846 	0.796166 	1.07765e-18 	0
0.0695848 	0.796838 	1.08061e-18 	0
0.0698849 	0.797503 	1.08348e-18 	0
0.0701851 	0.798167 	1.08635e-18 	0
0.0704852 	0.798832 	1.08922e-18 	0
0.0707854 	0.799487 	1.09198e-18 	0
0.0710855 	0.800141 	1.09473e-18 	0
0.0713857 	0.800796 	1.09748e-18 	0
0.0716858 	0.801444 	1.10016e-18 	0
0.071986 	0.802089 	1.10279e-18 	0
0.0722861 	0.802734 	1.10542e-18 	0
0.0725863 	0.803376 	1.10801e-18 	0
0.0728864 	0.80401 	1.11053e-18 	0
0.0731866 	0.804645 	1.11304e-18 	0
0.0734867 	0.80528 	1.11556e-18 	0
0.0737869 	0.805906 	1.11796e-18 	0
0.074087 	0.806532 	1.12036e-18 	0
0.0743872 	0.807158 	1.12276e-18 	0
0.0746873 	0.807778 	1.12508e-18 	0
0.0749875 	0.808395 	1.12736e-18 	0
0.0752876 	0.809012 	1.12965e-18 	0
0.0755878 	0.809626 	1.13189e-18 	0
0.0758879 	0.810234 	1.13406e-18 	0
0.0761881 	0.810842 	1.13623e-18 	0
0.0764882 	0.81145 	1.13841e-18 	0
0.0767884 	0.81205 	1.14047e-18 	0
0.0770885 	0.812649 	1.14252e-18 	0
0.0773887 	0.813249 	1.14458e-18 	0
0.0776888 	0.813843 	1.14656e-18 	0
0.077989 	0.814434 	1.1485e-18 	0
0.0782891 	0.815026 	1.15045e-18 	0
0.0785893 	0.815614 	1.15235e-18 	0
0.0788894 	0.816198 	1.15418e-18 	0
0.0791896 	0.816781 	1.15601e-18 	0
0.0794897 	0.817364 	1.15784e-18 	0
0.0797899 	0.81794 	1.15956e-18 	0
0.08009 	0.818515 	1.16128e-18 	0
0.0803902 	0.819091 	1.16299e-18 	0
0.0806903 	0.819661 	1.16464e-18 	0
0.0809905 	0.820229 	1.16624e-18 	0
0.0812906 	0.820797 	1.16784e-18 	0
0.0815908 	0.821362 	1.16941e-18 	0
0.0818909 	0.821923 	1.1709e-18 	0
0.0821911 	0.822483 	1.17239e-18 	0
0.0824912 	0.823043 	1.17389e-18 	0
0.0827914 	0.823596 	1.17527e-18 	0
0.0830915 	0.824149 	1.17665e-18 	0
0.0833917 	0.824702 	1.17802e-18 	0
0.0836918 	0.825251 	1.17933e-18 	0
0.083992 	0.825797 	1.1806e-18 	0
0.0842921 	0.826344 	1.18186e-18 	0
0.0845923 	0.826888 	1.18309e-18 	0
0.0848924 	0.827427 	1.18425e-18 	0
0.0851926 	0.827966 	1.1854e-18 	0
0.0854927 	0.828505 	1.18655e-18 	0
0.0857929 	0.829038 	1.18765e-18 	0
0.086093 	0.829571 	1.18874e-18 	0
0.0863932 	0.830103 	1.18983e-18 	0
0.0866933 	0.830632 	1.19085e-18 	0
0.0869935 	0.831158 	1.19182e-18 	0
0.0872936 	0.831683 	1.19279e-18 	0
0.0875938 	0.832207 	1.19373e-18 	0
0.0878939 	0.832727 	1.19458e-18 	0
0.0881941 	0.833247 	1.19543e-18 	0
0.0884942 	0.833767 	1.19628e-18 	0
0.0887944 	0.83428 	1.19707e-18 	0
0.0890945 	0.834794 	1.19786e-18 	0
0.0893947 	0.835307 	1.19865e-18 	0
0.0896948 	0.835816 	1.1994e-18 	0
0.089995 	0.836324 	1.20012e-18 	0
0.0902951 	0.836832 	1.20085e-18 	0
0.0905953 	0.837337 	1.20155e-18 	0
0.0908954 	0.837839 	1.20221e-18 	0
0.0911956 	0.83834 	1.20287e-18 	0
0.0914957 	0.838842 	1.20353e-18 	0
0.0917959 	0.839338 	1.20408e-18 	0
0.092096 	0.839833 	1.20463e-18 	0
0.0923962 	0.840329 	1.20518e-18 	0
0.0926963 	0.840821 	1.20566e-18 	0
0.0929965 	0.841311 	1.2061e-18 	0
0.0932966 	0.841801 	1.20654e-18 	0
0.0935968 	0.842289 	1.20695e-18 	0
0.0938969 	0.842774 	1.20728e-18 	0
0.0941971 	0.843258 	1.20761e-18 	0
0.0944972 	0.843743 	1.20795e-18 	0
0.0947974 	0.844222 	1.20813e-18 	0
0.0950975 	0.844701 	1.20831e-18 	0
0.0953977 	0.845181 	1.2085e-18 	0
0.0956978 	0.845656 	1.20863e-18 	0
0.095998 	0.84613 	1.20873e-18 	0
0.0962981 	0.846604 	1.20883e-18 	0
0.0965983 	0.847077 	1.20892e-18 	0
0.0968984 	0.847545 	1.209e-18 	0
0.0971986 	0.848014 	1.20907e-18 	0
0.0974987 	0.848483 	1.20915e-18 	0
0.0977989 	0.848947 	1.20917e-18 	0
0.098099 	0.849411 	1.20919e-18 	0
0.0983992 	0.849875 	1.20921e-18 	0
0.0986993 	0.850336 	1.20914e-18 	0
0.0989995 	0.850796 	1.20903e-18 	0
0.0992996 	0.851255 	1.20892e-18 	0
0.0995998 	0.851713 	1.20876e-18 	0
0.0998999 	0.852168 	1.20852e-18 	0
0.1002 	0.852623 	1.20829e-18 	0
0.1005 	0.853078 	1.20805e-18 	0
0.1008 	0.853529 	1.2077e-18 	0
0.101101 	0.853979 	1.20734e-18 	0
0.101401 	0.85443 	1.20699e-18 	0
0.101701 	0.854878 	1.20655e-18 	0
0.102001 	0.855324 	1.20608e-18 	0
0.102301 	0.855771 	1.20561e-18 	0
0.102601 	0.856216 	1.20512e-18 	0
0.102901 	0.856658 	1.20457e-18 	0
0.103202 	0.8571 	1.20403e-18 	0
0.103502 	0.857543 	1.20349e-18 	0
0.103802 	0.857981 	1.20287e-18 	0
0.104102 	0.85842 	1.20226e-18 	0
0.104402 	0.858858 	1.20164e-18 	0
0.104702 	0.859294 	1.20097e-18 	0
0.105003 	0.859728 	1.20027e-18 	0
0.105303 	0.860162 	1.19958e-18 	0
0.105603 	0.860595 	1.19885e-18 	0
0.105903 	0.861026 	1.19808e-18 	0
0.106203 	0.861456 	1.1973e-18 	0
0.106503 	0.861887 	1.19652e-18 	0
0.106803 	0.862313 	1.19566e-18 	0
0.107104 	0.86274 	1.1948e-18 	0
0.107404 	0.863166 	1.19394e-18 	0
0.107704 	0.86359 	1.19302e-18 	0
0.108004 	0.864013 	1.19207e-18 	0
0.108304 	0.864435 	1.19113e-18 	0
0.108604 	0.864857 	1.19015e-18 	0
0.108904 	0.865276 	1.18911e-18 	0
0.109205 	0.865695 	1.18808e-18 	0
0.109505 	0.866115 	1.18704e-18 	0
0.109805 	0.86653 	1.18592e-18 	0
0.110105 	0.866945 	1.1848e-18 	0
0.110405 	0.867361 	1.18367e-18 	0
0.110705 	0.867774 	1.18249e-18 	0
0.111006 	0.868185 	1.18128e-18 	0
0.111306 	0.868597 	1.18007e-18 	0
0.111606 	0.869007 	1.17883e-18 	0
0.111906 	0.869416 	1.17754e-18 	0
0.112206 	0.869824 	1.17624e-18 	0
0.112506 	0.870232 	1.17494e-18 	0
0.112806 	0.870637 	1.17356e-18 	0
0.113107 	0.871042 	1.17218e-18 	0
0.113407 	0.871446 	1.1708e-18 	0
0.113707 	0.871849 	1.16936e-18 	0
0.114007 	0.87225 	1.1679e-18 	0
0.114307 	0.872651 	1.16644e-18 	0
0.114607 	0.873051 	1.16495e-18 	0
0.114907 	0.873449 	1.16341e-18 	0
0.115208 	0.873847 	1.16187e-18 	0
0.115508 	0.874245 	1.16033e-18 	0
0.115808 	0.87464 	1.15872e-18 	0
0.116108 	0.875035 	1.1571e-18 	0
0.116408 	0.875429 	1.15549e-18 	0
0.116708 	0.875821 	1.15384e-18 	0
0.117009 	0.876213 	1.15216e-18 	0
0.117309 	0.876604 	1.15049e-18 	0
0.117609 	0.876994 	1.14879e-18 	0
0.117909 	0.877382 	1.14706e-18 	0
0.118209 	0.87777 	1.14533e-18 	0
0.118509 	0.878158 	1.1436e-18 	0
0.118809 	0.878543 	1.14182e-18 	0
0.11911 	0.878928 	1.14005e-18 	0
0.11941 	0.879313 	1.13828e-18 	0
0.11971 	0.879696 	1.13646e-18 	0
0.12001 	0.880078 	1.13461e-18 	0
0.12031 	0.88046 	1.13276e-18 	0
0.12061 	0.88084 	1.13089e-18 	0
0.12091 	0.881219 	1.12897e-18 	0
0.121211 	0.881597 	1.12706e-18 	0
0.121511 	0.881975 	1.12514e-18 	0
0.121811 	0.882351 	1.12318e-18 	0
0.122111 	0.882727 	1.12121e-18 	0
0.122411 	0.883103 	1.11925e-18 	0
0.122711 	0.883476 	1.11726e-18 	0
0.123012 	0.883849 	1.11525e-18 	0
0.123312 	0.884221 	1.11325e-18 	0
0.123612 	0.884593 	1.11123e-18 	0
0.123912 	0.884963 	1.1092e-18 	0
0.124212 	0.885332 	1.10716e-18 	0
0.124512 	0.885702 	1.10513e-18 	0
0.124812 	0.886069 	1.10308e-18 	0
0.125113 	0.886436 	1.10103e-18 	0
0.125413 	0.886802 	1.09898e-18 	0
0.125713 	0.887167 	1.09693e-18 	0
0.126013 	0.887531 	1.09488e-18 	0
0.126313 	0.887895 	1.09283e-18 	0
0.126613 	0.888258 	1.09079e-18 	0
0.126913 	0.888619 	1.08876e-18 	0
0.127214 	0.88898 	1.08673e-18 	0
0.127514 	0.889341 	1.08471e-18 	0
0.127814 	0.8897 	1.08272e-18 	0
0.128114 	0.890058 	1.08073e-18 	0
0.128414 	0.890417 	1.07874e-18 	0
0.128714 	0.890773 	1.0768e-18 	0
0.129015 	0.891129 	1.07487e-18 	0
0.129315 	0.891484 	1.07295e-18 	0
0.129615 	0.891839 	1.07106e-18 	0
0.129915 	0.892192 	1.06923e-18 	0
0.130215 	0.892544 	1.0674e-18 	0
0.130515 	0.892897 	1.06557e-18 	0
0.130815 	0.893247 	1.06386e-18 	0
0.131116 	0.893597 	1.06215e-18 	0
0.131416 	0.893948 	1.06043e-18 	0
0.131716 	0.894296 	1.0588e-18 	0
0.132016 	0.894644 	1.0572e-18 	0
0.132316 	0.894991 	1.0556e-18 	0
0.132616 	0.895338 	1.05406e-18 	0
0.132916 	0.895683 	1.05261e-18 	0
0.133217 	0.896028 	1.05116e-18 	0
0.133517 	0.896373 	1.04972e-18 	0
0.133817 	0.896715 	1.04845e-18 	0
0.134117 	0.897057 	1.04719e-18 	0
0.134417 	0.8974 	1.04592e-18 	0
0.134717 	0.89774 	1.04469e-18 	0
0.135018 	0.89808 	1.04347e-18 	0
0.135318 	0.89842 	1.04225e-18 	0
0.135618 	0.898759 	1.04178e-18 	0
0.135918 	0.899097 	1.04245e-18 	0
0.136218 	0.899434 	1.04313e-18 	0
0.136518 	0.899771 	1.04393e-18 	0
0.136818 	0.900106 	1.0465e-18 	0
0.137119 	0.900441 	1.04908e-18 	0
0.137419 	0.900776 	1.05165e-18 	0
0.137719 	0.901109 	1.05404e-18 	0
0.138019 	0.901442 	1.05636e-18 	0
0.138319 	0.901775 	1.05868e-18 	0
0.138619 	0.902106 	1.06257e-18 	0
0.138919 	0.902436 	1.06885e-18 	0
0.13922 	0.902767 	1.07513e-18 	0
0.13952 	0.903097 	1.0827e-18 	0
0.13982 	0.903424 	1.10868e-18 	0
0.14012 	0.903751 	1.13467e-18 	0
0.14042 	0.904079 	1.16065e-18 	0
0.14072 	0.904405 	1.18668e-18 	0
0.141021 	0.904731 	1.21271e-18 	0
0.141321 	0.905056 	1.23875e-18 	0
0.141621 	0.905381 	1.25696e-18 	0
0.141921 	0.905704 	1.26356e-18 	0
0.142221 	0.906027 	1.27015e-18 	0
0.142521 	0.90635 	1.27649e-18 	0
0.142821 	0.906671 	1.27942e-18 	0
0.143122 	0.906991 	1.28236e-18 	0
0.143422 	0.907312 	1.28529e-18 	0
0.143722 	0.907631 	1.28864e-18 	0
0.144022 	0.90795 	1.29212e-18 	0
0.144322 	0.908268 	1.29561e-18 	0
0.144622 	0.908586 	1.29843e-18 	0
0.144922 	0.908902 	1.30031e-18 	0
0.145223 	0.909219 	1.30218e-18 	0
0.145523 	0.909535 	1.30393e-18 	0
0.145823 	0.909849 	1.30421e-18 	0
0.146123 	0.910163 	1.3045e-18 	0
0.146423 	0.910477 	1.30478e-18 	0
0.146723 	0.910789 	1.30524e-18 	0
0.147024 	0.911101 	1.30576e-18 	0
0.147324 	0.911413 	1.30627e-18 	0
0.147624 	0.911724 	1.30685e-18 	0
0.147924 	0.912034 	1.30751e-18 	0
0.148224 	0.912343 	1.30817e-18 	0
0.148524 	0.912653 	1.30885e-18 	0
0.148824 	0.912961 	1.30969e-18 	0
0.149125 	0.913268 	1.31052e-18 	0
0.149425 	0.913576 	1.31136e-18 	0
0.149725 	0.913882 	1.31233e-18 	0
0.150025 	0.914187 	1.31334e-18 	0
0.150325 	0.914493 	1.31435e-18 	0
0.150625 	0.914798 	1.31545e-18 	0
0.150925 	0.915101 	1.31666e-18 	0
0.151226 	0.915404 	1.31788e-18 	0
0.151526 	0.915707 	1.31911e-18 	0
0.151826 	0.916008 	1.32055e-18 	0
0.152126 	0.91631 	1.322e-18 	0
0.152426 	0.916611 	1.32344e-18 	0
0.152726 	0.916911 	1.32507e-18 	0
0.153027 	0.91721 	1.32676e-18 	0
0.153327 	0.917509 	1.32845e-18 	0
0.153627 	0.917808 	1.33026e-18 	0
0.153927 	0.918105 	1.33222e-18 	0
0.154227 	0.918402 	1.33419e-18 	0
0.154527 	0.918699 	1.33617e-18 	0
0.154827 	0.918994 	1.33841e-18 	0
0.155128 	0.919289 	1.34065e-18 	0
0.155428 	0.919584 	1.34289e-18 	0
0.155728 	0.919878 	1.34536e-18 	0
0.156028 	0.920171 	1.34789e-18 	0
0.156328 	0.920464 	1.35043e-18 	0
0.156628 	0.920756 	1.35309e-18 	0
0.156928 	0.921048 	1.35592e-18 	0
0.157229 	0.921339 	1.35876e-18 	0
0.157529 	0.92163 	1.36162e-18 	0
0.157829 	0.921919 	1.36473e-18 	0
0.158129 	0.922208 	1.36784e-18 	0
0.158429 	0.922497 	1.37095e-18 	0
0.158729 	0.922785 	1.37427e-18 	0
0.15903 	0.923072 	1.37766e-18 	0
0.15933 	0.923359 	1.38106e-18 	0
0.15963 	0.923645 	1.38457e-18 	0
0.15993 	0.92393 	1.38824e-18 	0
0.16023 	0.924216 	1.39192e-18 	0
0.16053 	0.924501 	1.39562e-18 	0
0.16083 	0.924784 	1.39958e-18 	0
0.161131 	0.925067 	1.40354e-18 	0
0.161431 	0.925351 	1.4075e-18 	0
0.161731 	0.925632 	1.41167e-18 	0
0.162031 	0.925914 	1.41591e-18 	0
0.162331 	0.926195 	1.42015e-18 	0
0.162631 	0.926475 	1.4245e-18 	0
0.162931 	0.926755 	1.42901e-18 	0
0.163232 	0.927034 	1.43352e-18 	0
0.163532 	0.927313 	1.43805e-18 	0
0.163832 	0.927591 	1.44281e-18 	0
0.164132 	0.927868 	1.44756e-18 	0
0.164432 	0.928145 	1.45232e-18 	0
0.164732 	0.928421 	1.45721e-18 	0
0.165033 	0.928697 	1.46214e-18 	0
0.165333 	0.928972 	1.46708e-18 	0
0.165633 	0.929247 	1.47207e-18 	0
0.165933 	0.929521 	1.47713e-18 	0
0.166233 	0.929795 	1.48218e-18 	0
0.166533 	0.930068 	1.48724e-18 	0
0.166833 	0.93034 	1.49234e-18 	0
0.167134 	0.930611 	1.49743e-18 	0
0.167434 	0.930883 	1.50253e-18 	0
0.167734 	0.931153 	1.50748e-18 	0
0.168034 	0.931423 	1.51239e-18 	0
0.168334 	0.931692 	1.5173e-18 	0
0.168634 	0.931961 	1.52224e-18 	0
0.168934 	0.932229 	1.52723e-18 	0
0.169235 	0.932496 	1.53221e-18 	0
0.169535 	0.932764 	1.53645e-18 	0
0.169835 	0.93303 	1.53496e-18 	0
0.170135 	0.933296 	1.53347e-18 	0
0.170435 	0.933562 	1.53198e-18 	0
0.170735 	0.933826 	1.52508e-18 	0
0.171036 	0.93409 	1.51669e-18 	0
0.171336 	0.934354 	1.5083e-18 	0
0.171636 	0.934617 	1.5e-18 	0
0.171936 	0.934879 	1.49181e-18 	0
0.172236 	0.935141 	1.48362e-18 	0
0.172536 	0.935402 	1.47631e-18 	0
0.172836 	0.935662 	1.4754e-18 	0
0.173137 	0.935922 	1.47449e-18 	0
0.173437 	0.936182 	1.47358e-18 	0
0.173737 	0.93644 	1.47804e-18 	0
0.174037 	0.936698 	1.48393e-18 	0
0.174337 	0.936956 	1.48982e-18 	0
0.174637 	0.937213 	1.49497e-18 	0
0.174937 	0.937469 	1.49925e-18 	0
0.175238 	0.937724 	1.50354e-18 	0
0.175538 	0.93798 	1.50765e-18 	0
0.175838 	0.938234 	1.51062e-18 	0
0.176138 	0.938488 	1.51359e-18 	0
0.176438 	0.938742 	1.51656e-18 	0
0.176738 	0.938994 	1.51977e-18 	0
0.177039 	0.939246 	1.52305e-18 	0
0.177339 	0.939498 	1.52633e-18 	0
0.177639 	0.939748 	1.52963e-18 	0
0.177939 	0.939998 	1.53297e-18 	0
0.178239 	0.940248 	1.53631e-18 	0
0.178539 	0.940497 	1.53965e-18 	0
0.178839 	0.940745 	1.54299e-18 	0
0.17914 	0.940992 	1.54633e-18 	0
0.17944 	0.941239 	1.54968e-18 	0
0.17974 	0.941485 	1.55299e-18 	0
0.18004 	0.941731 	1.55628e-18 	0
0.18034 	0.941976 	1.55958e-18 	0
0.18064 	0.942221 	1.56285e-18 	0
0.18094 	0.942464 	1.56608e-18 	0
0.181241 	0.942707 	1.5693e-18 	0
0.181541 	0.94295 	1.57251e-18 	0
0.181841 	0.94319 	1.57564e-18 	0
0.182141 	0.943431 	1.57876e-18 	0
0.182441 	0.943672 	1.58188e-18 	0
0.182741 	0.943911 	1.5849e-18 	0
0.183042 	0.94415 	1.5879e-18 	0
0.183342 	0.944388 	1.5909e-18 	0
0.183642 	0.944626 	1.59383e-18 	0
0.183942 	0.944862 	1.59667e-18 	0
0.184242 	0.945099 	1.59952e-18 	0
0.184542 	0.945335 	1.60235e-18 	0
0.184842 	0.945569 	1.60502e-18 	0
0.185143 	0.945803 	1.6077e-18 	0
0.185443 	0.946036 	1.61037e-18 	0
0.185743 	0.946268 	1.61288e-18 	0
0.186043 	0.9465 	1.61535e-18 	0
0.186343 	0.946732 	1.61782e-18 	0
0.186643 	0.946962 	1.62017e-18 	0
0.186943 	0.947192 	1.6224e-18 	0
0.187244 	0.947421 	1.62463e-18 	0
0.187544 	0.94765 	1.62682e-18 	0
0.187844 	0.947877 	1.62879e-18 	0
0.188144 	0.948104 	1.63076e-18 	0
0.188444 	0.948331 	1.63273e-18 	0
0.188744 	0.948556 	1.63445e-18 	0
0.189045 	0.94878 	1.63612e-18 	0
0.189345 	0.949004 	1.63778e-18 	0
0.189645 	0.949227 	1.63926e-18 	0
0.189945 	0.94945 	1.64055e-18 	0
0.190245 	0.949672 	1.64184e-18 	0
0.190545 	0.949894 	1.64306e-18 	0
0.190845 	0.950114 	1.64394e-18 	0
0.191146 	0.950334 	1.64482e-18 	0
0.191446 	0.950553 	1.64569e-18 	0
0.191746 	0.950771 	1.64615e-18 	0
0.192046 	0.950989 	1.64652e-18 	0
0.192346 	0.951206 	1.64688e-18 	0
0.192646 	0.951423 	1.64697e-18 	0
0.192946 	0.951639 	1.64675e-18 	0
0.193247 	0.951854 	1.64654e-18 	0
0.193547 	0.952069 	1.64623e-18 	0
0.193847 	0.952283 	1.64537e-18 	0
0.194147 	0.952496 	1.64452e-18 	0
0.194447 	0.952709 	1.64366e-18 	0
0.194747 	0.952922 	1.6424e-18 	0
0.195048 	0.953134 	1.64106e-18 	0
0.195348 	0.953345 	1.63971e-18 	0
0.195648 	0.953556 	1.63814e-18 	0
0.195948 	0.953767 	1.63633e-18 	0
0.196248 	0.953977 	1.63452e-18 	0
0.196548 	0.954187 	1.63257e-18 	0
0.196848 	0.954396 	1.62991e-18 	0
0.197149 	0.954604 	1.62724e-18 	0
0.197449 	0.954813 	1.62458e-18 	0
0.197749 	0.955021 	1.62113e-18 	0
0.198049 	0.955229 	1.61752e-18 	0
0.198349 	0.955437 	1.6139e-18 	0
0.198649 	0.955644 	1.60989e-18 	0
0.198949 	0.95585 	1.60546e-18 	0
0.19925 	0.956056 	1.60104e-18 	0
0.19955 	0.956262 	1.59648e-18 	0
0.19985 	0.956467 	1.59123e-18 	0
0.20015 	0.956672 	1.58598e-18 	0
0.20045 	0.956877 	1.58073e-18 	0
0.20075 	0.957081 	1.57507e-18 	0
0.201051 	0.957285 	1.56933e-18 	0
0.201351 	0.957489 	1.56359e-18 	0
0.201651 	0.957692 	1.55563e-18 	0
0.201951 	0.957894 	1.54549e-18 	0
0.202251 	0.958097 	1.53534e-18 	0
0.202551 	0.958299 	1.52294e-18 	0
0.202851 	0.9585 	1.49955e-18 	0
0.203152 	0.958702 	1.47617e-18 	0
0.203452 	0.958903 	1.45279e-18 	0
0.203752 	0.959103 	1.42942e-18 	0
0.204052 	0.959303 	1.40604e-18 	0
0.204352 	0.959503 	1.38267e-18 	0
0.204652 	0.959702 	1.36602e-18 	0
0.204952 	0.959901 	1.35589e-18 	0
0.205253 	0.960099 	1.34577e-18 	0
0.205553 	0.960298 	1.3364e-18 	0
0.205853 	0.960495 	1.33061e-18 	0
0.206153 	0.960693 	1.32482e-18 	0
0.206453 	0.96089 	1.31903e-18 	0
0.206753 	0.961087 	1.3136e-18 	0
0.207054 	0.961283 	1.30824e-18 	0
0.207354 	0.961479 	1.30288e-18 	0
0.207654 	0.961675 	1.29792e-18 	0
0.207954 	0.96187 	1.29335e-18 	0
0.208254 	0.962065 	1.28877e-18 	0
0.208554 	0.96226 	1.28433e-18 	0
0.208854 	0.962454 	1.28049e-18 	0
0.209155 	0.962648 	1.27666e-18 	0
0.209455 	0.962842 	1.27283e-18 	0
0.209755 	0.963034 	1.2696e-18 	0
0.210055 	0.963227 	1.26649e-18 	0
0.210355 	0.963419 	1.26337e-18 	0
0.210655 	0.963611 	1.26061e-18 	0
0.210955 	0.963803 	1.25816e-18 	0
0.211256 	0.963994 	1.25572e-18 	0
0.211556 	0.964185 	1.25339e-18 	0
0.211856 	0.964376 	1.25156e-18 	0
0.212156 	0.964567 	1.24973e-18 	0
0.212456 	0.964757 	1.2479e-18 	0
0.212756 	0.964947 	1.24654e-18 	0
0.213057 	0.965136 	1.24525e-18 	0
0.213357 	0.965325 	1.24397e-18 	0
0.213657 	0.965513 	1.24295e-18 	0
0.213957 	0.965701 	1.24215e-18 	0
0.214257 	0.965889 	1.24136e-18 	0
0.214557 	0.966077 	1.24065e-18 	0
0.214857 	0.966264 	1.24029e-18 	0
0.215158 	0.966451 	1.23993e-18 	0
0.215458 	0.966638 	1.23957e-18 	0
0.215758 	0.966823 	1.23953e-18 	0
0.216058 	0.967009 	1.23954e-18 	0
0.216358 	0.967194 	1.23955e-18 	0
0.216658 	0.96738 	1.23974e-18 	0
0.216958 	0.967564 	1.24009e-18 	0
0.217259 	0.967749 	1.24043e-18 	0
0.217559 	0.967934 	1.24083e-18 	0
0.217859 	0.968117 	1.24144e-18 	0
0.218159 	0.968301 	1.24205e-18 	0
0.218459 	0.968484 	1.24267e-18 	0
0.218759 	0.968667 	1.24346e-18 	0
0.21906 	0.968849 	1.24428e-18 	0
0.21936 	0.969032 	1.2451e-18 	0
0.21966 	0.969214 	1.24602e-18 	0
0.21996 	0.969395 	1.24703e-18 	0
0.22026 	0.969576 	1.24804e-18 	0
0.22056 	0.969757 	1.24908e-18 	0
0.22086 	0.969937 	1.25024e-18 	0
0.221161 	0.970117 	1.2514e-18 	0
0.221461 	0.970297 	1.25256e-18 	0
0.221761 	0.970477 	1.25382e-18 	0
0.222061 	0.970656 	1.25509e-18 	0
0.222361 	0.970835 	1.25637e-18 	0
0.222661 	0.971014 	1.25769e-18 	0
0.222961 	0.971192 	1.25906e-18 	0
0.223262 	0.97137 	1.26042e-18 	0
0.223562 	0.971547 	1.2618e-18 	0
0.223862 	0.971725 	1.26325e-18 	0
0.224162 	0.971902 	1.2647e-18 	0
0.224462 	0.972079 	1.26616e-18 	0
0.224762 	0.972255 	1.26768e-18 	0
0.225063 	0.972431 	1.26921e-18 	0
0.225363 	0.972607 	1.27074e-18 	0
0.225663 	0.972782 	1.2723e-18 	0
0.225963 	0.972957 	1.27389e-18 	0
0.226263 	0.973132 	1.27548e-18 	0
0.226563 	0.973307 	1.27709e-18 	0
0.226863 	0.97348 	1.27873e-18 	0
0.227164 	0.973654 	1.28037e-18 	0
0.227464 	0.973828 	1.28201e-18 	0
0.227764 	0.974001 	1.28369e-18 	0
0.228064 	0.974174 	1.28538e-18 	0
0.228364 	0.974347 	1.28707e-18 	0
0.228664 	0.974519 	1.28878e-18 	0
0.228964 	0.974691 	1.29051e-18 	0
0.229265 	0.974863 	1.29223e-18 	0
0.229565 	0.975035 	1.29397e-18 	0
0.229865 	0.975206 	1.29573e-18 	0
0.230165 	0.975376 	1.29749e-18 	0
0.230465 	0.975547 	1.29926e-18 	0
0.230765 	0.975717 	1.30104e-18 	0
0.231066 	0.975887 	1.30284e-18 	0
0.231366 	0.976057 	1.30463e-18 	0
0.231666 	0.976226 	1.30644e-18 	0
0.231966 	0.976395 	1.30826e-18 	0
0.232266 	0.976564 	1.31009e-18 	0
0.232566 	0.976732 	1.31192e-18 	0
0.232866 	0.9769 	1.31377e-18 	0
0.233167 	0.977068 	1.31562e-18 	0
0.233467 	0.977235 	1.31747e-18 	0
0.233767 	0.977402 	1.31934e-18 	0
0.234067 	0.977569 	1.32122e-18 	0
0.234367 	0.977736 	1.3231e-18 	0
0.234667 	0.977903 	1.32499e-18 	0
0.234967 	0.978069 	1.32689e-18 	0
0.235268 	0.978235 	1.32879e-18 	0
0.235568 	0.9784 	1.33069e-18 	0
0.235868 	0.978565 	1.33261e-18 	0
0.236168 	0.97873 	1.33454e-18 	0
0.236468 	0.978896 	1.33646e-18 	0
0.236768 	0.97906 	1.33839e-18 	0
0.237069 	0.979223 	1.34033e-18 	0
0.237369 	0.979387 	1.34227e-18 	0
0.237669 	0.979551 	1.34422e-18 	0
0.237969 	0.979714 	1.34618e-18 	0
0.238269 	0.979877 	1.34813e-18 	0
0.238569 	0.980039 	1.35009e-18 	0
0.238869 	0.980201 	1.35206e-18 	0
0.23917 	0.980364 	1.35403e-18 	0
0.23947 	0.980526 	1.356e-18 	0
0.23977 	0.980687 	1.35798e-18 	0
0.24007 	0.980848 	1.35996e-18 	0
0.24037 	0.981009 	1.36194e-18 	0
0.24067 	0.98117 	1.36393e-18 	0
0.24097 	0.98133 	1.36592e-18 	0
0.241271 	0.98149 	1.36791e-18 	0
0.241571 	0.98165 	1.3699e-18 	0
0.241871 	0.981809 	1.3719e-18 	0
0.242171 	0.981968 	1.37389e-18 	0
0.242471 	0.982128 	1.37589e-18 	0
0.242771 	0.982286 	1.37788e-18 	0
0.243072 	0.982445 	1.37988e-18 	0
0.243372 	0.982603 	1.38188e-18 	0
0.243672 	0.982761 	1.38387e-18 	0
0.243972 	0.982918 	1.38587e-18 	0
0.244272 	0.983076 	1.38786e-18 	0
0.244572 	0.983233 	1.38986e-18 	0
0.244872 	0.983389 	1.39185e-18 	0
0.245173 	0.983546 	1.39384e-18 	0
0.245473 	0.983703 	1.39583e-18 	0
0.245773 	0.983858 	1.39781e-18 	0
0.246073 	0.984014 	1.3998e-18 	0
0.246373 	0.984169 	1.40178e-18 	0
0.246673 	0.984324 	1.40376e-18 	0
0.246973 	0.984479 	1.40574e-18 	0
0.247274 	0.984634 	1.40771e-18 	0
0.247574 	0.984789 	1.40968e-18 	0
0.247874 	0.984943 	1.41164e-18 	0
0.248174 	0.985097 	1.4136e-18 	0
0.248474 	0.985251 	1.41556e-18 	0
0.248774 	0.985404 	1.41751e-18 	0
0.249075 	0.985556 	1.41945e-18 	0
0.249375 	0.985709 	1.4214e-18 	0
0.249675 	0.985862 	1.42333e-18 	0
0.249975 	0.986014 	1.42526e-18 	0
0.250275 	0.986166 	1.42719e-18 	0
0.250575 	0.986318 	1.42911e-18 	0
0.250875 	0.986469 	1.43101e-18 	0
0.251176 	0.98662 	1.43292e-18 	0
0.251476 	0.986772 	1.43483e-18 	0
0.251776 	0.986922 	1.43671e-18 	0
0.252076 	0.987073 	1.4386e-18 	0
0.252376 	0.987223 	1.44048e-18 	0
0.252676 	0.987373 	1.44235e-18 	0
0.252976 	0.987522 	1.44421e-18 	0
0.253277 	0.987672 	1.44608e-18 	0
0.253577 	0.987821 	1.44793e-18 	0
0.253877 	0.98797 	1.44977e-18 	0
0.254177 	0.988119 	1.4516e-18 	0
0.254477 	0.988268 	1.45344e-18 	0
0.254777 	0.988415 	1.45526e-18 	0
0.255078 	0.988563 	1.45707e-18 	0
0.255378 	0.988711 	1.45888e-18 	0
0.255678 	0.988858 	1.46068e-18 	0
0.255978 	0.989005 	1.46246e-18 	0
0.256278 	0.989152 	1.46424e-18 	0
0.256578 	0.989299 	1.46602e-18 	0
0.256878 	0.989445 	1.46777e-18 	0
0.257179 	0.989591 	1.46953e-18 	0
0.257479 	0.989738 	1.47129e-18 	0
0.257779 	0.989883 	1.47302e-18 	0
0.258079 	0.990029 	1.47475e-18 	0
0.258379 	0.990174 	1.47647e-18 	0
0.258679 	0.990319 	1.47819e-18 	0
0.258979 	0.990464 	1.47988e-18 	0
0.25928 	0.990608 	1.48158e-18 	0
0.25958 	0.990752 	1.48327e-18 	0
0.25988 	0.990896 	1.48494e-18 	0
0.26018 	0.99104 	1.48661e-18 	0
0.26048 	0.991184 	1.48828e-18 	0
0.26078 	0.991326 	1.48992e-18 	0
0.261081 	0.991469 	1.49157e-18 	0
0.261381 	0.991612 	1.49321e-18 	0
0.261681 	0.991755 	1.49483e-18 	0
0.261981 	0.991897 	1.49644e-18 	0
0.262281 	0.992039 	1.49805e-18 	0
0.262581 	0.992181 	1.49966e-18 	0
0.262881 	0.992323 	1.50124e-18 	0
0.263182 	0.992464 	1.50283e-18 	0
0.263482 	0.992605 	1.50441e-18 	0
0.263782 	0.992746 	1.50597e-18 	0
0.264082 	0.992886 	1.50752e-18 	0
0.264382 	0.993027 	1.50908e-18 	0
0.264682 	0.993167 	1.51062e-18 	0
0.264982 	0.993306 	1.51214e-18 	0
0.265283 	0.993446 	1.51367e-18 	0
0.265583 	0.993585 	1.51518e-18 	0
0.265883 	0.993724 	1.51668e-18 	0
0.266183 	0.993863 	1.51819e-18 	0
0.266483 	0.994002 	1.51969e-18 	0
0.266783 	0.994141 	1.52116e-18 	0
0.267084 	0.994279 	1.52263e-18 	0
0.267384 	0.994417 	1.5241e-18 	0
0.267684 	0.994555 	1.52556e-18 	0
0.267984 	0.994693 	1.527e-18 	0
0.268284 	0.99483 	1.52845e-18 	0
0.268584 	0.994967 	1.52989e-18 	0
0.268884 	0.995104 	1.53131e-18 	0
0.269185 	0.99524 	1.53273e-18 	0
0.269485 	0.995377 	1.53416e-18 	0
0.269785 	0.995513 	1.53555e-18 	0
0.270085 	0.995649 	1.53695e-18 	0
0.270385 	0.995785 	1.53835e-18 	0
0.270685 	0.99592 	1.53973e-18 	0
0.270985 	0.996055 	1.5411e-18 	0
0.271286 	0.996191 	1.54248e-18 	0
0.271586 	0.996325 	1.54385e-18 	0
0.271886 	0.99646 	1.5452e-18 	0
0.272186 	0.996594 	1.54655e-18 	0
0.272486 	0.996729 	1.5479e-18 	0
0.272786 	0.996862 	1.54923e-18 	0
0.273087 	0.996996 	1.55056e-18 	0
0.273387 	0.99713 	1.55189e-18 	0
0.273687 	0.997263 	1.5532e-18 	0
0.273987 	0.997396 	1.55451e-18 	0
0.274287 	0.997529 	1.55582e-18 	0
0.274587 	0.997661 	1.55713e-18 	0
0.274887 	0.997794 	1.55842e-18 	0
0.275188 	0.997926 	1.55971e-18 	0
0.275488 	0.998059 	1.561e-18 	0
0.275788 	0.99819 	1.56227e-18 	0
0.276088 	0.998322 	1.56354e-18 	0
0.276388 	0.998453 	1.56482e-18 	0
0.276688 	0.998584 	1.56608e-18 	0
0.276988 	0.998714 	1.56733e-18 	0
0.277289 	0.998845 	1.56859e-18 	0
0.277589 	0.998975 	1.56984e-18 	0
0.277889 	0.999105 	1.57107e-18 	0
0.278189 	0.999235 	1.57231e-18 	0
0.278489 	0.999365 	1.57355e-18 	0
0.278789 	0.999495 	1.57477e-18 	0
0.27909 	0.999624 	1.576e-18 	0
0.27939 	0.999753 	1.57722e-18 	0
0.27969 	0.999882 	1.57844e-18 	0
0.27999 	1.00001 	1.57964e-18 	0
0.28029 	1.00014 	1.58085e-18 	0
0.28059 	1.00027 	1.58206e-18 	0
0.28089 	1.0004 	1.58325e-18 	0
0.281191 	1.00053 	1.58445e-18 	0
0.281491 	1.00066 	1.58564e-18 	0
0.281791 	1.00078 	1.58683e-18 	0
0.282091 	1.00091 	1.58801e-18 	0
0.282391 	1.00103 	1.5892e-18 	0
0.282691 	1.00116 	1.59038e-18 	0
0.282991 	1.00129 	1.59155e-18 	0
0.283292 	1.00141 	1.59272e-18 	0
0.283592 	1.00154 	1.59389e-18 	0
0.283892 	1.00166 	1.59505e-18 	0
0.284192 	1.00179 	1.59622e-18 	0
0.284492 	1.00192 	1.59738e-18 	0
0.284792 	1.00204 	1.59853e-18 	0
0.285093 	1.00217 	1.59969e-18 	0
0.285393 	1.00229 	1.60084e-18 	0
0.285693 	1.00242 	1.60198e-18 	0
0.285993 	1.00254 	1.60313e-18 	0
0.286293 	1.00267 	1.60427e-18 	0
0.286593 	1.00279 	1.60541e-18 	0
0.286893 	1.00291 	1.60655e-18 	0
0.287194 	1.00303 	1.60769e-18 	0
0.287494 	1.00316 	1.60883e-18 	0
0.287794 	1.00328 	1.60996e-18 	0
0.288094 	1.0034 	1.61108e-18 	0
0.288394 	1.00353 	1.61221e-18 	0
0.288694 	1.00365 	1.61334e-18 	0
0.288994 	1.00377 	1.61446e-18 	0
0.289295 	1.0039 	1.61558e-18 	0
0.289595 	1.00402 	1.6167e-18 	0
0.289895 	1.00414 	1.61782e-18 	0
0.290195 	1.00426 	1.61894e-18 	0
0.290495 	1.00439 	1.62005e-18 	0
0.290795 	1.00451 	1.62117e-18 	0
0.291096 	1.00463 	1.62228e-18 	0
0.291396 	1.00475 	1.62339e-18 	0
0.291696 	1.00487 	1.6245e-18 	0
0.291996 	1.00499 	1.62561e-18 	0
0.292296 	1.00511 	1.62672e-18 	0
0.292596 	1.00523 	1.62782e-18 	0
0.292896 	1.00535 	1.62893e-18 	0
0.293197 	1.00547 	1.63003e-18 	0
0.293497 	1.00559 	1.63114e-18 	0
0.293797 	1.00571 	1.63224e-18 	0
0.294097 	1.00583 	1.63334e-18 	0
0.294397 	1.00595 	1.63444e-18 	0
0.294697 	1.00607 	1.63554e-18 	0
0.294997 	1.00618 	1.63664e-18 	0
0.295298 	1.0063 	1.63773e-18 	0
0.295598 	1.00642 	1.63883e-18 	0
0.295898 	1.00654 	1.63992e-18 	0
0.296198 	1.00666 	1.64102e-18 	0
0.296498 	1.00678 	1.64211e-18 	0
0.296798 	1.0069 	1.64321e-18 	0
0.297099 	1.00701 	1.6443e-18 	0
0.297399 	1.00713 	1.6454e-18 	0
0.297699 	1.00725 	1.64649e-18 	0
0.297999 	1.00736 	1.64759e-18 	0
0.298299 	1.00747 	1.64868e-18 	0
0.298599 	1.00759 	1.64977e-18 	0
0.298899 	1.00771 	1.65086e-18 	0
0.2992 	1.00782 	1.65195e-18 	0
0.2995 	1.00794 	1.65304e-18 	0
0.2998 	1.00805 	1.65413e-18 	0
0.3001 	1.00817 	1.65522e-18 	0
0.3004 	1.00828 	1.65631e-18 	0
0.3007 	1.0084 	1.6574e-18 	0
0.301001 	1.00852 	1.65849e-18 	0
0.301301 	1.00863 	1.65958e-18 	0
0.301601 	1.00875 	1.66067e-18 	0
0.301901 	1.00886 	1.66176e-18 	0
0.302201 	1.00898 	1.66284e-18 	0
0.302501 	1.00909 	1.66393e-18 	0
0.302801 	1.0092 	1.66502e-18 	0
0.303102 	1.00932 	1.66611e-18 	0
0.303402 	1.00943 	1.6672e-18 	0
0.303702 	1.00954 	1.66829e-18 	0
0.304002 	1.00966 	1.66938e-18 	0
0.304302 	1.00977 	1.67047e-18 	0
0.304602 	1.00988 	1.67156e-18 	0
0.304902 	1.00999 	1.67265e-18 	0
0.305203 	1.01011 	1.67374e-18 	0
0.305503 	1.01022 	1.67483e-18 	0
0.305803 	1.01033 	1.67592e-18 	0
0.306103 	1.01044 	1.67701e-18 	0
0.306403 	1.01055 	1.6781e-18 	0
0.306703 	1.01067 	1.67919e-18 	0
0.307004 	1.01078 	1.68028e-18 	0
0.307304 	1.01089 	1.68138e-18 	0
0.307604 	1.011 	1.68247e-18 	0
0.307904 	1.01111 	1.68356e-18 	0
0.308204 	1.01122 	1.68465e-18 	0
0.308504 	1.01133 	1.68575e-18 	0
0.308804 	1.01144 	1.68684e-18 	0
0.309105 	1.01155 	1.68793e-18 	0
0.309405 	1.01166 	1.68902e-18 	0
0.309705 	1.01177 	1.69012e-18 	0
0.310005 	1.01188 	1.69121e-18 	0
0.310305 	1.01199 	1.69231e-18 	0
0.310605 	1.0121 	1.6934e-18 	0
0.310905 	1.01221 	1.6945e-18 	0
0.311206 	1.01231 	1.6956e-18 	0
0.311506 	1.01242 	1.69669e-18 	0
0.311806 	1.01253 	1.69779e-18 	0
0.312106 	1.01264 	1.69888e-18 	0
0.312406 	1.01275 	1.69998e-18 	0
0.312706 	1.01285 	1.70108e-18 	0
0.313007 	1.01296 	1.70217e-18 	0
0.313307 	1.01307 	1.70327e-18 	0
0.313607 	1.01318 	1.70437e-18 	0
0.313907 	1.01328 	1.70547e-18 	0
0.314207 	1.01339 	1.70658e-18 	0
0.314507 	1.01349 	1.70768e-18 	0
0.314807 	1.0136 	1.70878e-18 	0
0.315108 	1.01371 	1.70988e-18 	0
0.315408 	1.01382 	1.71098e-18 	0
0.315708 	1.01392 	1.71208e-18 	0
0.316008 	1.01403 	1.71318e-18 	0
0.316308 	1.01413 	1.71429e-18 	0
0.316608 	1.01424 	1.71539e-18 	0
0.316908 	1.01434 	1.71649e-18 	0
0.317209 	1.01445 	1.7176e-18 	0
0.317509 	1.01455 	1.7187e-18 	0
0.317809 	1.01466 	1.71981e-18 	0
0.318109 	1.01476 	1.72092e-18 	0
0.318409 	1.01487 	1.72202e-18 	0
0.318709 	1.01497 	1.72313e-18 	0
0.31901 	1.01508 	1.72424e-18 	0
0.31931 	1.01518 	1.72535e-18 	0
0.31961 	1.01529 	1.72646e-18 	0
0.31991 	1.01539 	1.72757e-18 	0
0.32021 	1.01549 	1.72868e-18 	0
0.32051 	1.01559 	1.72979e-18 	0
0.32081 	1.0157 	1.7309e-18 	0
0.321111 	1.0158 	1.73201e-18 	0
0.321411 	1.01591 	1.73312e-18 	0
0.321711 	1.01601 	1.73423e-18 	0
0.322011 	1.01611 	1.73535e-18 	0
0.322311 	1.01622 	1.73646e-18 	0
0.322611 	1.01632 	1.73757e-18 	0
0.322911 	1.01642 	1.73869e-18 	0
0.323212 	1.01652 	1.7398e-18 	0
0.323512 	1.01662 	1.74091e-18 	0
0.323812 	1.01672 	1.74203e-18 	0
0.324112 	1.01682 	1.74315e-18 	0
0.324412 	1.01692 	1.74426e-18 	0
0.324712 	1.01702 	1.74538e-18 	0
0.325013 	1.01712 	1.7465e-18 	0
0.325313 	1.01723 	1.74761e-18 	0
0.325613 	1.01733 	1.74873e-18 	0
0.325913 	1.01743 	1.74985e-18 	0
0.326213 	1.01753 	1.75097e-18 	0
0.326513 	1.01762 	1.75209e-18 	0
0.326813 	1.01773 	1.75321e-18 	0
0.327114 	1.01783 	1.75433e-18 	0
0.327414 	1.01793 	1.75546e-18 	0
0.327714 	1.01803 	1.75658e-18 	0
0.328014 	1.01813 	1.7577e-18 	0
0.328314 	1.01823 	1.75882e-18 	0
0.328614 	1.01833 	1.75995e-18 	0
0.328914 	1.01843 	1.76107e-18 	0
0.329215 	1.01853 	1.76219e-18 	0
0.329515 	1.01862 	1.76332e-18 	0
0.329815 	1.01872 	1.76444e-18 	0
0.330115 	1.01882 	1.76557e-18 	0
0.330415 	1.01891 	1.76669e-18 	0
0.330715 	1.01901 	1.76782e-18 	0
0.331016 	1.01911 	1.76894e-18 	0
0.331316 	1.01921 	1.77007e-18 	0
0.331616 	1.01931 	1.7712e-18 	0
0.331916 	1.0194 	1.77232e-18 	0
0.332216 	1.0195 	1.77345e-18 	0
0.332516 	1.0196 	1.77458e-18 	0
0.332816 	1.01969 	1.77571e-18 	0
0.333117 	1.01979 	1.77684e-18 	0
0.333417 	1.01989 	1.77797e-18 	0
0.333717 	1.01999 	1.7791e-18 	0
0.334017 	1.02009 	1.78022e-18 	0
0.334317 	1.02018 	1.78135e-18 	0
0.334617 	1.02028 	1.78248e-18 	0
0.334917 	1.02037 	1.78361e-18 	0
0.335218 	1.02047 	1.78475e-18 	0
0.335518 	1.02057 	1.78588e-18 	0
0.335818 	1.02066 	1.78701e-18 	0
0.336118 	1.02075 	1.78814e-18 	0
0.336418 	1.02084 	1.78927e-18 	0
0.336718 	1.02094 	1.79041e-18 	0
0.337019 	1.02104 	1.79154e-18 	0
0.337319 	1.02113 	1.79267e-18 	0
0.337619 	1.02123 	1.79381e-18 	0
0.337919 	1.02132 	1.79494e-18 	0
0.338219 	1.02141 	1.79608e-18 	0
0.338519 	1.02151 	1.79721e-18 	0
0.338819 	1.0216 	1.79835e-18 	0
0.33912 	1.02169 	1.79948e-18 	0
0.33942 	1.02179 	1.80062e-18 	0
0.33972 	1.02188 	1.80175e-18 	0
0.34002 	1.02198 	1.80289e-18 	0
0.34032 	1.02207 	1.80402e-18 	0
0.34062 	1.02217 	1.80516e-18 	0
0.34092 	1.02226 	1.80629e-18 	0
0.341221 	1.02235 	1.80743e-18 	0
0.341521 	1.02244 	1.80857e-18 	0
0.341821 	1.02253 	1.80971e-18 	0
0.342121 	1.02262 	1.81084e-18 	0
0.342421 	1.02272 	1.81198e-18 	0
0.342721 	1.02281 	1.81312e-18 	0
0.343022 	1.0229 	1.81426e-18 	0
0.343322 	1.02299 	1.81539e-18 	0
0.343622 	1.02309 	1.81653e-18 	0
0.343922 	1.02318 	1.81767e-18 	0
0.344222 	1.02327 	1.81881e-18 	0
0.344522 	1.02336 	1.81994e-18 	0
0.344822 	1.02345 	1.82109e-18 	0
0.345123 	1.02354 	1.82223e-18 	0
0.345423 	1.02363 	1.82337e-18 	0
0.345723 	1.02372 	1.8245e-18 	0
0.346023 	1.02381 	1.82564e-18 	0
0.346323 	1.0239 	1.82678e-18 	0
0.346623 	1.02399 	1.82792e-18 	0
0.346923 	1.02408 	1.82906e-18 	0
0.347224 	1.02417 	1.8302e-18 	0
0.347524 	1.02426 	1.83134e-18 	0
0.347824 	1.02435 	1.83248e-18 	0
0.348124 	1.02444 	1.83362e-18 	0
0.348424 	1.02453 	1.83476e-18 	0
0.348724 	1.02462 	1.8359e-18 	0
0.349025 	1.02471 	1.83704e-18 	0
0.349325 	1.0248 	1.83818e-18 	0
0.349625 	1.02489 	1.83931e-18 	0
0.349925 	1.02497 	1.84045e-18 	0
0.350225 	1.02506 	1.8416e-18 	0
0.350525 	1.02515 	1.84274e-18 	0
0.350825 	1.02524 	1.84388e-18 	0
0.351126 	1.02533 	1.84502e-18 	0
0.351426 	1.02542 	1.84616e-18 	0
0.351726 	1.02551 	1.8473e-18 	0
0.352026 	1.02559 	1.84843e-18 	0
0.352326 	1.02568 	1.84957e-18 	0
0.352626 	1.02577 	1.85071e-18 	0
0.352926 	1.02585 	1.85185e-18 	0
0.353227 	1.02594 	1.85299e-18 	0
0.353527 	1.02603 	1.85413e-18 	0
0.353827 	1.02611 	1.85527e-18 	0
0.354127 	1.0262 	1.85641e-18 	0
0.354427 	1.02629 	1.85755e-18 	0
0.354727 	1.02637 	1.85869e-18 	0
0.355028 	1.02646 	1.85983e-18 	0
0.355328 	1.02654 	1.86097e-18 	0
0.355628 	1.02663 	1.86211e-18 	0
0.355928 	1.02671 	1.86325e-18 	0
0.356228 	1.0268 	1.86439e-18 	0
0.356528 	1.02689 	1.86553e-18 	0
0.356828 	1.02697 	1.86666e-18 	0
0.357129 	1.02706 	1.8678e-18 	0
0.357429 	1.02714 	1.86894e-18 	0
0.357729 	1.02723 	1.87008e-18 	0
0.358029 	1.02731 	1.87121e-18 	0
0.358329 	1.0274 	1.87235e-18 	0
0.358629 	1.02749 	1.87349e-18 	0
0.358929 	1.02757 	1.87463e-18 	0
0.35923 	1.02765 	1.87577e-18 	0
0.35953 	1.02774 	1.8769e-18 	0
0.35983 	1.02782 	1.87804e-18 	0
0.36013 	1.02791 	1.87918e-18 	0
0.36043 	1.02799 	1.88032e-18 	0
0.36073 	1.02807 	1.88145e-18 	0
0.361031 	1.02815 	1.88259e-18 	0
0.361331 	1.02823 	1.88372e-18 	0
0.361631 	1.02832 	1.88485e-18 	0
0.361931 	1.0284 	1.88599e-18 	0
0.362231 	1.02848 	1.88712e-18 	0
0.362531 	1.02857 	1.88826e-18 	0
0.362831 	1.02865 	1.88939e-18 	0
0.363132 	1.02874 	1.89053e-18 	0
0.363432 	1.02882 	1.89166e-18 	0
0.363732 	1.0289 	1.89279e-18 	0
0.364032 	1.02898 	1.89393e-18 	0
0.364332 	1.02906 	1.89506e-18 	0
0.364632 	1.02915 	1.89619e-18 	0
0.364932 	1.02923 	1.89732e-18 	0
0.365233 	1.02931 	1.89846e-18 	0
0.365533 	1.02939 	1.89959e-18 	0
0.365833 	1.02947 	1.90073e-18 	0
0.366133 	1.02955 	1.90186e-18 	0
0.366433 	1.02963 	1.90299e-18 	0
0.366733 	1.02971 	1.90412e-18 	0
0.367034 	1.02979 	1.90525e-18 	0
0.367334 	1.02988 	1.90637e-18 	0
0.367634 	1.02996 	1.9075e-18 	0
0.367934 	1.03004 	1.90863e-18 	0
0.368234 	1.03012 	1.90976e-18 	0
0.368534 	1.0302 	1.91089e-18 	0
0.368834 	1.03028 	1.91202e-18 	0
0.369135 	1.03036 	1.91315e-18 	0
0.369435 	1.03044 	1.91427e-18 	0
0.369735 	1.03052 	1.9154e-18 	0
0.370035 	1.0306 	1.91653e-18 	0
0.370335 	1.03068 	1.91765e-18 	0
0.370635 	1.03076 	1.91878e-18 	0
0.370935 	1.03084 	1.9199e-18 	0
0.371236 	1.03092 	1.92103e-18 	0
0.371536 	1.031 	1.92215e-18 	0
0.371836 	1.03108 	1.92328e-18 	0
0.372136 	1.03116 	1.9244e-18 	0
0.372436 	1.03123 	1.92552e-18 	0
0.372736 	1.03131 	1.92664e-18 	0
0.373037 	1.03139 	1.92777e-18 	0
0.373337 	1.03147 	1.92889e-18 	0
0.373637 	1.03155 	1.93001e-18 	0
0.373937 	1.03162 	1.93113e-18 	0
0.374237 	1.0317 	1.93225e-18 	0
0.374537 	1.03178 	1.93337e-18 	0
0.374837 	1.03186 	1.93449e-18 	0
0.375138 	1.03194 	1.9356e-18 	0
0.375438 	1.03201 	1.93672e-18 	0
0.375738 	1.03209 	1.93783e-18 	0
0.376038 	1.03217 	1.93895e-18 	0
0.376338 	1.03225 	1.94007e-18 	0
0.376638 	1.03232 	1.94118e-18 	0
0.376938 	1.0324 	1.9423e-18 	0
0.377239 	1.03247 	1.94342e-18 	0
0.377539 	1.03255 	1.94453e-18 	0
0.377839 	1.03263 	1.94565e-18 	0
0.378139 	1.03271 	1.94676e-18 	0
0.378439 	1.03278 	1.94787e-18 	0
0.378739 	1.03286 	1.94899e-18 	0
0.37904 	1.03293 	1.9501e-18 	0
0.37934 	1.03301 	1.95121e-18 	0
0.37964 	1.03308 	1.95232e-18 	0
0.37994 	1.03316 	1.95342e-18 	0
0.38024 	1.03324 	1.95453e-18 	0
0.38054 	1.03331 	1.95564e-18 	0
0.38084 	1.03339 	1.95675e-18 	0
0.381141 	1.03347 	1.95785e-18 	0
0.381441 	1.03354 	1.95896e-18 	0
0.381741 	1.03362 	1.96007e-18 	0
0.382041 	1.03369 	1.96118e-18 	0
0.382341 	1.03376 	1.96228e-18 	0
0.382641 	1.03384 	1.96339e-18 	0
0.382941 	1.03391 	1.96449e-18 	0
0.383242 	1.03399 	1.96559e-18 	0
0.383542 	1.03406 	1.96669e-18 	0
0.383842 	1.03414 	1.96779e-18 	0
0.384142 	1.03421 	1.9689e-18 	0
0.384442 	1.03429 	1.97e-18 	0
0.384742 	1.03436 	1.9711e-18 	0
0.385043 	1.03444 	1.9722e-18 	0
0.385343 	1.03451 	1.97329e-18 	0
0.385643 	1.03458 	1.97439e-18 	0
0.385943 	1.03466 	1.97549e-18 	0
0.386243 	1.03473 	1.97658e-18 	0
0.386543 	1.0348 	1.97768e-18 	0
0.386843 	1.03487 	1.97877e-18 	0
0.387144 	1.03494 	1.97987e-18 	0
0.387444 	1.03502 	1.98096e-18 	0
0.387744 	1.03509 	1.98206e-18 	0
0.388044 	1.03516 	1.98315e-18 	0
0.388344 	1.03523 	1.98424e-18 	0
0.388644 	1.0353 	1.98533e-18 	0
0.388944 	1.03538 	1.98642e-18 	0
0.389245 	1.03545 	1.98751e-18 	0
0.389545 	1.03552 	1.98859e-18 	0
0.389845 	1.03559 	1.98968e-18 	0
0.390145 	1.03566 	1.99077e-18 	0
0.390445 	1.03574 	1.99186e-18 	0
0.390745 	1.03581 	1.99295e-18 	0
0.391046 	1.03588 	1.99403e-18 	0
0.391346 	1.03595 	1.99511e-18 	0
0.391646 	1.03602 	1.99619e-18 	0
0.391946 	1.0361 	1.99728e-18 	0
0.392246 	1.03617 	1.99836e-18 	0
0.392546 	1.03624 	1.99944e-18 	0
0.392846 	1.03631 	2.00052e-18 	0
0.393147 	1.03638 	2.0016e-18 	0
0.393447 	1.03645 	2.00268e-18 	0
0.393747 	1.03652 	2.00376e-18 	0
0.394047 	1.03659 	2.00483e-18 	0
0.394347 	1.03666 	2.00591e-18 	0
0.394647 	1.03673 	2.00699e-18 	0
0.394947 	1.0368 	2.00806e-18 	0
0.395248 	1.03687 	2.00914e-18 	0
0.395548 	1.03694 	2.01021e-18 	0
0.395848 	1.03701 	2.01128e-18 	0
0.396148 	1.03708 	2.01235e-18 	0
0.396448 	1.03715 	2.01342e-18 	0
0.396748 	1.03722 	2.01449e-18 	0
0.397049 	1.03729 	2.01556e-18 	0
0.397349 	1.03736 	2.01663e-18 	0
0.397649 	1.03742 	2.0177e-18 	0
0.397949 	1.03749 	2.01876e-18 	0
0.398249 	1.03756 	2.01983e-18 	0
0.398549 	1.03763 	2.02089e-18 	0
0.398849 	1.0377 	2.02196e-18 	0
0.39915 	1.03777 	2.02302e-18 	0
0.39945 	1.03784 	2.02408e-18 	0
0.39975 	1.03791 	2.02514e-18 	0
0.40005 	1.03798 	2.0262e-18 	0
0.40035 	1.03805 	2.02726e-18 	0
0.40065 	1.03811 	2.02832e-18 	0
0.40095 	1.03818 	2.02938e-18 	0
0.401251 	1.03825 	2.03043e-18 	0
0.401551 	1.03831 	2.03149e-18 	0
0.401851 	1.03838 	2.03255e-18 	0
0.402151 	1.03845 	2.0336e-18 	0
0.402451 	1.03852 	2.03466e-18 	0
0.402751 	1.03859 	2.03571e-18 	0
0.403052 	1.03865 	2.03676e-18 	0
0.403352 	1.03872 	2.03781e-18 	0
0.403652 	1.03878 	2.03886e-18 	0
0.403952 	1.03885 	2.03991e-18 	0
0.404252 	1.03892 	2.04095e-18 	0
0.404552 	1.03899 	2.042e-18 	0
0.404852 	1.03906 	2.04305e-18 	0
0.405153 	1.03912 	2.0441e-18 	0
0.405453 	1.03919 	2.04515e-18 	0
0.405753 	1.03926 	2.04619e-18 	0
0.406053 	1.03932 	2.04723e-18 	0
0.406353 	1.03939 	2.04827e-18 	0
0.406653 	1.03945 	2.04931e-18 	0
0.406953 	1.03952 	2.05035e-18 	0
0.407254 	1.03959 	2.0514e-18 	0
0.407554 	1.03965 	2.05244e-18 	0
0.407854 	1.03971 	2.05347e-18 	0
0.408154 	1.03978 	2.05451e-18 	0
0.408454 	1.03984 	2.05554e-18 	0
0.408754 	1.03991 	2.05658e-18 	0
0.409055 	1.03997 	2.05761e-18 	0
0.409355 	1.04004 	2.05864e-18 	0
0.409655 	1.0401 	2.05967e-18 	0
0.409955 	1.04017 	2.0607e-18 	0
0.410255 	1.04024 	2.06173e-18 	0
0.410555 	1.0403 	2.06276e-18 	0
0.410855 	1.04036 	2.06379e-18 	0
0.411156 	1.04043 	2.06482e-18 	0
0.411456 	1.04049 	2.06585e-18 	0
0.411756 	1.04055 	2.06687e-18 	0
0.412056 	1.04062 	2.0679e-18 	0
0.412356 	1.04068 	2.06892e-18 	0
0.412656 	1.04074 	2.06994e-18 	0
0.412956 	1.04081 	2.07096e-18 	0
0.413257 	1.04088 	2.07198e-18 	0
0.413557 	1.04094 	2.073e-18 	0
0.413857 	1.041 	2.07402e-18 	0
0.414157 	1.04107 	2.07504e-18 	0
0.414457 	1.04113 	2.07606e-18 	0
0.414757 	1.04119 	2.07707e-18 	0
0.415058 	1.04126 	2.07808e-18 	0
0.415358 	1.04132 	2.0791e-18 	0
0.415658 	1.04138 	2.08011e-18 	0
0.415958 	1.04145 	2.08112e-18 	0
0.416258 	1.04151 	2.08213e-18 	0
0.416558 	1.04157 	2.08315e-18 	0
0.416858 	1.04163 	2.08415e-18 	0
0.417159 	1.04169 	2.08516e-18 	0
0.417459 	1.04175 	2.08617e-18 	0
0.417759 	1.04181 	2.08718e-18 	0
0.418059 	1.04188 	2.08818e-18 	0
0.418359 	1.04194 	2.08919e-18 	0
0.418659 	1.042 	2.09019e-18 	0
0.418959 	1.04207 	2.09119e-18 	0
0.41926 	1.04213 	2.09219e-18 	0
0.41956 	1.04219 	2.09319e-18 	0
0.41986 	1.04225 	2.09419e-18 	0
0.42016 	1.04231 	2.09519e-18 	0
0.42046 	1.04237 	2.09619e-18 	0
0.42076 	1.04243 	2.09718e-18 	0
0.421061 	1.04249 	2.09818e-18 	0
0.421361 	1.04255 	2.09917e-18 	0
0.421661 	1.04261 	2.10016e-18 	0
0.421961 	1.04268 	2.10116e-18 	0
0.422261 	1.04274 	2.10215e-18 	0
0.422561 	1.0428 	2.10314e-18 	0
0.422861 	1.04286 	2.10413e-18 	0
0.423162 	1.04292 	2.10512e-18 	0
0.423462 	1.04298 	2.1061e-18 	0
0.423762 	1.04304 	2.10709e-18 	0
0.424062 	1.0431 	2.10807e-18 	0
0.424362 	1.04316 	2.10906e-18 	0
0.424662 	1.04322 	2.11004e-18 	0
0.424962 	1.04328 	2.11102e-18 	0
0.425263 	1.04334 	2.112e-18 	0
0.425563 	1.0434 	2.11298e-18 	0
0.425863 	1.04346 	2.11396e-18 	0
0.426163 	1.04352 	2.11494e-18 	0
0.426463 	1.04357 	2.11592e-18 	0
0.426763 	1.04363 	2.1169e-18 	0
0.427064 	1.04369 	2.11787e-18 	0
0.427364 	1.04375 	2.11885e-18 	0
0.427664 	1.04381 	2.11982e-18 	0
0.427964 	1.04387 	2.12079e-18 	0
0.428264 	1.04393 	2.12177e-18 	0
0.428564 	1.04399 	2.12274e-18 	0
0.428864 	1.04405 	2.1237e-18 	0
0.429165 	1.04411 	2.12467e-18 	0
0.429465 	1.04416 	2.12564e-18 	0
0.429765 	1.04422 	2.1266e-18 	0
0.430065 	1.04428 	2.12757e-18 	0
0.430365 	1.04434 	2.12854e-18 	0
0.430665 	1.0444 	2.1295e-18 	0
0.430965 	1.04446 	2.13046e-18 	0
0.431266 	1.04452 	2.13142e-18 	0
0.431566 	1.04457 	2.13238e-18 	0
0.431866 	1.04463 	2.13334e-18 	0
0.432166 	1.04469 	2.1343e-18 	0
0.432466 	1.04474 	2.13526e-18 	0
0.432766 	1.0448 	2.13622e-18 	0
0.433067 	1.04486 	2.13717e-18 	0
0.433367 	1.04491 	2.13813e-18 	0
0.433667 	1.04497 	2.13908e-18 	0
0.433967 	1.04503 	2.14003e-18 	0
0.434267 	1.04509 	2.14098e-18 	0
0.434567 	1.04514 	2.14193e-18 	0
0.434867 	1.0452 	2.14288e-18 	0
0.435168 	1.04526 	2.14382e-18 	0
0.435468 	1.04531 	2.14477e-18 	0
0.435768 	1.04537 	2.14571e-18 	0
0.436068 	1.04543 	2.14666e-18 	0
0.436368 	1.04548 	2.1476e-18 	0
0.436668 	1.04554 	2.14855e-18 	0
0.436968 	1.0456 	2.14949e-18 	0
0.437269 	1.04566 	2.15043e-18 	0
0.437569 	1.04571 	2.15137e-18 	0
0.437869 	1.04577 	2.15231e-18 	0
0.438169 	1.04582 	2.15325e-18 	0
0.438469 	1.04587 	2.15418e-18 	0
0.438769 	1.04593 	2.15512e-18 	0
0.43907 	1.04599 	2.15606e-18 	0
0.43937 	1.04605 	2.15699e-18 	0
0.43967 	1.0461 	2.15793e-18 	0
0.43997 	1.04615 	2.15886e-18 	0
0.44027 	1.04621 	2.15979e-18 	0
0.44057 	1.04626 	2.16072e-18 	0
0.44087 	1.04632 	2.16164e-18 	0
0.441171 	1.04637 	2.16257e-18 	0
0.441471 	1.04642 	2.1635e-18 	0
0.441771 	1.04648 	2.16442e-18 	0
0.442071 	1.04654 	2.16535e-18 	0
0.442371 	1.0466 	2.16627e-18 	0
0.442671 	1.04665 	2.1672e-18 	0
0.442971 	1.0467 	2.16812e-18 	0
0.443272 	1.04676 	2.16904e-18 	0
0.443572 	1.04681 	2.16996e-18 	0
0.443872 	1.04687 	2.17087e-18 	0
0.444172 	1.04692 	2.17179e-18 	0
0.444472 	1.04698 	2.17271e-18 	0
0.444772 	1.04703 	2.17362e-18 	0
0.445073 	1.04708 	2.17454e-18 	0
0.445373 	1.04714 	2.17545e-18 	0
0.445673 	1.04719 	2.17636e-18 	0
0.445973 	1.04725 	2.17727e-18 	0
0.446273 	1.0473 	2.17818e-18 	0
0.446573 	1.04735 	2.17909e-18 	0
0.446873 	1.0474 	2.18e-18 	0
0.447174 	1.04745 	2.18091e-18 	0
0.447474 	1.04751 	2.18182e-18 	0
0.447774 	1.04756 	2.18272e-18 	0
0.448074 	1.04761 	2.18363e-18 	0
0.448374 	1.04767 	2.18453e-18 	0
0.448674 	1.04772 	2.18543e-18 	0
0.448974 	1.04777 	2.18633e-18 	0
0.449275 	1.04782 	2.18723e-18 	0
0.449575 	1.04787 	2.18813e-18 	0
0.449875 	1.04793 	2.18903e-18 	0
0.450175 	1.04798 	2.18993e-18 	0
0.450475 	1.04804 	2.19083e-18 	0
0.450775 	1.04809 	2.19172e-18 	0
0.451076 	1.04814 	2.19262e-18 	0
0.451376 	1.04819 	2.19351e-18 	0
0.451676 	1.04824 	2.1944e-18 	0
0.451976 	1.0483 	2.19529e-18 	0
0.452276 	1.04835 	2.19619e-18 	0
0.452576 	1.0484 	2.19708e-18 	0
0.452876 	1.04845 	2.19796e-18 	0
0.453177 	1.04851 	2.19885e-18 	0
0.453477 	1.04856 	2.19973e-18 	0
0.453777 	1.04861 	2.20062e-18 	0
0.454077 	1.04866 	2.2015e-18 	0
0.454377 	1.04871 	2.20239e-18 	0
0.454677 	1.04876 	2.20327e-18 	0
0.454977 	1.04881 	2.20415e-18 	0
0.455278 	1.04886 	2.20504e-18 	0
0.455578 	1.04891 	2.20592e-18 	0
0.455878 	1.04896 	2.20679e-18 	0
0.456178 	1.04902 	2.20767e-18 	0
0.456478 	1.04907 	2.20855e-18 	0
0.456778 	1.04912 	2.20942e-18 	0
0.457079 	1.04917 	2.21029e-18 	0
0.457379 	1.04922 	2.21117e-18 	0
0.457679 	1.04927 	2.21204e-18 	0
0.457979 	1.04932 	2.21291e-18 	0
0.458279 	1.04936 	2.21378e-18 	0
0.458579 	1.04941 	2.21465e-18 	0
0.458879 	1.04946 	2.21552e-18 	0
0.45918 	1.04952 	2.21639e-18 	0
0.45948 	1.04957 	2.21726e-18 	0
0.45978 	1.04961 	2.21813e-18 	0
0.46008 	1.04966 	2.21899e-18 	0
0.46038 	1.04971 	2.21985e-18 	0
0.46068 	1.04976 	2.22072e-18 	0
0.46098 	1.04981 	2.22157e-18 	0
0.461281 	1.04986 	2.22243e-18 	0
0.461581 	1.04991 	2.22329e-18 	0
0.461881 	1.04996 	2.22415e-18 	0
0.462181 	1.05001 	2.22501e-18 	0
0.462481 	1.05006 	2.22587e-18 	0
0.462781 	1.05011 	2.22672e-18 	0
0.463082 	1.05015 	2.22758e-18 	0
0.463382 	1.0502 	2.22843e-18 	0
0.463682 	1.05025 	2.22929e-18 	0
0.463982 	1.0503 	2.23014e-18 	0
0.464282 	1.05035 	2.23099e-18 	0
0.464582 	1.0504 	2.23184e-18 	0
0.464882 	1.05045 	2.23269e-18 	0
0.465183 	1.0505 	2.23354e-18 	0
0.465483 	1.05055 	2.23439e-18 	0
0.465783 	1.0506 	2.23523e-18 	0
0.466083 	1.05064 	2.23608e-18 	0
0.466383 	1.05069 	2.23692e-18 	0
0.466683 	1.05074 	2.23777e-18 	0
0.466983 	1.05079 	2.23861e-18 	0
0.467284 	1.05084 	2.23945e-18 	0
0.467584 	1.05088 	2.24029e-18 	0
0.467884 	1.05093 	2.24113e-18 	0
0.468184 	1.05098 	2.24197e-18 	0
0.468484 	1.05103 	2.24281e-18 	0
0.468784 	1.05107 	2.24364e-18 	0
0.469085 	1.05112 	2.24448e-18 	0
0.469385 	1.05116 	2.24532e-18 	0
0.469685 	1.05121 	2.24615e-18 	0
0.469985 	1.05126 	2.24698e-18 	0
0.470285 	1.05131 	2.24781e-18 	0
0.470585 	1.05135 	2.24865e-18 	0
0.470885 	1.0514 	2.24947e-18 	0
0.471186 	1.05145 	2.2503e-18 	0
0.471486 	1.0515 	2.25113e-18 	0
0.471786 	1.05154 	2.25196e-18 	0
0.472086 	1.05159 	2.25279e-18 	0
0.472386 	1.05163 	2.25362e-18 	0
0.472686 	1.05168 	2.25444e-18 	0
0.472986 	1.05172 	2.25526e-18 	0
0.473287 	1.05177 	2.25609e-18 	0
0.473587 	1.05181 	2.25691e-18 	0
0.473887 	1.05186 	2.25773e-18 	0
0.474187 	1.05191 	2.25855e-18 	0
0.474487 	1.05196 	2.25937e-18 	0
0.474787 	1.052 	2.26018e-18 	0
0.475088 	1.05205 	2.261e-18 	0
0.475388 	1.05209 	2.26182e-18 	0
0.475688 	1.05214 	2.26264e-18 	0
0.475988 	1.05218 	2.26345e-18 	0
0.476288 	1.05223 	2.26427e-18 	0
0.476588 	1.05227 	2.26508e-18 	0
0.476888 	1.05232 	2.26589e-18 	0
0.477189 	1.05236 	2.2667e-18 	0
0.477489 	1.05241 	2.26751e-18 	0
0.477789 	1.05245 	2.26832e-18 	0
0.478089 	1.0525 	2.26913e-18 	0
0.478389 	1.05254 	2.26994e-18 	0
0.478689 	1.05259 	2.27075e-18 	0
0.478989 	1.05263 	2.27155e-18 	0
0.47929 	1.05268 	2.27236e-18 	0
0.47959 	1.05272 	2.27316e-18 	0
0.47989 	1.05277 	2.27396e-18 	0
0.48019 	1.05281 	2.27476e-18 	0
0.48049 	1.05286 	2.27556e-18 	0
0.48079 	1.0529 	2.27636e-18 	0
0.481091 	1.05295 	2.27716e-18 	0
0.481391 	1.05299 	2.27796e-18 	0
0.481691 	1.05304 	2.27876e-18 	0
0.481991 	1.05308 	2.27956e-18 	0
0.482291 	1.05312 	2.28035e-18 	0
0.482591 	1.05316 	2.28115e-18 	0
0.482891 	1.05321 	2.28194e-18 	0
0.483192 	1.05325 	2.28274e-18 	0
0.483492 	1.0533 	2.28353e-18 	0
0.483792 	1.05334 	2.28432e-18 	0
0.484092 	1.05339 	2.28511e-18 	0
0.484392 	1.05343 	2.2859e-18 	0
0.484692 	1.05348 	2.28669e-18 	0
0.484992 	1.05352 	2.28748e-18 	0
0.485293 	1.05356 	2.28826e-18 	0
0.485593 	1.0536 	2.28905e-18 	0
0.485893 	1.05365 	2.28984e-18 	0
0.486193 	1.05369 	2.29062e-18 	0
0.486493 	1.05373 	2.2914e-18 	0
0.486793 	1.05377 	2.29219e-18 	0
0.487094 	1.05382 	2.29297e-18 	0
0.487394 	1.05386 	2.29375e-18 	0
0.487694 	1.05391 	2.29453e-18 	0
0.487994 	1.05395 	2.29531e-18 	0
0.488294 	1.05399 	2.29609e-18 	0
0.488594 	1.05403 	2.29686e-18 	0
0.488894 	1.05408 	2.29764e-18 	0
0.489195 	1.05412 	2.29842e-18 	0
0.489495 	1.05416 	2.2992e-18 	0
0.489795 	1.0542 	2.29997e-18 	0
0.490095 	1.05424 	2.30075e-18 	0
0.490395 	1.05429 	2.30152e-18 	0
0.490695 	1.05433 	2.30229e-18 	0
0.490995 	1.05437 	2.30306e-18 	0
0.491296 	1.05441 	2.30383e-18 	0
0.491596 	1.05445 	2.3046e-18 	0
0.491896 	1.0545 	2.30536e-18 	0
0.492196 	1.05454 	2.30613e-18 	0
0.492496 	1.05458 	2.3069e-18 	0
0.492796 	1.05462 	2.30767e-18 	0
0.493097 	1.05466 	2.30843e-18 	0
0.493397 	1.05471 	2.3092e-18 	0
0.493697 	1.05475 	2.30996e-18 	0
0.493997 	1.05478 	2.31072e-18 	0
0.494297 	1.05482 	2.31148e-18 	0
0.494597 	1.05486 	2.31225e-18 	0
0.494897 	1.05491 	2.31301e-18 	0
0.495198 	1.05495 	2.31376e-18 	0
0.495498 	1.05499 	2.31452e-18 	0
0.495798 	1.05503 	2.31528e-18 	0
0.496098 	1.05507 	2.31604e-18 	0
0.496398 	1.05512 	2.31679e-18 	0
0.496698 	1.05516 	2.31755e-18 	0
0.496998 	1.05519 	2.31831e-18 	0
0.497299 	1.05523 	2.31906e-18 	0
0.497599 	1.05527 	2.31982e-18 	0
0.497899 	1.05532 	2.32057e-18 	0
0.498199 	1.05536 	2.32132e-18 	0
0.498499 	1.0554 	2.32207e-18 	0
0.498799 	1.05544 	2.32282e-18 	0
0.4991 	1.05548 	2.32357e-18 	0
0.4994 	1.05552 	2.32432e-18 	0
0.4997 	1.05556 	2.32507e-18 	0
0.5 	1.0556 	2.32581e-18 	0
