0.0003003 	0.0646706 	-6.237e-19 	0
0.000900901 	0.194012 	-1.8711e-18 	0
0.0015015 	0.259135 	-2.07404e-18 	0
0.0021021 	0.311569 	-2.07059e-18 	0
0.0027027 	0.364003 	-2.06714e-18 	0
0.0033033 	0.402344 	-2.12364e-18 	0
0.0039039 	0.426869 	-2.23892e-18 	0
0.0045045 	0.451395 	-2.35419e-18 	0
0.00510511 	0.474218 	-2.44633e-18 	0
0.00570571 	0.489015 	-2.42939e-18 	0
0.00630631 	0.503812 	-2.41245e-18 	0
0.00690691 	0.518609 	-2.39551e-18 	0
0.00750751 	0.529663 	-2.3876e-18 	0
0.00810811 	0.54003 	-2.38134e-18 	0
0.00870871 	0.550398 	-2.37509e-18 	0
0.00930931 	0.559499 	-2.37045e-18 	0
0.00990991 	0.567409 	-2.36731e-18 	0
0.0105105 	0.575319 	-2.36418e-18 	0
0.0111111 	0.582943 	-2.36285e-18 	0
0.0117117 	0.589311 	-2.36946e-18 	0
0.0123123 	0.595679 	-2.37606e-18 	0
0.0129129 	0.602048 	-2.38266e-18 	0
0.0135135 	0.607518 	-2.37539e-18 	0
0.0141141 	0.612837 	-2.36577e-18 	0
0.0147147 	0.618156 	-2.35614e-18 	0
0.0153153 	0.623077 	-2.33307e-18 	0
0.0159159 	0.627637 	-2.29784e-18 	0
0.0165165 	0.632198 	-2.2626e-18 	0
0.0171171 	0.636648 	-2.22998e-18 	0
0.0177177 	0.640638 	-2.20812e-18 	0
0.0183183 	0.644628 	-2.18627e-18 	0
0.0189189 	0.648618 	-2.16441e-18 	0
0.0195195 	0.652223 	-2.18978e-18 	0
0.0201201 	0.655769 	-2.22251e-18 	0
0.0207207 	0.659314 	-2.25525e-18 	0
0.0213213 	0.662668 	-2.29878e-18 	0
0.0219219 	0.665856 	-2.35171e-18 	0
0.0225225 	0.669045 	-2.40463e-18 	0
0.0231231 	0.672174 	-2.45701e-18 	0
0.0237237 	0.675071 	-2.50723e-18 	0
0.0243243 	0.677968 	-2.55745e-18 	0
0.0249249 	0.680865 	-2.60767e-18 	0
0.0255255 	0.68355 	-2.65577e-18 	0
0.0261261 	0.686204 	-2.70356e-18 	0
0.0267267 	0.688858 	-2.75135e-18 	0
0.0273273 	0.691401 	-2.80211e-18 	0
0.0279279 	0.69385 	-2.85535e-18 	0
0.0285285 	0.696299 	-2.90859e-18 	0
0.0291291 	0.698711 	-2.95961e-18 	0
0.0297297 	0.700985 	-3.00256e-18 	0
0.0303303 	0.703259 	-3.0455e-18 	0
0.0309309 	0.705533 	-3.08844e-18 	0
0.0315315 	0.707672 	-3.10105e-18 	0
0.0321321 	0.709793 	-3.10972e-18 	0
0.0327327 	0.711915 	-3.11839e-18 	0
0.0333333 	0.713963 	-3.11836e-18 	0
0.0339339 	0.715952 	-3.11136e-18 	0
0.0345345 	0.717941 	-3.10436e-18 	0
0.0351351 	0.719904 	-3.09643e-18 	0
0.0357357 	0.721776 	-3.08529e-18 	0
0.0363363 	0.723648 	-3.07415e-18 	0
0.0369369 	0.72552 	-3.06301e-18 	0
0.0375375 	0.7273 	-3.05143e-18 	0
0.0381381 	0.729068 	-3.03979e-18 	0
0.0387387 	0.730836 	-3.02815e-18 	0
0.0393393 	0.732552 	-3.01648e-18 	0
0.0399399 	0.734227 	-3.00479e-18 	0
0.0405405 	0.735903 	-2.9931e-18 	0
0.0411411 	0.737559 	-2.98146e-18 	0
0.0417417 	0.739151 	-2.97e-18 	0
0.0423423 	0.740744 	-2.95855e-18 	0
0.0429429 	0.742336 	-2.9471e-18 	0
0.0435435 	0.74386 	-2.93603e-18 	0
0.0441441 	0.745377 	-2.925e-18 	0
0.0447447 	0.746894 	-2.91398e-18 	0
0.0453453 	0.748372 	-2.90326e-18 	0
0.0459459 	0.749821 	-2.89276e-18 	0
0.0465465 	0.751269 	-2.88227e-18 	0
0.0471471 	0.752703 	-2.87193e-18 	0
0.0477477 	0.754089 	-2.86205e-18 	0
0.0483483 	0.755476 	-2.85216e-18 	0
0.0489489 	0.756862 	-2.84228e-18 	0
0.0495495 	0.758196 	-2.83299e-18 	0
0.0501502 	0.759526 	-2.82376e-18 	0
0.0507508 	0.760855 	-2.81453e-18 	0
0.0513514 	0.762154 	-2.8057e-18 	0
0.051952 	0.763431 	-2.79715e-18 	0
0.0525526 	0.764709 	-2.78861e-18 	0
0.0531532 	0.765973 	-2.78024e-18 	0
0.0537538 	0.767202 	-2.7724e-18 	0
0.0543544 	0.768431 	-2.76455e-18 	0
0.054955 	0.76966 	-2.75671e-18 	0
0.0555556 	0.770847 	-2.74952e-18 	0
0.0561562 	0.772031 	-2.74239e-18 	0
0.0567568 	0.773215 	-2.73526e-18 	0
0.0573574 	0.774375 	-2.72856e-18 	0
0.057958 	0.775518 	-2.72214e-18 	0
0.0585586 	0.77666 	-2.71573e-18 	0
0.0591592 	0.777793 	-2.70942e-18 	0
0.0597598 	0.778897 	-2.70339e-18 	0
0.0603604 	0.780001 	-2.69736e-18 	0
0.060961 	0.781105 	-2.69133e-18 	0
0.0615616 	0.782176 	-2.68565e-18 	0
0.0621622 	0.783244 	-2.67999e-18 	0
0.0627628 	0.784313 	-2.67433e-18 	0
0.0633634 	0.785361 	-2.66908e-18 	0
0.063964 	0.786396 	-2.66408e-18 	0
0.0645646 	0.787431 	-2.65908e-18 	0
0.0651652 	0.788457 	-2.65425e-18 	0
0.0657658 	0.78946 	-2.64984e-18 	0
0.0663664 	0.790464 	-2.64542e-18 	0
0.066967 	0.791467 	-2.64101e-18 	0
0.0675676 	0.792442 	-2.63711e-18 	0
0.0681682 	0.793416 	-2.63324e-18 	0
0.0687688 	0.79439 	-2.62937e-18 	0
0.0693694 	0.795347 	-2.6258e-18 	0
0.06997 	0.796293 	-2.62242e-18 	0
0.0705706 	0.797239 	-2.61905e-18 	0
0.0711712 	0.798178 	-2.61579e-18 	0
0.0717718 	0.799098 	-2.61285e-18 	0
0.0723724 	0.800018 	-2.60991e-18 	0
0.072973 	0.800939 	-2.60697e-18 	0
0.0735736 	0.801835 	-2.60441e-18 	0
0.0741742 	0.802731 	-2.60187e-18 	0
0.0747748 	0.803627 	-2.59933e-18 	0
0.0753754 	0.804508 	-2.59701e-18 	0
0.075976 	0.80538 	-2.59482e-18 	0
0.0765766 	0.806252 	-2.59263e-18 	0
0.0771772 	0.807118 	-2.59052e-18 	0
0.0777778 	0.807968 	-2.58864e-18 	0
0.0783784 	0.808819 	-2.58676e-18 	0
0.078979 	0.809669 	-2.58488e-18 	0
0.0795796 	0.810499 	-2.58325e-18 	0
0.0801802 	0.811329 	-2.58164e-18 	0
0.0807808 	0.812158 	-2.58003e-18 	0
0.0813814 	0.812975 	-2.57857e-18 	0
0.081982 	0.813785 	-2.5772e-18 	0
0.0825826 	0.814594 	-2.57582e-18 	0
0.0831832 	0.815398 	-2.57452e-18 	0
0.0837838 	0.816189 	-2.57335e-18 	0
0.0843844 	0.81698 	-2.57219e-18 	0
0.084985 	0.817771 	-2.57103e-18 	0
0.0855856 	0.818545 	-2.57004e-18 	0
0.0861862 	0.819318 	-2.56906e-18 	0
0.0867868 	0.820091 	-2.56808e-18 	0
0.0873874 	0.820853 	-2.5672e-18 	0
0.087988 	0.821609 	-2.56638e-18 	0
0.0885886 	0.822365 	-2.56555e-18 	0
0.0891892 	0.823116 	-2.56477e-18 	0
0.0897898 	0.823856 	-2.56409e-18 	0
0.0903904 	0.824595 	-2.5634e-18 	0
0.090991 	0.825335 	-2.56272e-18 	0
0.0915916 	0.826059 	-2.56215e-18 	0
0.0921922 	0.826784 	-2.56159e-18 	0
0.0927928 	0.827508 	-2.56102e-18 	0
0.0933934 	0.828223 	-2.56053e-18 	0
0.093994 	0.828932 	-2.56007e-18 	0
0.0945946 	0.829641 	-2.55962e-18 	0
0.0951952 	0.830346 	-2.55919e-18 	0
0.0957958 	0.831041 	-2.55883e-18 	0
0.0963964 	0.831736 	-2.55847e-18 	0
0.096997 	0.832432 	-2.55811e-18 	0
0.0975976 	0.833113 	-2.55783e-18 	0
0.0981982 	0.833795 	-2.55755e-18 	0
0.0987988 	0.834477 	-2.55727e-18 	0
0.0993994 	0.83515 	-2.55704e-18 	0
0.1 	0.835819 	-2.55684e-18 	0
0.100601 	0.836487 	-2.55664e-18 	0
0.101201 	0.837152 	-2.55645e-18 	0
0.101802 	0.837808 	-2.55632e-18 	0
0.102402 	0.838465 	-2.55618e-18 	0
0.103003 	0.839121 	-2.55604e-18 	0
0.103604 	0.839765 	-2.55596e-18 	0
0.104204 	0.84041 	-2.55589e-18 	0
0.104805 	0.841054 	-2.55581e-18 	0
0.105405 	0.84169 	-2.55578e-18 	0
0.106006 	0.842323 	-2.55575e-18 	0
0.106607 	0.842956 	-2.55573e-18 	0
0.107207 	0.843585 	-2.55573e-18 	0
0.107808 	0.844206 	-2.55576e-18 	0
0.108408 	0.844828 	-2.55579e-18 	0
0.109009 	0.84545 	-2.55582e-18 	0
0.10961 	0.846061 	-2.5559e-18 	0
0.11021 	0.846672 	-2.55598e-18 	0
0.110811 	0.847284 	-2.55606e-18 	0
0.111411 	0.847888 	-2.55618e-18 	0
0.112012 	0.848489 	-2.5563e-18 	0
0.112613 	0.849089 	-2.55643e-18 	0
0.113213 	0.849687 	-2.55657e-18 	0
0.113814 	0.850278 	-2.55674e-18 	0
0.114414 	0.850869 	-2.55691e-18 	0
0.115015 	0.85146 	-2.55709e-18 	0
0.115616 	0.852041 	-2.5573e-18 	0
0.116216 	0.852623 	-2.55751e-18 	0
0.116817 	0.853205 	-2.55772e-18 	0
0.117417 	0.85378 	-2.55797e-18 	0
0.118018 	0.854352 	-2.55822e-18 	0
0.118619 	0.854925 	-2.55847e-18 	0
0.119219 	0.855494 	-2.55874e-18 	0
0.11982 	0.856057 	-2.55903e-18 	0
0.12042 	0.856621 	-2.55933e-18 	0
0.121021 	0.857184 	-2.55962e-18 	0
0.121622 	0.85774 	-2.55995e-18 	0
0.122222 	0.858295 	-2.56028e-18 	0
0.122823 	0.85885 	-2.56061e-18 	0
0.123423 	0.859399 	-2.56097e-18 	0
0.124024 	0.859946 	-2.56134e-18 	0
0.124625 	0.860492 	-2.56172e-18 	0
0.125225 	0.861036 	-2.5621e-18 	0
0.125826 	0.861575 	-2.56251e-18 	0
0.126426 	0.862114 	-2.56292e-18 	0
0.127027 	0.862653 	-2.56333e-18 	0
0.127628 	0.863184 	-2.56377e-18 	0
0.128228 	0.863715 	-2.56422e-18 	0
0.128829 	0.864247 	-2.56466e-18 	0
0.129429 	0.864772 	-2.56514e-18 	0
0.13003 	0.865296 	-2.56562e-18 	0
0.130631 	0.86582 	-2.5661e-18 	0
0.131231 	0.866341 	-2.5666e-18 	0
0.131832 	0.866857 	-2.56712e-18 	0
0.132432 	0.867374 	-2.56763e-18 	0
0.133033 	0.86789 	-2.56815e-18 	0
0.133634 	0.868399 	-2.5687e-18 	0
0.134234 	0.868909 	-2.56926e-18 	0
0.134835 	0.869418 	-2.56981e-18 	0
0.135435 	0.869923 	-2.57039e-18 	0
0.136036 	0.870426 	-2.57098e-18 	0
0.136637 	0.870929 	-2.57156e-18 	0
0.137237 	0.871429 	-2.57217e-18 	0
0.137838 	0.871925 	-2.57279e-18 	0
0.138438 	0.872421 	-2.57341e-18 	0
0.139039 	0.872917 	-2.57403e-18 	0
0.13964 	0.873407 	-2.57469e-18 	0
0.14024 	0.873896 	-2.57534e-18 	0
0.140841 	0.874386 	-2.576e-18 	0
0.141441 	0.874871 	-2.57667e-18 	0
0.142042 	0.875355 	-2.57736e-18 	0
0.142643 	0.875838 	-2.57804e-18 	0
0.143243 	0.87632 	-2.57874e-18 	0
0.143844 	0.876797 	-2.57946e-18 	0
0.144444 	0.877275 	-2.58018e-18 	0
0.145045 	0.877752 	-2.5809e-18 	0
0.145646 	0.878224 	-2.58164e-18 	0
0.146246 	0.878696 	-2.58239e-18 	0
0.146847 	0.879168 	-2.58314e-18 	0
0.147447 	0.879635 	-2.58391e-18 	0
0.148048 	0.880102 	-2.58469e-18 	0
0.148649 	0.880568 	-2.58547e-18 	0
0.149249 	0.881032 	-2.58626e-18 	0
0.14985 	0.881493 	-2.58706e-18 	0
0.15045 	0.881953 	-2.58787e-18 	0
0.151051 	0.882414 	-2.58868e-18 	0
0.151652 	0.882869 	-2.58951e-18 	0
0.152252 	0.883324 	-2.59034e-18 	0
0.152853 	0.883779 	-2.59118e-18 	0
0.153453 	0.884231 	-2.59203e-18 	0
0.154054 	0.884681 	-2.59289e-18 	0
0.154655 	0.885131 	-2.59375e-18 	0
0.155255 	0.885579 	-2.59463e-18 	0
0.155856 	0.886024 	-2.59551e-18 	0
0.156456 	0.886469 	-2.59639e-18 	0
0.157057 	0.886914 	-2.59728e-18 	0
0.157658 	0.887354 	-2.59819e-18 	0
0.158258 	0.887794 	-2.5991e-18 	0
0.158859 	0.888235 	-2.60001e-18 	0
0.159459 	0.888671 	-2.60093e-18 	0
0.16006 	0.889107 	-2.60186e-18 	0
0.160661 	0.889542 	-2.60279e-18 	0
0.161261 	0.889975 	-2.60373e-18 	0
0.161862 	0.890406 	-2.60469e-18 	0
0.162462 	0.890837 	-2.60564e-18 	0
0.163063 	0.891267 	-2.60659e-18 	0
0.163664 	0.891693 	-2.60757e-18 	0
0.164264 	0.89212 	-2.60854e-18 	0
0.164865 	0.892546 	-2.60951e-18 	0
0.165465 	0.892969 	-2.6105e-18 	0
0.166066 	0.89339 	-2.61149e-18 	0
0.166667 	0.893812 	-2.61248e-18 	0
0.167267 	0.894232 	-2.61348e-18 	0
0.167868 	0.89465 	-2.61449e-18 	0
0.168468 	0.895067 	-2.6155e-18 	0
0.169069 	0.895485 	-2.61651e-18 	0
0.16967 	0.895898 	-2.61754e-18 	0
0.17027 	0.896311 	-2.61856e-18 	0
0.170871 	0.896724 	-2.61959e-18 	0
0.171471 	0.897134 	-2.62063e-18 	0
0.172072 	0.897543 	-2.62166e-18 	0
0.172673 	0.897952 	-2.6227e-18 	0
0.173273 	0.898359 	-2.62375e-18 	0
0.173874 	0.898765 	-2.6248e-18 	0
0.174474 	0.89917 	-2.62586e-18 	0
0.175075 	0.899575 	-2.62691e-18 	0
0.175676 	0.899976 	-2.62798e-18 	0
0.176276 	0.900378 	-2.62905e-18 	0
0.176877 	0.900779 	-2.63011e-18 	0
0.177477 	0.901177 	-2.63119e-18 	0
0.178078 	0.901575 	-2.63227e-18 	0
0.178679 	0.901972 	-2.63334e-18 	0
0.179279 	0.902368 	-2.63443e-18 	0
0.17988 	0.902762 	-2.63551e-18 	0
0.18048 	0.903156 	-2.6366e-18 	0
0.181081 	0.90355 	-2.63769e-18 	0
0.181682 	0.90394 	-2.63878e-18 	0
0.182282 	0.90433 	-2.63987e-18 	0
0.182883 	0.90472 	-2.64097e-18 	0
0.183483 	0.905107 	-2.64207e-18 	0
0.184084 	0.905494 	-2.64317e-18 	0
0.184685 	0.905881 	-2.64427e-18 	0
0.185285 	0.906266 	-2.64537e-18 	0
0.185886 	0.906649 	-2.64648e-18 	0
0.186486 	0.907032 	-2.64758e-18 	0
0.187087 	0.907415 	-2.64868e-18 	0
0.187688 	0.907795 	-2.64979e-18 	0
0.188288 	0.908175 	-2.6509e-18 	0
0.188889 	0.908555 	-2.65201e-18 	0
0.189489 	0.908932 	-2.65311e-18 	0
0.19009 	0.909308 	-2.65422e-18 	0
0.190691 	0.909685 	-2.65532e-18 	0
0.191291 	0.91006 	-2.65643e-18 	0
0.191892 	0.910433 	-2.65753e-18 	0
0.192492 	0.910807 	-2.65864e-18 	0
0.193093 	0.911179 	-2.65974e-18 	0
0.193694 	0.91155 	-2.66084e-18 	0
0.194294 	0.91192 	-2.66194e-18 	0
0.194895 	0.91229 	-2.66304e-18 	0
0.195495 	0.912658 	-2.66413e-18 	0
0.196096 	0.913025 	-2.66521e-18 	0
0.196697 	0.913392 	-2.6663e-18 	0
0.197297 	0.913757 	-2.66738e-18 	0
0.197898 	0.914122 	-2.66846e-18 	0
0.198498 	0.914486 	-2.66954e-18 	0
0.199099 	0.91485 	-2.67061e-18 	0
0.1997 	0.915211 	-2.67167e-18 	0
0.2003 	0.915571 	-2.67274e-18 	0
0.200901 	0.915932 	-2.6738e-18 	0
0.201502 	0.916291 	-2.67484e-18 	0
0.202102 	0.916649 	-2.67587e-18 	0
0.202703 	0.917008 	-2.67691e-18 	0
0.203303 	0.917365 	-2.67793e-18 	0
0.203904 	0.91772 	-2.67894e-18 	0
0.204505 	0.918076 	-2.67995e-18 	0
0.205105 	0.918431 	-2.68095e-18 	0
0.205706 	0.918784 	-2.68192e-18 	0
0.206306 	0.919136 	-2.6829e-18 	0
0.206907 	0.919489 	-2.68387e-18 	0
0.207508 	0.91984 	-2.6848e-18 	0
0.208108 	0.920189 	-2.68573e-18 	0
0.208709 	0.920539 	-2.68666e-18 	0
0.209309 	0.920888 	-2.68756e-18 	0
0.20991 	0.921235 	-2.68843e-18 	0
0.210511 	0.921583 	-2.68931e-18 	0
0.211111 	0.92193 	-2.69017e-18 	0
0.211712 	0.922275 	-2.69098e-18 	0
0.212312 	0.922619 	-2.69179e-18 	0
0.212913 	0.922964 	-2.69259e-18 	0
0.213514 	0.923307 	-2.69333e-18 	0
0.214114 	0.923649 	-2.69406e-18 	0
0.214715 	0.923991 	-2.69478e-18 	0
0.215315 	0.924332 	-2.69546e-18 	0
0.215916 	0.924672 	-2.6961e-18 	0
0.216517 	0.925012 	-2.69673e-18 	0
0.217117 	0.925352 	-2.69734e-18 	0
0.217718 	0.925689 	-2.69786e-18 	0
0.218318 	0.926026 	-2.69837e-18 	0
0.218919 	0.926363 	-2.69889e-18 	0
0.21952 	0.926699 	-2.69929e-18 	0
0.22012 	0.927033 	-2.69968e-18 	0
0.220721 	0.927368 	-2.70006e-18 	0
0.221321 	0.927702 	-2.70036e-18 	0
0.221922 	0.928035 	-2.70058e-18 	0
0.222523 	0.928367 	-2.7008e-18 	0
0.223123 	0.9287 	-2.70099e-18 	0
0.223724 	0.92903 	-2.70102e-18 	0
0.224324 	0.92936 	-2.70105e-18 	0
0.224925 	0.929691 	-2.70108e-18 	0
0.225526 	0.930019 	-2.70091e-18 	0
0.226126 	0.930347 	-2.70073e-18 	0
0.226727 	0.930676 	-2.70054e-18 	0
0.227327 	0.931003 	-2.70028e-18 	0
0.227928 	0.931328 	-2.69996e-18 	0
0.228529 	0.931654 	-2.69965e-18 	0
0.229129 	0.93198 	-2.6993e-18 	0
0.22973 	0.932303 	-2.69884e-18 	0
0.23033 	0.932627 	-2.69838e-18 	0
0.230931 	0.932951 	-2.69791e-18 	0
0.231532 	0.933273 	-2.69718e-18 	0
0.232132 	0.933594 	-2.69641e-18 	0
0.232733 	0.933916 	-2.69563e-18 	0
0.233333 	0.934237 	-2.69467e-18 	0
0.233934 	0.934556 	-2.69356e-18 	0
0.234535 	0.934876 	-2.69244e-18 	0
0.235135 	0.935195 	-2.69127e-18 	0
0.235736 	0.935513 	-2.68991e-18 	0
0.236336 	0.93583 	-2.68855e-18 	0
0.236937 	0.936148 	-2.68718e-18 	0
0.237538 	0.936463 	-2.68555e-18 	0
0.238138 	0.936779 	-2.68389e-18 	0
0.238739 	0.937095 	-2.68222e-18 	0
0.239339 	0.937409 	-2.68036e-18 	0
0.23994 	0.937723 	-2.67834e-18 	0
0.240541 	0.938036 	-2.67632e-18 	0
0.241141 	0.938349 	-2.6742e-18 	0
0.241742 	0.938661 	-2.67177e-18 	0
0.242342 	0.938973 	-2.66935e-18 	0
0.242943 	0.939284 	-2.66692e-18 	0
0.243544 	0.939594 	-2.66407e-18 	0
0.244144 	0.939904 	-2.66118e-18 	0
0.244745 	0.940213 	-2.65828e-18 	0
0.245345 	0.940522 	-2.65508e-18 	0
0.245946 	0.94083 	-2.65165e-18 	0
0.246547 	0.941138 	-2.64822e-18 	0
0.247147 	0.941446 	-2.64464e-18 	0
0.247748 	0.941752 	-2.64062e-18 	0
0.248348 	0.942058 	-2.6366e-18 	0
0.248949 	0.942364 	-2.63257e-18 	0
0.24955 	0.942669 	-2.62806e-18 	0
0.25015 	0.942973 	-2.62351e-18 	0
0.250751 	0.943278 	-2.61896e-18 	0
0.251351 	0.943581 	-2.61406e-18 	0
0.251952 	0.943883 	-2.60892e-18 	0
0.252553 	0.944186 	-2.60378e-18 	0
0.253153 	0.944488 	-2.59848e-18 	0
0.253754 	0.944789 	-2.5927e-18 	0
0.254354 	0.94509 	-2.58693e-18 	0
0.254955 	0.94539 	-2.58115e-18 	0
0.255556 	0.94569 	-2.57474e-18 	0
0.256156 	0.945989 	-2.56829e-18 	0
0.256757 	0.946288 	-2.56183e-18 	0
0.257357 	0.946586 	-2.55494e-18 	0
0.257958 	0.946884 	-2.54777e-18 	0
0.258559 	0.947181 	-2.5406e-18 	0
0.259159 	0.947478 	-2.53326e-18 	0
0.25976 	0.947774 	-2.52543e-18 	0
0.26036 	0.94807 	-2.5176e-18 	0
0.260961 	0.948366 	-2.50977e-18 	0
0.261562 	0.94866 	-2.50134e-18 	0
0.262162 	0.948954 	-2.49287e-18 	0
0.262763 	0.949249 	-2.4844e-18 	0
0.263363 	0.949542 	-2.47556e-18 	0
0.263964 	0.949834 	-2.46649e-18 	0
0.264565 	0.950127 	-2.45743e-18 	0
0.265165 	0.950419 	-2.44822e-18 	0
0.265766 	0.95071 	-2.43865e-18 	0
0.266366 	0.951002 	-2.42908e-18 	0
0.266967 	0.951293 	-2.41951e-18 	0
0.267568 	0.951583 	-2.4096e-18 	0
0.268168 	0.951872 	-2.39968e-18 	0
0.268769 	0.952162 	-2.38975e-18 	0
0.269369 	0.95245 	-2.3797e-18 	0
0.26997 	0.952738 	-2.36958e-18 	0
0.270571 	0.953026 	-2.35946e-18 	0
0.271171 	0.953314 	-2.34932e-18 	0
0.271772 	0.953601 	-2.33914e-18 	0
0.272372 	0.953887 	-2.32896e-18 	0
0.272973 	0.954174 	-2.31878e-18 	0
0.273574 	0.954459 	-2.30861e-18 	0
0.274174 	0.954744 	-2.29844e-18 	0
0.274775 	0.955029 	-2.28826e-18 	0
0.275375 	0.955313 	-2.27867e-18 	0
0.275976 	0.955597 	-2.26941e-18 	0
0.276577 	0.955881 	-2.26015e-18 	0
0.277177 	0.956164 	-2.24902e-18 	0
0.277778 	0.956447 	-2.23339e-18 	0
0.278378 	0.956729 	-2.21776e-18 	0
0.278979 	0.957011 	-2.20213e-18 	0
0.27958 	0.957292 	-2.16387e-18 	0
0.28018 	0.957573 	-2.12479e-18 	0
0.280781 	0.957854 	-2.0857e-18 	0
0.281381 	0.958134 	-2.04632e-18 	0
0.281982 	0.958414 	-2.00676e-18 	0
0.282583 	0.958693 	-1.9672e-18 	0
0.283183 	0.958972 	-1.93454e-18 	0
0.283784 	0.95925 	-1.91758e-18 	0
0.284384 	0.959529 	-1.90062e-18 	0
0.284985 	0.959807 	-1.88366e-18 	0
0.285586 	0.960084 	-1.87207e-18 	0
0.286186 	0.960361 	-1.86062e-18 	0
0.286787 	0.960638 	-1.84917e-18 	0
0.287387 	0.960914 	-1.83656e-18 	0
0.287988 	0.961189 	-1.82332e-18 	0
0.288589 	0.961465 	-1.81009e-18 	0
0.289189 	0.96174 	-1.79658e-18 	0
0.28979 	0.962015 	-1.78246e-18 	0
0.29039 	0.962289 	-1.76835e-18 	0
0.290991 	0.962563 	-1.75424e-18 	0
0.291592 	0.962836 	-1.73932e-18 	0
0.292192 	0.963109 	-1.72439e-18 	0
0.292793 	0.963382 	-1.70946e-18 	0
0.293393 	0.963654 	-1.69413e-18 	0
0.293994 	0.963926 	-1.6786e-18 	0
0.294595 	0.964198 	-1.66307e-18 	0
0.295195 	0.96447 	-1.64739e-18 	0
0.295796 	0.964741 	-1.6314e-18 	0
0.296396 	0.965011 	-1.61542e-18 	0
0.296997 	0.965282 	-1.59944e-18 	0
0.297598 	0.965551 	-1.58311e-18 	0
0.298198 	0.96582 	-1.56677e-18 	0
0.298799 	0.96609 	-1.55043e-18 	0
0.299399 	0.966358 	-1.53393e-18 	0
0.3 	0.966626 	-1.51735e-18 	0
0.300601 	0.966895 	-1.50076e-18 	0
0.301201 	0.967162 	-1.48411e-18 	0
0.301802 	0.967429 	-1.46734e-18 	0
0.302402 	0.967696 	-1.45057e-18 	0
0.303003 	0.967963 	-1.4338e-18 	0
0.303604 	0.968229 	-1.41686e-18 	0
0.304204 	0.968495 	-1.39993e-18 	0
0.304805 	0.968761 	-1.383e-18 	0
0.305405 	0.969026 	-1.366e-18 	0
0.306006 	0.96929 	-1.34897e-18 	0
0.306607 	0.969555 	-1.33194e-18 	0
0.307207 	0.969819 	-1.31488e-18 	0
0.307808 	0.970083 	-1.29774e-18 	0
0.308408 	0.970346 	-1.28059e-18 	0
0.309009 	0.97061 	-1.26345e-18 	0
0.30961 	0.970872 	-1.24617e-18 	0
0.31021 	0.971135 	-1.22888e-18 	0
0.310811 	0.971397 	-1.21159e-18 	0
0.311411 	0.971659 	-1.19424e-18 	0
0.312012 	0.97192 	-1.17684e-18 	0
0.312613 	0.972181 	-1.15945e-18 	0
0.313213 	0.972442 	-1.142e-18 	0
0.313814 	0.972703 	-1.12447e-18 	0
0.314414 	0.972963 	-1.10693e-18 	0
0.315015 	0.973223 	-1.08939e-18 	0
0.315616 	0.973483 	-1.07168e-18 	0
0.316216 	0.973742 	-1.05397e-18 	0
0.316817 	0.974001 	-1.03626e-18 	0
0.317417 	0.974259 	-1.01842e-18 	0
0.318018 	0.974518 	-1.00051e-18 	0
0.318619 	0.974776 	-9.82609e-19 	0
0.319219 	0.975034 	-9.64627e-19 	0
0.31982 	0.975291 	-9.46508e-19 	0
0.32042 	0.975548 	-9.28389e-19 	0
0.321021 	0.975805 	-9.10263e-19 	0
0.321622 	0.976061 	-8.91914e-19 	0
0.322222 	0.976317 	-8.73564e-19 	0
0.322823 	0.976573 	-8.55215e-19 	0
0.323423 	0.976829 	-8.36695e-19 	0
0.324024 	0.977084 	-8.18104e-19 	0
0.324625 	0.977339 	-7.99513e-19 	0
0.325225 	0.977593 	-7.80828e-19 	0
0.325826 	0.977847 	-7.61989e-19 	0
0.326426 	0.978101 	-7.4315e-19 	0
0.327027 	0.978355 	-7.243e-19 	0
0.327628 	0.978609 	-7.05214e-19 	0
0.328228 	0.978862 	-6.86127e-19 	0
0.328829 	0.979115 	-6.67041e-19 	0
0.329429 	0.979367 	-6.47781e-19 	0
0.33003 	0.979619 	-6.28452e-19 	0
0.330631 	0.979871 	-6.09122e-19 	0
0.331231 	0.980123 	-5.89703e-19 	0
0.331832 	0.980374 	-5.70141e-19 	0
0.332432 	0.980625 	-5.50578e-19 	0
0.333033 	0.980876 	-5.31003e-19 	0
0.333634 	0.981126 	-5.11218e-19 	0
0.334234 	0.981376 	-4.91434e-19 	0
0.334835 	0.981626 	-4.7165e-19 	0
0.335435 	0.981876 	-4.51768e-19 	0
0.336036 	0.982125 	-4.31848e-19 	0
0.336637 	0.982374 	-4.11929e-19 	0
0.337237 	0.982623 	-3.91565e-19 	0
0.337838 	0.982871 	-3.70519e-19 	0
0.338438 	0.98312 	-3.49474e-19 	0
0.339039 	0.983368 	-3.29268e-19 	0
0.33964 	0.983615 	-3.2114e-19 	0
0.34024 	0.983862 	-3.13013e-19 	0
0.340841 	0.98411 	-3.04886e-19 	0
0.341441 	0.984356 	-3.14122e-19 	0
0.342042 	0.984603 	-3.29619e-19 	0
0.342643 	0.984849 	-3.45116e-19 	0
0.343243 	0.985095 	-3.60624e-19 	0
0.343844 	0.985341 	-3.76147e-19 	0
0.344444 	0.985586 	-3.9167e-19 	0
0.345045 	0.985831 	-4.05416e-19 	0
0.345646 	0.986076 	-3.97238e-19 	0
0.346246 	0.986321 	-3.89061e-19 	0
0.346847 	0.986566 	-3.80883e-19 	0
0.347447 	0.986809 	-3.62968e-19 	0
0.348048 	0.987053 	-3.4172e-19 	0
0.348649 	0.987297 	-3.20471e-19 	0
0.349249 	0.98754 	-2.99635e-19 	0
0.34985 	0.987783 	-2.79379e-19 	0
0.35045 	0.988026 	-2.59122e-19 	0
0.351051 	0.988269 	-2.38869e-19 	0
0.351652 	0.98851 	-2.18642e-19 	0
0.352252 	0.988752 	-1.98415e-19 	0
0.352853 	0.988994 	-1.78189e-19 	0
0.353453 	0.989235 	-1.58035e-19 	0
0.354054 	0.989476 	-1.37905e-19 	0
0.354655 	0.989717 	-1.17775e-19 	0
0.355255 	0.989958 	-9.77143e-20 	0
0.355856 	0.990198 	-7.7748e-20 	0
0.356456 	0.990439 	-5.77817e-20 	0
0.357057 	0.990679 	-3.78378e-20 	0
0.357658 	0.990918 	-1.81077e-20 	0
0.358258 	0.991157 	1.6224e-21 	0
0.358859 	0.991397 	2.13525e-20 	0
0.359459 	0.991635 	4.08404e-20 	0
0.36006 	0.991874 	6.0254e-20 	0
0.360661 	0.992112 	7.96675e-20 	0
0.361261 	0.99235 	9.8934e-20 	0
0.361862 	0.992588 	1.1801e-19 	0
0.362462 	0.992825 	1.37085e-19 	0
0.363063 	0.993063 	1.56116e-19 	0
0.363664 	0.9933 	1.74762e-19 	0
0.364264 	0.993537 	1.93408e-19 	0
0.364865 	0.993774 	2.12054e-19 	0
0.365465 	0.99401 	2.30287e-19 	0
0.366066 	0.994246 	2.48399e-19 	0
0.366667 	0.994482 	2.66512e-19 	0
0.367267 	0.994718 	2.84366e-19 	0
0.367868 	0.994953 	3.01898e-19 	0
0.368468 	0.995188 	3.19429e-19 	0
0.369069 	0.995423 	3.36879e-19 	0
0.36967 	0.995657 	3.53702e-19 	0
0.37027 	0.995891 	3.70526e-19 	0
0.370871 	0.996126 	3.8735e-19 	0
0.371471 	0.996359 	4.03511e-19 	0
0.372072 	0.996593 	4.19491e-19 	0
0.372673 	0.996827 	4.35471e-19 	0
0.373273 	0.99706 	4.51027e-19 	0
0.373874 	0.997293 	4.66076e-19 	0
0.374474 	0.997525 	4.81124e-19 	0
0.375075 	0.997758 	4.96044e-19 	0
0.375676 	0.99799 	5.10061e-19 	0
0.376276 	0.998222 	5.24077e-19 	0
0.376877 	0.998453 	5.38094e-19 	0
0.377477 	0.998685 	5.51144e-19 	0
0.378078 	0.998916 	5.63945e-19 	0
0.378679 	0.999147 	5.76746e-19 	0
0.379279 	0.999378 	5.88922e-19 	0
0.37988 	0.999609 	6.00379e-19 	0
0.38048 	0.99984 	6.11836e-19 	0
0.381081 	1.00007 	6.23092e-19 	0
0.381682 	1.0003 	6.33061e-19 	0
0.382282 	1.00053 	6.43031e-19 	0
0.382883 	1.00076 	6.53e-19 	0
0.383483 	1.00098 	6.6165e-19 	0
0.384084 	1.00121 	6.6998e-19 	0
0.384685 	1.00144 	6.7831e-19 	0
0.385285 	1.00167 	6.85785e-19 	0
0.385886 	1.0019 	6.92315e-19 	0
0.386486 	1.00212 	6.98846e-19 	0
0.387087 	1.00235 	7.05082e-19 	0
0.387688 	1.00258 	7.09583e-19 	0
0.388288 	1.00281 	7.14084e-19 	0
0.388889 	1.00304 	7.18585e-19 	0
0.389489 	1.00326 	7.21293e-19 	0
0.39009 	1.00349 	7.23594e-19 	0
0.390691 	1.00371 	7.25894e-19 	0
0.391291 	1.00394 	7.27039e-19 	0
0.391892 	1.00416 	7.26956e-19 	0
0.392492 	1.00439 	7.26874e-19 	0
0.393093 	1.00461 	7.2638e-19 	0
0.393694 	1.00484 	7.23642e-19 	0
0.394294 	1.00507 	7.20905e-19 	0
0.394895 	1.00529 	7.18167e-19 	0
0.395495 	1.00552 	7.12923e-19 	0
0.396096 	1.00574 	7.07146e-19 	0
0.396697 	1.00597 	7.0137e-19 	0
0.397297 	1.00619 	6.93851e-19 	0
0.397898 	1.00641 	6.84555e-19 	0
0.398498 	1.00663 	6.75259e-19 	0
0.399099 	1.00686 	6.6524e-19 	0
0.3997 	1.00708 	6.5156e-19 	0
0.4003 	1.0073 	6.3788e-19 	0
0.400901 	1.00752 	6.242e-19 	0
0.401502 	1.00775 	6.06698e-19 	0
0.402102 	1.00797 	5.8844e-19 	0
0.402703 	1.00819 	5.70182e-19 	0
0.403303 	1.00841 	5.44767e-19 	0
0.403904 	1.00863 	5.12337e-19 	0
0.404505 	1.00886 	4.79908e-19 	0
0.405105 	1.00908 	4.42279e-19 	0
0.405706 	1.0093 	3.80144e-19 	0
0.406306 	1.00952 	3.18009e-19 	0
0.406907 	1.00974 	2.55874e-19 	0
0.407508 	1.00996 	1.9341e-19 	0
0.408108 	1.01017 	1.30885e-19 	0
0.408709 	1.01039 	6.83598e-20 	0
0.409309 	1.01061 	2.10645e-20 	0
0.40991 	1.01083 	-1.18885e-20 	0
0.410511 	1.01105 	-4.48415e-20 	0
0.411111 	1.01127 	-7.58134e-20 	0
0.411712 	1.01149 	-9.80574e-20 	0
0.412312 	1.01171 	-1.20302e-19 	0
0.412913 	1.01193 	-1.42546e-19 	0
0.413514 	1.01214 	-1.67012e-19 	0
0.414114 	1.01236 	-1.91855e-19 	0
0.414715 	1.01258 	-2.16698e-19 	0
0.415315 	1.01279 	-2.4105e-19 	0
0.415916 	1.01301 	-2.64957e-19 	0
0.416517 	1.01323 	-2.88863e-19 	0
0.417117 	1.01344 	-3.12085e-19 	0
0.417718 	1.01366 	-3.32481e-19 	0
0.418318 	1.01387 	-3.52877e-19 	0
0.418919 	1.01409 	-3.73273e-19 	0
0.41952 	1.01431 	-3.91297e-19 	0
0.42012 	1.01452 	-4.08951e-19 	0
0.420721 	1.01474 	-4.26606e-19 	0
0.421321 	1.01495 	-4.42961e-19 	0
0.421922 	1.01517 	-4.58187e-19 	0
0.422523 	1.01538 	-4.73413e-19 	0
0.423123 	1.01559 	-4.88196e-19 	0
0.423724 	1.01581 	-5.01259e-19 	0
0.424324 	1.01602 	-5.14322e-19 	0
0.424925 	1.01623 	-5.27385e-19 	0
0.425526 	1.01645 	-5.38771e-19 	0
0.426126 	1.01666 	-5.49918e-19 	0
0.426727 	1.01687 	-5.61064e-19 	0
0.427327 	1.01709 	-5.71259e-19 	0
0.427928 	1.0173 	-5.80658e-19 	0
0.428529 	1.01751 	-5.90057e-19 	0
0.429129 	1.01773 	-5.99117e-19 	0
0.42973 	1.01794 	-6.06935e-19 	0
0.43033 	1.01815 	-6.14752e-19 	0
0.430931 	1.01836 	-6.2257e-19 	0
0.431532 	1.01857 	-6.29126e-19 	0
0.432132 	1.01878 	-6.35518e-19 	0
0.432733 	1.019 	-6.4191e-19 	0
0.433333 	1.0192 	-6.47592e-19 	0
0.433934 	1.01941 	-6.52705e-19 	0
0.434535 	1.01962 	-6.57818e-19 	0
0.435135 	1.01983 	-6.6269e-19 	0
0.435736 	1.02004 	-6.6673e-19 	0
0.436336 	1.02025 	-6.70769e-19 	0
0.436937 	1.02046 	-6.74809e-19 	0
0.437538 	1.02067 	-6.77998e-19 	0
0.438138 	1.02088 	-6.81088e-19 	0
0.438739 	1.02109 	-6.84177e-19 	0
0.439339 	1.0213 	-6.86793e-19 	0
0.43994 	1.0215 	-6.89045e-19 	0
0.440541 	1.02171 	-6.91296e-19 	0
0.441141 	1.02192 	-6.93373e-19 	0
0.441742 	1.02213 	-6.9488e-19 	0
0.442342 	1.02233 	-6.96386e-19 	0
0.442943 	1.02254 	-6.97893e-19 	0
0.443544 	1.02274 	-6.98854e-19 	0
0.444144 	1.02295 	-6.99759e-19 	0
0.444745 	1.02315 	-7.00663e-19 	0
0.445345 	1.02336 	-7.01293e-19 	0
0.445946 	1.02357 	-7.01722e-19 	0
0.446547 	1.02377 	-7.0215e-19 	0
0.447147 	1.02398 	-7.02472e-19 	0
0.447748 	1.02418 	-7.02464e-19 	0
0.448348 	1.02439 	-7.02456e-19 	0
0.448949 	1.02459 	-7.02449e-19 	0
0.44955 	1.0248 	-7.02127e-19 	0
0.45015 	1.025 	-7.01775e-19 	0
0.450751 	1.02521 	-7.01424e-19 	0
0.451351 	1.02541 	-7.0092e-19 	0
0.451952 	1.02561 	-7.00307e-19 	0
0.452553 	1.02581 	-6.99695e-19 	0
0.453153 	1.02601 	-6.99035e-19 	0
0.453754 	1.02622 	-6.98235e-19 	0
0.454354 	1.02642 	-6.97435e-19 	0
0.454955 	1.02662 	-6.96635e-19 	0
0.455556 	1.02683 	-6.95654e-19 	0
0.456156 	1.02703 	-6.94658e-19 	0
0.456757 	1.02723 	-6.93661e-19 	0
0.457357 	1.02743 	-6.9258e-19 	0
0.457958 	1.02763 	-6.91442e-19 	0
0.458559 	1.02783 	-6.90303e-19 	0
0.459159 	1.02803 	-6.89138e-19 	0
0.45976 	1.02823 	-6.87901e-19 	0
0.46036 	1.02844 	-6.86664e-19 	0
0.460961 	1.02864 	-6.85426e-19 	0
0.461562 	1.02884 	-6.8413e-19 	0
0.462162 	1.02903 	-6.82829e-19 	0
0.462763 	1.02923 	-6.81528e-19 	0
0.463363 	1.02943 	-6.80206e-19 	0
0.463964 	1.02963 	-6.7887e-19 	0
0.464565 	1.02983 	-6.77534e-19 	0
0.465165 	1.03002 	-6.76194e-19 	0
0.465766 	1.03022 	-6.74845e-19 	0
0.466366 	1.03042 	-6.73495e-19 	0
0.466967 	1.03062 	-6.72146e-19 	0
0.467568 	1.03082 	-6.70802e-19 	0
0.468168 	1.03102 	-6.69458e-19 	0
0.468769 	1.03121 	-6.68114e-19 	0
0.469369 	1.03141 	-6.66782e-19 	0
0.46997 	1.03161 	-6.65457e-19 	0
0.470571 	1.0318 	-6.64132e-19 	0
0.471171 	1.032 	-6.62816e-19 	0
0.471772 	1.03219 	-6.61521e-19 	0
0.472372 	1.03239 	-6.60226e-19 	0
0.472973 	1.03258 	-6.58931e-19 	0
0.473574 	1.03278 	-6.57673e-19 	0
0.474174 	1.03297 	-6.56416e-19 	0
0.474775 	1.03317 	-6.55159e-19 	0
0.475375 	1.03336 	-6.5393e-19 	0
0.475976 	1.03356 	-6.52718e-19 	0
0.476577 	1.03375 	-6.51505e-19 	0
0.477177 	1.03395 	-6.50307e-19 	0
0.477778 	1.03414 	-6.49143e-19 	0
0.478378 	1.03433 	-6.47979e-19 	0
0.478979 	1.03452 	-6.46815e-19 	0
0.47958 	1.03472 	-6.457e-19 	0
0.48018 	1.03491 	-6.44587e-19 	0
0.480781 	1.03511 	-6.43474e-19 	0
0.481381 	1.0353 	-6.42395e-19 	0
0.481982 	1.03549 	-6.41334e-19 	0
0.482583 	1.03568 	-6.40274e-19 	0
0.483183 	1.03587 	-6.3923e-19 	0
0.483784 	1.03606 	-6.38223e-19 	0
0.484384 	1.03625 	-6.37216e-19 	0
0.484985 	1.03645 	-6.36209e-19 	0
0.485586 	1.03663 	-6.35254e-19 	0
0.486186 	1.03682 	-6.34299e-19 	0
0.486787 	1.03701 	-6.33345e-19 	0
0.487387 	1.0372 	-6.32424e-19 	0
0.487988 	1.0374 	-6.31522e-19 	0
0.488589 	1.03759 	-6.30619e-19 	0
0.489189 	1.03778 	-6.29733e-19 	0
0.48979 	1.03796 	-6.28881e-19 	0
0.49039 	1.03815 	-6.28029e-19 	0
0.490991 	1.03834 	-6.27177e-19 	0
0.491592 	1.03853 	-6.26372e-19 	0
0.492192 	1.03872 	-6.25568e-19 	0
0.492793 	1.0389 	-6.24764e-19 	0
0.493393 	1.03909 	-6.23991e-19 	0
0.493994 	1.03928 	-6.23233e-19 	0
0.494595 	1.03946 	-6.22475e-19 	0
0.495195 	1.03965 	-6.21731e-19 	0
0.495796 	1.03984 	-6.21016e-19 	0
0.496396 	1.04002 	-6.20301e-19 	0
0.496997 	1.04021 	-6.19587e-19 	0
0.497598 	1.0404 	-6.18913e-19 	0
0.498198 	1.04058 	-6.18239e-19 	0
0.498799 	1.04077 	-6.17566e-19 	0
0.499399 	1.04095 	-6.16917e-19 	0
0.5 	1.04114 	-6.16282e-19 	0
