# y_plus_values_1, u_plus_values_1
0.251127, 0.250847
0.552480, 0.551806
0.853833, 0.852495
1.155191, 1.153182
1.456544, 1.453869
1.757897, 1.754142
2.059250, 2.054327
2.360603, 2.354524
2.661956, 2.653884
2.963309, 2.952447
3.264662, 3.251011
3.566015, 3.548658
3.867368, 3.841843
4.168721, 4.135048
4.470074, 4.428233
4.771427, 4.710720
5.072779, 4.991156
5.374132, 5.271612
5.675485, 5.541073
5.976838, 5.799935
6.278191, 6.058798
6.579544, 6.312780
6.880897, 6.544113
7.182250, 6.775445
7.483603, 7.006778
7.784956, 7.213848
8.086309, 7.416496
8.387662, 7.619144
8.689015, 7.808266
8.990368, 7.984599
9.291721, 8.160933
9.593074, 8.333162
9.894426, 8.486906
10.195800, 8.640650
10.497102, 8.794394
10.798505, 8.932122
11.099808, 9.067061
11.401211, 9.201980
11.702514, 9.328852
12.003917, 9.448233
12.305220, 9.567635
12.606623, 9.684626
12.907926, 9.791199
13.209329, 9.897752
13.510632, 10.004325
13.812035, 10.101754
14.113338, 10.197670
14.414741, 10.293566
14.716043, 10.384780
15.017447, 10.471751
15.318749, 10.558703
15.620152, 10.644200
15.921455, 10.723602
16.222858, 10.803004
16.524161, 10.882406
16.825564, 10.956250
17.126867, 11.029197
17.428270, 11.102145
17.729573, 11.172144
18.030976, 11.239534
18.332279, 11.306904
18.633682, 11.373338
18.934985, 11.435907
19.236388, 11.498457
19.537690, 11.561026
19.839094, 11.619930
20.140396, 11.678276
20.441799, 11.736622
20.743102, 11.792976
21.044505, 11.847597
21.345808, 11.902218
21.647211, 11.956182
21.948514, 12.007516
22.249917, 12.058851
22.551220, 12.110185
22.852623, 12.158969
23.153926, 12.207355
23.455329, 12.255742
23.756632, 12.302733
24.058035, 12.348490
24.359337, 12.394266
24.660741, 12.439545
24.962043, 12.482951
25.263446, 12.526337
25.564749, 12.569743
25.866152, 12.611257
26.167455, 12.652511
26.468858, 12.693766
26.770161, 12.733965
27.071564, 12.773267
27.372867, 12.812570
27.674270, 12.851494
27.975573, 12.889023
28.276976, 12.926553
28.578279, 12.964083
28.879682, 13.000178
29.180984, 13.036074
29.482388, 13.071970
29.783690, 13.107050
30.085093, 13.141472
30.386396, 13.175874
30.687799, 13.209977
30.989102, 13.243005
31.290505, 13.276032
31.591808, 13.309060
31.893211, 13.340952
32.194514, 13.372705
32.495917, 13.404458
32.797220, 13.435573
33.098623, 13.466150
33.399926, 13.496728
33.701329, 13.527046
34.002631, 13.556528
34.304035, 13.586010
34.605337, 13.615472
34.906740, 13.644057
35.208043, 13.672503
35.509446, 13.700969
35.810749, 13.728897
36.112152, 13.756407
36.413455, 13.783897
36.714858, 13.811208
37.016161, 13.837821
37.317564, 13.864434
37.618867, 13.891048
37.920270, 13.916904
38.221573, 13.942681
38.522976, 13.968457
38.824278, 13.993796
39.125682, 14.018776
39.426984, 14.043775
39.728387, 14.068596
40.029690, 14.092859
40.331093, 14.117122
40.632396, 14.141364
40.933799, 14.164990
41.235102, 14.188555
41.536505, 14.212121
41.837808, 14.235288
42.139211, 14.258196
42.440514, 14.281084
42.741917, 14.303853
43.043220, 14.326124
43.344623, 14.348395
43.645925, 14.370685
43.947329, 14.392418
44.248631, 14.414111
44.550034, 14.435804
44.851337, 14.457179
45.152740, 14.478314
45.454043, 14.499449
45.755446, 14.520465
46.056749, 14.541062
46.358152, 14.561660
46.659455, 14.582277
46.960858, 14.602417
47.262161, 14.622516
47.563564, 14.642615
47.864867, 14.662456
48.166270, 14.682077
48.467572, 14.701699
48.768976, 14.721201
49.070278, 14.740364
49.371682, 14.759527
49.672984, 14.778690
49.974387, 14.797455
50.275690, 14.816200
50.577093, 14.834925
50.878396, 14.853411
51.179799, 14.871717
51.481102, 14.890044
51.782505, 14.908251
52.083808, 14.926179
52.385211, 14.944087
52.686514, 14.962015
52.987917, 14.979585
53.289220, 14.997135
53.590623, 15.014664
53.891925, 15.031995
54.193329, 15.049166
54.494631, 15.066337
54.796034, 15.083409
55.097337, 15.100241
55.398740, 15.117074
55.700043, 15.133887
56.001446, 15.150420
56.302749, 15.166914
56.604152, 15.183408
56.905455, 15.199703
57.206858, 15.215878
57.508161, 15.232033
57.809564, 15.248129
58.110867, 15.263985
58.412270, 15.279862
58.713572, 15.295718
59.014976, 15.311315
59.316278, 15.326873
59.617681, 15.342451
59.918984, 15.357829
60.220387, 15.373108
60.521690, 15.388387
60.823093, 15.403606
61.124396, 15.418605
61.425799, 15.433605
61.727102, 15.448625
62.028505, 15.463366
62.329808, 15.478107
62.631211, 15.492848
62.932514, 15.507429
63.233917, 15.521911
63.535219, 15.536393
63.836623, 15.550816
64.137925, 15.565059
64.439328, 15.579301
64.740631, 15.593544
65.042034, 15.607548
65.343337, 15.621552
65.644740, 15.635536
65.946043, 15.649400
66.247446, 15.663165
66.548749, 15.676950
66.850152, 15.690655
67.151455, 15.704201
67.452858, 15.717747
67.754161, 15.731292
68.055564, 15.744639
68.356866, 15.757965
68.658270, 15.771312
68.959572, 15.784519
69.260975, 15.797626
69.562278, 15.810754
69.863681, 15.823821
70.164984, 15.836750
70.466387, 15.849658
70.767690, 15.862586
71.069093, 15.875335
71.370396, 15.888064
71.671799, 15.900793
71.973102, 15.913402
72.274505, 15.925932
72.575808, 15.938482
72.877211, 15.950952
73.178513, 15.963322
73.479917, 15.975673
73.781219, 15.988043
74.082622, 16.000214
74.383925, 16.012386
74.685328, 16.024557
74.986631, 16.036629
75.288034, 16.048640
75.589337, 16.060652
75.890740, 16.072604
76.192043, 16.084437
76.493446, 16.096270
76.794749, 16.108102
77.096152, 16.119775
77.397455, 16.131449
77.698858, 16.143142
78.000160, 16.154715
78.301564, 16.166229
78.602866, 16.177743
78.904269, 16.189217
79.205572, 16.200571
79.506975, 16.211926
79.808278, 16.223300
80.109681, 16.234515
80.410984, 16.245711
80.712387, 16.256926
81.013690, 16.268041
81.315093, 16.279097
81.616396, 16.290172
81.917799, 16.301188
82.219102, 16.312104
82.520505, 16.323041
82.821807, 16.333957
83.123211, 16.344754
83.424513, 16.355530
83.725916, 16.366327
84.027219, 16.377024
84.328622, 16.387662
84.629925, 16.398319
84.931328, 16.408916
85.232631, 16.419434
85.534034, 16.429952
85.835337, 16.440470
86.136740, 16.450868
86.438043, 16.461267
86.739446, 16.471645
87.040749, 16.481964
87.342152, 16.492223
87.643454, 16.502501
87.944858, 16.512720
88.246160, 16.522860
88.547564, 16.532999
88.848866, 16.543139
89.150269, 16.553178
89.451572, 16.563198
89.752975, 16.573218
90.054278, 16.583178
90.355681, 16.593078
90.656984, 16.602999
90.958387, 16.612859
91.259690, 16.622660
91.561093, 16.632441
91.862396, 16.642241
92.163799, 16.651923
92.465102, 16.661624
92.766505, 16.671305
93.067807, 16.680926
93.369211, 16.690488
93.670513, 16.700070
93.971916, 16.709611
94.273219, 16.719093
94.574622, 16.728555
94.875925, 16.738037
95.177328, 16.747400
95.478631, 16.756762
95.780034, 16.766145
96.081337, 16.775428
96.382740, 16.784690
96.684043, 16.793953
96.985446, 16.803196
97.286749, 16.812360
97.588152, 16.821543
97.889454, 16.830706
98.190858, 16.839770
98.492160, 16.848853
98.793563, 16.857917
99.094866, 16.866921
99.396269, 16.875905
99.697572, 16.884869
99.998975, 16.893813
100.300278, 16.902698
100.601581, 16.911582
100.902783, 16.920466
101.203985, 16.929271
101.506192, 16.938056
101.807394, 16.946841
102.108596, 16.955566
102.409799, 16.964271
102.711001, 16.972976
103.012203, 16.981661
103.313406, 16.990267
103.615612, 16.998892
103.916814, 17.007498
104.218017, 17.016043
104.519219, 17.024569
104.820421, 17.033095
105.121624, 17.041581
105.423830, 17.050027
105.725032, 17.058473
106.026235, 17.066899
106.327437, 17.075266
106.628639, 17.083632
106.929842, 17.091999
107.231044, 17.100286
107.533250, 17.108572
107.834453, 17.116859
108.135655, 17.125086
108.436857, 17.133273
108.738060, 17.141481
109.039262, 17.149668
109.340464, 17.157795
109.642671, 17.165923
109.943873, 17.174050
110.245075, 17.182118
110.546278, 17.190165
110.847480, 17.198213
111.148682, 17.206221
111.450889, 17.214189
111.752091, 17.222177
112.053294, 17.230125
112.354496, 17.238034
112.655698, 17.245922
112.956901, 17.253830
113.258103, 17.261659
113.560309, 17.269507
113.861512, 17.277336
114.162714, 17.285105
114.463916, 17.292874
114.765119, 17.300643
115.066321, 17.308372
115.367523, 17.316061
115.669730, 17.323770
115.970932, 17.331459
116.272134, 17.339089
116.573337, 17.346698
116.874539, 17.354327
117.175741, 17.361917
117.477948, 17.369467
117.779150, 17.377036
118.080352, 17.384566
118.381555, 17.392056
118.682757, 17.399566
118.983959, 17.407036
119.285162, 17.414466
119.587368, 17.421897
119.888570, 17.429327
120.189773, 17.436717
120.490975, 17.444068
120.792177, 17.451438
121.093380, 17.458789
121.394582, 17.466080
121.696788, 17.473390
121.997991, 17.480681
122.299193, 17.487932
122.600395, 17.495163
122.901598, 17.502394
123.202800, 17.509605
123.505006, 17.516776
123.806209, 17.523968
124.107411, 17.531119
124.408613, 17.538250
124.709816, 17.545362
125.011018, 17.552473
125.312220, 17.559545
125.614427, 17.566597
125.915629, 17.573668
126.216831, 17.580680
126.518034, 17.587692
126.819236, 17.594684
127.120438, 17.601676
127.421641, 17.608608
127.723847, 17.615561
128.025049, 17.622513
128.326252, 17.629405
128.627454, 17.636297
128.928656, 17.643190
129.229859, 17.650042
129.532065, 17.656875
129.833267, 17.663708
130.134470, 17.670520
130.435672, 17.677313
130.736874, 17.684106
131.038077, 17.690879
131.339279, 17.697612
131.641485, 17.704345
131.942688, 17.711058
132.243890, 17.717751
132.545093, 17.724424
132.846295, 17.731117
133.147497, 17.737771
133.448700, 17.744384
133.750906, 17.751018
134.052108, 17.757631
134.353311, 17.764205
134.654513, 17.770778
134.955715, 17.777352
135.256918, 17.783886
135.559124, 17.790420
135.860326, 17.796954
136.161529, 17.803448
136.462731, 17.809922
136.763933, 17.816396
137.065136, 17.822870
137.366338, 17.829284
137.668544, 17.835718
137.969747, 17.842152
138.270949, 17.848547
138.572151, 17.854921
138.873354, 17.861296
139.174556, 17.867650
139.475758, 17.873985
139.777965, 17.880300
140.079167, 17.886634
140.380369, 17.892909
140.681572, 17.899204
140.982774, 17.905479
141.283976, 17.911734
141.586183, 17.917969
141.887385, 17.924223
142.188587, 17.930439
142.489790, 17.936634
142.790992, 17.942809
143.092194, 17.949004
143.393397, 17.955140
143.695603, 17.961295
143.996805, 17.967450
144.298008, 17.973566
144.599210, 17.979661
144.900412, 17.985757
145.201615, 17.991852
145.502817, 17.997908
145.805023, 18.003964
146.106226, 18.010020
146.407428, 18.016035
146.708630, 18.022051
147.009833, 18.028067
147.311035, 18.034043
147.613241, 18.040019
147.914444, 18.045995
148.215646, 18.051952
148.516848, 18.057888
148.818051, 18.063804
149.119253, 18.069740
149.420455, 18.075637
149.722662, 18.081513
150.023864, 18.087409
150.325066, 18.093266
150.626269, 18.099103
150.927471, 18.104959
151.228673, 18.110796
151.529876, 18.116612
151.832082, 18.122409
152.133285, 18.128226
152.434487, 18.133983
152.735689, 18.139760
153.036892, 18.145517
153.338094, 18.151254
153.640300, 18.156971
153.941503, 18.162708
154.242705, 18.168425
154.543907, 18.174102
154.845110, 18.179799
155.146312, 18.185496
155.447514, 18.191134
155.749721, 18.196791
156.050923, 18.202448
156.352125, 18.208066
156.653328, 18.213683
156.954530, 18.219301
157.255732, 18.224898
157.556935, 18.230456
157.859141, 18.236034
158.160343, 18.241611
158.461546, 18.247149
158.762748, 18.252687
159.063950, 18.258225
159.365153, 18.263743
159.667359, 18.269241
159.968561, 18.274739
160.269764, 18.280237
160.570966, 18.285695
160.872168, 18.291153
161.173371, 18.296611
161.474573, 18.302049
161.776779, 18.307487
162.077982, 18.312906
162.379184, 18.318304
162.680386, 18.323702
162.981589, 18.329101
163.282791, 18.334479
163.583993, 18.339838
163.886200, 18.345196
164.187402, 18.350555
164.488604, 18.355873
164.789807, 18.361212
165.091009, 18.366531
165.392211, 18.371830
165.694418, 18.377108
165.995620, 18.382407
166.296822, 18.387686
166.598025, 18.392945
166.899227, 18.398184
167.200429, 18.403443
167.501632, 18.408662
167.803838, 18.413881
168.105040, 18.419100
168.406243, 18.424299
168.707445, 18.429498
169.008647, 18.434678
169.309850, 18.439857
169.611052, 18.445016
169.913258, 18.450176
170.214461, 18.455335
170.515663, 18.460454
170.816865, 18.465574
171.118068, 18.470693
171.419270, 18.475813
171.721477, 18.480892
172.022679, 18.485992
172.323881, 18.491072
172.625084, 18.496131
172.926286, 18.501191
173.227488, 18.506251
173.528691, 18.511271
173.830897, 18.516291
174.132099, 18.521330
174.433302, 18.526330
174.734504, 18.531330
175.035706, 18.536330
175.336909, 18.541310
175.638111, 18.546290
175.940317, 18.551250
176.241520, 18.556211
176.542722, 18.561151
176.843924, 18.566091
177.145127, 18.571031
177.446329, 18.575932
177.748535, 18.580852
178.049738, 18.585752
178.350940, 18.590633
178.652142, 18.595513
178.953345, 18.600394
179.254547, 18.605274
179.555749, 18.610115
179.857956, 18.614975
180.159158, 18.619816
180.460360, 18.624636
180.761563, 18.629457
181.062765, 18.634278
181.363967, 18.639078
181.665170, 18.643879
181.967376, 18.648660
182.268578, 18.653441
182.569781, 18.658202
182.870983, 18.662963
183.172185, 18.667724
183.473388, 18.672465
183.775594, 18.677186
184.076796, 18.681927
184.377999, 18.686648
184.679201, 18.691349
184.980403, 18.696050
185.281606, 18.700751
185.582808, 18.705433
185.885014, 18.710094
186.186217, 18.714775
186.487419, 18.719436
186.788621, 18.724078
187.089824, 18.728739
187.391026, 18.733381
187.692228, 18.738002
187.994435, 18.742623
188.295637, 18.747245
188.596839, 18.751827
188.898042, 18.756428
189.199244, 18.761010
189.500446, 18.765591
189.802653, 18.770153
190.103855, 18.774715
190.405057, 18.779277
190.706260, 18.783818
191.007462, 18.788360
191.308664, 18.792882
191.609867, 18.797404
191.912073, 18.801926
192.213276, 18.806448
192.514478, 18.810930
192.815680, 18.815432
193.116883, 18.819914
193.418085, 18.824376
193.719287, 18.828858
194.021494, 18.833320
194.322696, 18.837782
194.623898, 18.842204
194.925101, 18.846647
195.226303, 18.851089
195.527505, 18.855511
195.829712, 18.859913
196.130914, 18.864336
196.432116, 18.868718
196.733319, 18.873101
197.034521, 18.877483
197.335723, 18.881865
197.636926, 18.886228
197.939132, 18.890590
198.240334, 18.894973
198.541537, 18.899296
198.842739, 18.903638
199.143941, 18.907981
199.445144, 18.912303
199.746346, 18.916626
200.048552, 18.920929
200.349755, 18.925252
200.650957, 18.929534
200.952159, 18.933817
201.253362, 18.938100
201.554564, 18.942383
201.856770, 18.946646
202.157973, 18.950909
202.459175, 18.955152
202.760377, 18.959395
203.061580, 18.963638
203.362782, 18.967861
203.663984, 18.972084
203.966191, 18.976307
204.267393, 18.980530
204.568595, 18.984733
204.869798, 18.988916
205.171000, 18.993100
205.472202, 18.997283
205.773405, 19.001446
206.075611, 19.005629
206.376813, 19.009793
206.678016, 19.013936
206.979218, 19.018080
207.280420, 19.022243
207.581623, 19.026366
207.883829, 19.030490
208.185031, 19.034613
208.486234, 19.038737
208.787436, 19.042820
209.088638, 19.046924
209.389841, 19.051027
209.691043, 19.055111
209.993249, 19.059175
210.294452, 19.063258
210.595654, 19.067322
210.896856, 19.071366
211.198059, 19.075430
211.499261, 19.079473
211.800464, 19.083497
212.102670, 19.087541
212.403872, 19.091565
212.705075, 19.095589
213.006277, 19.099593
213.307479, 19.103617
213.608682, 19.107601
213.910888, 19.111605
214.212090, 19.115589
214.513293, 19.119573
214.814495, 19.123537
215.115697, 19.127521
215.416900, 19.131485
215.718102, 19.135429
216.020308, 19.139373
216.321511, 19.143318
216.622713, 19.147242
216.923915, 19.151186
217.225118, 19.155110
217.526320, 19.159015
217.827522, 19.162919
218.129729, 19.166823
218.430931, 19.170728
218.732133, 19.174612
219.033336, 19.178497
219.334538, 19.182381
219.635740, 19.186246
219.937947, 19.190110
220.239149, 19.193975
220.540351, 19.197839
220.841554, 19.201664
221.142756, 19.205508
221.443958, 19.209353
221.745161, 19.213178
222.047367, 19.217002
222.348569, 19.220827
222.649772, 19.224632
222.950974, 19.228436
223.252176, 19.232241
223.553379, 19.236026
223.854581, 19.239811
224.156787, 19.243576
224.457990, 19.247361
224.759192, 19.251126
225.060394, 19.254871
225.361597, 19.258635
225.662799, 19.262380
225.965005, 19.266125
226.266208, 19.269870
226.567410, 19.273595
226.868612, 19.277321
227.169815, 19.281046
227.471017, 19.284771
227.772219, 19.288476
228.074426, 19.292181
228.375628, 19.295886
228.676830, 19.299571
228.978033, 19.303237
229.279235, 19.306922
229.580437, 19.310607
229.881640, 19.314272
230.183846, 19.317938
230.485048, 19.321603
230.786251, 19.325248
231.087453, 19.328894
231.388656, 19.332539
231.689858, 19.336165
231.992064, 19.339790
232.293267, 19.343416
232.594469, 19.347021
232.895671, 19.350627
233.196874, 19.354252
233.498076, 19.357858
233.799278, 19.361443
234.101485, 19.365029
234.402687, 19.368615
234.703889, 19.372180
235.005092, 19.375766
235.306294, 19.379332
235.607496, 19.382877
235.908699, 19.386443
236.210905, 19.389989
236.512107, 19.393535
236.813310, 19.397061
237.114512, 19.400606
237.415714, 19.404132
237.716917, 19.407658
238.019123, 19.411164
238.320325, 19.414690
238.621528, 19.418196
238.922730, 19.421682
239.223932, 19.425188
239.525135, 19.428674
239.826337, 19.432160
240.128543, 19.435646
240.429746, 19.439112
240.730948, 19.442578
241.032150, 19.446024
241.333353, 19.449491
241.634555, 19.452937
241.935757, 19.456383
242.237964, 19.459829
242.539166, 19.463275
242.840368, 19.466702
243.141571, 19.470128
243.442773, 19.473554
243.743975, 19.476960
244.046182, 19.480367
244.347384, 19.483773
244.648586, 19.487160
244.949789, 19.490566
245.250991, 19.493952
245.552193, 19.497339
245.853396, 19.500705
246.155602, 19.504092
246.456804, 19.507478
246.758007, 19.510825
247.059209, 19.514171
247.360411, 19.517538
247.661614, 19.520884
247.962816, 19.524231
248.265022, 19.527558
248.566225, 19.530904
248.867427, 19.534231
249.168629, 19.537538
249.469832, 19.540864
249.771034, 19.544171
250.073240, 19.547478
250.374443, 19.550785
250.675645, 19.554071
250.976848, 19.557358
251.278050, 19.560645
251.579252, 19.563932
251.880455, 19.567199
252.182661, 19.570486
252.483863, 19.573752
252.785066, 19.576999
253.086268, 19.580266
253.387470, 19.583533
253.688673, 19.586780
253.989875, 19.590007
254.292081, 19.593254
254.593284, 19.596481
254.894486, 19.599708
255.195688, 19.602936
255.496891, 19.606163
255.798093, 19.609370
256.100299, 19.612577
256.401502, 19.615764
256.702704, 19.618971
257.003906, 19.622158
257.305109, 19.625366
257.606311, 19.628553
257.907513, 19.631720
258.209720, 19.634887
258.510922, 19.638075
258.812124, 19.641222
259.113327, 19.644389
259.414529, 19.647537
259.715731, 19.650684
260.016934, 19.653832
260.319140, 19.656979
260.620342, 19.660126
260.921545, 19.663254
261.222747, 19.666381
261.523949, 19.669509
261.825152, 19.672616
262.127358, 19.675724
262.428560, 19.678851
262.729763, 19.681959
263.030965, 19.685046
263.332167, 19.688154
263.633370, 19.691242
263.934572, 19.694309
264.236778, 19.697397
264.537981, 19.700485
264.839183, 19.703552
265.140385, 19.706620
265.441588, 19.709688
265.742790, 19.712735
266.043992, 19.715783
266.346199, 19.718831
266.647401, 19.721879
266.948603, 19.724927
267.249806, 19.727954
267.551008, 19.730982
267.852210, 19.734010
268.154417, 19.737038
268.455619, 19.740046
268.756821, 19.743054
269.058024, 19.746062
269.359226, 19.749070
269.660428, 19.752078
269.961631, 19.755066
270.263837, 19.758054
270.565040, 19.761042
270.866242, 19.764030
271.167444, 19.766998
271.468647, 19.769986
271.769849, 19.772954
272.071051, 19.775902
272.373258, 19.778870
272.674460, 19.781819
272.975662, 19.784767
273.276865, 19.787715
273.578067, 19.790663
273.879269, 19.793591
274.181476, 19.796520
274.482678, 19.799448
274.783880, 19.802376
275.085083, 19.805304
275.386285, 19.808213
275.687487, 19.811121
275.988690, 19.814030
276.290896, 19.816938
276.592098, 19.819846
276.893301, 19.822735
277.194503, 19.825623
277.495705, 19.828511
277.796908, 19.831400
278.098110, 19.834268
278.400316, 19.837137
278.701519, 19.840005
279.002721, 19.842874
279.303923, 19.845722
279.605126, 19.848591
279.906328, 19.851440
280.208534, 19.854288
280.509737, 19.857117
280.810939, 19.859965
281.112141, 19.862794
281.413344, 19.865643
281.714546, 19.868471
282.015748, 19.871280
282.317955, 19.874089
282.619157, 19.876917
282.920359, 19.879706
283.221562, 19.882515
283.522764, 19.885324
283.823966, 19.888113
284.125169, 19.890921
284.427375, 19.893710
284.728577, 19.896499
285.029780, 19.899268
285.330982, 19.902057
285.632184, 19.904826
285.933387, 19.907595
286.235593, 19.910363
286.536795, 19.913112
286.837998, 19.915881
287.139200, 19.918670
287.440402, 19.921359
287.741605, 19.924148
288.042807, 19.926937
288.345013, 19.929527
288.646216, 19.932315
288.947418, 19.935104
289.248620, 19.937694
289.549823, 19.940483
289.851025, 19.943272
290.152227, 19.945861
290.454434, 19.948650
290.755636, 19.951240
291.056839, 19.954028
291.358041, 19.956618
291.659243, 19.959407
291.960446, 19.961996
292.262652, 19.964785
292.563854, 19.967375
292.865057, 19.970164
293.166259, 19.972753
293.467461, 19.975542
293.768664, 19.978132
294.069866, 19.980721
294.372072, 19.983510
294.673275, 19.986100
294.974477, 19.988690
295.275679, 19.991478
295.576882, 19.994068
295.878084, 19.996857
296.179286, 19.999446
296.481493, 20.002036
296.782695, 20.004626
297.083897, 20.007215
297.385100, 20.009805
297.686302, 20.012395
297.987504, 20.014984
298.289711, 20.017574
298.590913, 20.020363
298.892115, 20.022952
299.193318, 20.025343
299.494520, 20.027932
299.795722, 20.030522
300.096925, 20.033311
300.399131, 20.035900
300.700333, 20.038490
301.001536, 20.041080
301.302738, 20.043669
301.603940, 20.046259
301.905143, 20.048649
302.207349, 20.051239
302.508551, 20.053828
302.809754, 20.056219
303.110956, 20.058808
303.412158, 20.061398
303.713361, 20.063988
304.014563, 20.066577
304.316769, 20.068968
304.617972, 20.071557
304.919174, 20.073948
305.220376, 20.076537
305.521579, 20.079127
305.822781, 20.081517
306.123983, 20.084107
306.426190, 20.086697
306.727392, 20.089087
307.028594, 20.091677
307.329797, 20.094067
307.630999, 20.096657
307.932201, 20.099047
308.234408, 20.101637
308.535610, 20.104027
308.836812, 20.106418
309.138015, 20.109007
309.439217, 20.111597
309.740419, 20.113987
310.041622, 20.116378
310.343828, 20.118967
310.645031, 20.121358
310.946233, 20.123748
311.247435, 20.126338
311.548638, 20.128728
311.849840, 20.131119
312.151042, 20.133509
312.453249, 20.135900
312.754451, 20.138290
313.055653, 20.140880
313.356856, 20.143270
313.658058, 20.145660
313.959260, 20.148051
314.261467, 20.150441
314.562669, 20.152832
314.863871, 20.155222
315.165074, 20.157613
315.466276, 20.160003
315.767478, 20.162393
316.068681, 20.164784
316.370887, 20.167174
316.672089, 20.169565
316.973292, 20.171955
317.274494, 20.174345
317.575696, 20.176736
317.876899, 20.179126
318.178101, 20.181517
318.480307, 20.183907
318.781510, 20.186098
319.082712, 20.188489
319.383914, 20.190879
319.685117, 20.193270
319.986319, 20.195660
320.288525, 20.198050
320.589728, 20.200441
320.890930, 20.202632
321.192132, 20.205022
321.493335, 20.207413
321.794537, 20.209604
322.095739, 20.211995
322.397946, 20.214385
322.699148, 20.216775
323.000350, 20.218967
323.301553, 20.221158
323.602755, 20.223548
323.903957, 20.225739
324.205160, 20.228130
324.507366, 20.230520
324.808568, 20.232712
325.109771, 20.235102
325.410973, 20.237293
325.712175, 20.239684
326.013378, 20.241875
326.315584, 20.244066
326.616786, 20.246456
326.917989, 20.248648
327.219191, 20.251038
327.520393, 20.253229
327.821596, 20.255421
328.122798, 20.257811
328.425004, 20.260002
328.726207, 20.262193
329.027409, 20.264385
329.328611, 20.266775
329.629814, 20.268966
329.931016, 20.271157
330.232219, 20.273349
330.534425, 20.275540
330.835627, 20.277930
331.136830, 20.280122
331.438032, 20.282313
331.739234, 20.284504
332.040437, 20.286695
332.342643, 20.288886
332.643845, 20.291078
332.945048, 20.293269
333.246250, 20.295460
333.547452, 20.297651
333.848655, 20.300042
334.149857, 20.302034
334.452063, 20.304225
334.753266, 20.306416
335.054468, 20.308607
335.355670, 20.310799
335.656873, 20.312791
335.958075, 20.314982
336.259277, 20.317173
336.561484, 20.319563
336.862686, 20.321755
337.163888, 20.323747
337.465091, 20.325938
337.766293, 20.328129
338.067495, 20.330320
338.369702, 20.332312
338.670904, 20.334504
338.972106, 20.336496
339.273309, 20.338687
339.574511, 20.340878
339.875713, 20.343069
340.176916, 20.345061
340.479122, 20.347252
340.780324, 20.349244
341.081527, 20.351436
341.382729, 20.353627
341.683931, 20.355818
341.985134, 20.357810
342.286336, 20.360001
342.588542, 20.361993
342.889745, 20.364185
343.190947, 20.366177
343.492149, 20.368368
343.793352, 20.370360
344.094554, 20.372551
344.396760, 20.374543
344.697963, 20.376535
344.999165, 20.378527
345.300367, 20.380718
345.601570, 20.382710
345.902772, 20.384902
346.203974, 20.386894
346.506181, 20.388886
346.807383, 20.390878
347.108585, 20.393069
347.409788, 20.395061
347.710990, 20.397252
348.012192, 20.399244
348.313395, 20.401236
348.615601, 20.403427
348.916803, 20.405419
349.218006, 20.407411
349.519208, 20.409403
349.820411, 20.411395
350.121613, 20.413387
350.423819, 20.415379
350.725022, 20.417371
351.026224, 20.419363
351.327426, 20.421355
351.628629, 20.423547
351.929831, 20.425539
352.231033, 20.427531
352.533240, 20.429523
352.834442, 20.431515
353.135644, 20.433308
353.436847, 20.435300
353.738049, 20.437292
354.039251, 20.439284
354.340454, 20.441276
354.642660, 20.443268
354.943862, 20.445260
355.245065, 20.447252
355.546267, 20.449244
355.847469, 20.451236
356.148672, 20.453228
356.450878, 20.455021
356.752080, 20.457013
357.053283, 20.459005
357.354485, 20.460997
357.655687, 20.462789
357.956890, 20.464781
358.258092, 20.466773
358.560298, 20.468765
358.861501, 20.470757
359.162703, 20.472550
359.463905, 20.474542
359.765108, 20.476534
360.066310, 20.478327
360.367512, 20.480319
360.669719, 20.482112
360.970921, 20.484104
361.272123, 20.486096
361.573326, 20.487889
361.874528, 20.489881
362.175730, 20.491674
362.477937, 20.493666
362.779139, 20.495658
363.080341, 20.497451
363.381544, 20.499243
363.682746, 20.501235
363.983948, 20.503028
364.285151, 20.505020
364.587357, 20.506813
364.888559, 20.508805
365.189762, 20.510598
365.490964, 20.512391
365.792166, 20.514383
366.093369, 20.516175
366.394571, 20.517968
366.696777, 20.519960
366.997980, 20.521753
367.299182, 20.523546
367.600384, 20.525538
367.901587, 20.527331
368.202789, 20.529124
368.504995, 20.530916
368.806198, 20.532709
369.107400, 20.534502
369.408603, 20.536295
369.709805, 20.538287
370.011007, 20.540080
370.312210, 20.541872
370.614416, 20.543665
370.915618, 20.545458
371.216821, 20.547251
371.518023, 20.549243
371.819225, 20.551036
372.120428, 20.552829
372.421630, 20.554621
372.723836, 20.556414
373.025039, 20.558207
373.326241, 20.560000
373.627443, 20.561793
373.928646, 20.563585
374.229848, 20.565378
374.532054, 20.567171
374.833257, 20.568765
375.134459, 20.570558
375.435661, 20.572350
375.736864, 20.574143
376.038066, 20.575936
376.339268, 20.577729
376.641475, 20.579522
376.942677, 20.581314
377.243879, 20.583107
377.545082, 20.584900
377.846284, 20.586494
378.147486, 20.588286
378.448689, 20.590079
378.750895, 20.591673
379.052097, 20.593466
379.353300, 20.595259
379.654502, 20.597051
379.955704, 20.598645
380.256907, 20.600438
380.559113, 20.602231
380.860315, 20.603824
381.161518, 20.605617
381.462720, 20.607410
381.763922, 20.609003
382.065125, 20.610796
382.366327, 20.612589
382.668533, 20.614183
382.969736, 20.615776
383.270938, 20.617569
383.572140, 20.619362
383.873343, 20.620956
384.174545, 20.622748
384.475747, 20.624342
384.777954, 20.626135
385.079156, 20.627728
385.380358, 20.629521
385.681561, 20.631115
385.982763, 20.632708
386.283965, 20.634501
386.586172, 20.636095
386.887374, 20.637888
387.188576, 20.639481
387.489779, 20.641075
387.790981, 20.642868
388.092183, 20.644461
388.393386, 20.646055
388.695592, 20.647649
388.996795, 20.649242
389.297997, 20.651035
389.599199, 20.652629
389.900402, 20.654421
390.201604, 20.656015
390.502806, 20.657609
390.805013, 20.659202
391.106215, 20.660796
391.407417, 20.662389
391.708620, 20.663983
392.009822, 20.665776
392.311024, 20.667370
392.613231, 20.668963
392.914433, 20.670557
393.215635, 20.672150
393.516838, 20.673744
393.818040, 20.675338
394.119242, 20.676931
394.420445, 20.678525
394.722651, 20.680118
395.023853, 20.681911
395.325056, 20.683306
395.626258, 20.684899
395.927460, 20.686493
396.228663, 20.688086
396.529865, 20.689680
396.832071, 20.691274
397.133274, 20.692867
397.434476, 20.694461
397.735678, 20.696055
398.036881, 20.697648
398.338083, 20.699043
398.640289, 20.700636
398.941492, 20.702230
399.242694, 20.703823
399.543896, 20.705417
399.845099, 20.706811
400.146301, 20.708405
400.447503, 20.709999
400.749710, 20.711592
401.050912, 20.713186
401.352114, 20.714580
401.653317, 20.716174
401.954519, 20.717768
402.255721, 20.719361
402.556924, 20.720955
402.859130, 20.722548
403.160332, 20.723943
403.461535, 20.725536
403.762737, 20.726931
404.063939, 20.728524
404.365142, 20.729919
404.667348, 20.731512
404.968550, 20.732907
405.269753, 20.734500
405.570955, 20.735895
405.872157, 20.737488
406.173360, 20.738883
406.474562, 20.740477
406.776768, 20.741871
407.077971, 20.743465
407.379173, 20.744859
407.680375, 20.746453
407.981578, 20.747847
408.282780, 20.749441
408.583982, 20.750835
408.886189, 20.752429
409.187391, 20.753823
409.488594, 20.755417
409.789796, 20.756811
410.090998, 20.758405
410.392201, 20.759799
410.694407, 20.761193
410.995609, 20.762787
411.296812, 20.764182
411.598014, 20.765576
411.899216, 20.766970
412.200419, 20.768365
412.501621, 20.769958
412.803827, 20.771353
413.105030, 20.772747
413.406232, 20.774142
413.707434, 20.775536
414.008637, 20.777130
414.309839, 20.778524
414.611041, 20.779918
414.913248, 20.781313
415.214450, 20.782707
415.515652, 20.784301
415.816855, 20.785695
416.118057, 20.787090
416.419259, 20.788484
416.721466, 20.789879
417.022668, 20.791472
417.323870, 20.792867
417.625073, 20.794261
417.926275, 20.795456
418.227477, 20.796851
418.528680, 20.798444
418.830886, 20.799839
419.132088, 20.801233
419.433291, 20.802627
419.734493, 20.804022
420.035695, 20.805416
420.336898, 20.806811
420.638100, 20.808205
420.940306, 20.809400
421.241509, 20.810795
421.542711, 20.812189
421.843913, 20.813584
422.145116, 20.814978
422.446318, 20.816372
422.748524, 20.817767
423.049727, 20.819161
423.350929, 20.820556
423.652131, 20.821751
423.953334, 20.823145
424.254536, 20.824340
424.555738, 20.825735
424.857945, 20.827129
425.159147, 20.828524
425.460349, 20.829918
425.761552, 20.831113
426.062754, 20.832508
426.363956, 20.833902
426.665159, 20.835097
426.967365, 20.836492
427.268567, 20.837687
427.569770, 20.839081
427.870972, 20.840476
428.172174, 20.841671
428.473377, 20.843065
428.775583, 20.844261
429.076786, 20.845655
429.377988, 20.847049
429.679190, 20.848245
429.980393, 20.849639
430.281595, 20.850834
430.582797, 20.852229
430.885004, 20.853623
431.186206, 20.854818
431.487408, 20.856213
431.788611, 20.857408
432.089813, 20.858802
432.391015, 20.859997
432.692218, 20.861392
432.994424, 20.862587
433.295626, 20.863782
433.596829, 20.865177
433.898031, 20.866372
434.199233, 20.867567
434.500436, 20.868962
434.802642, 20.870157
435.103844, 20.871551
435.405047, 20.872946
435.706249, 20.874141
436.007451, 20.875336
436.308654, 20.876531
436.609856, 20.877926
436.912062, 20.879121
437.213265, 20.880316
437.514467, 20.881710
437.815669, 20.882906
438.116872, 20.884101
438.418074, 20.885296
438.719276, 20.886491
439.021483, 20.887687
439.322685, 20.888882
439.623887, 20.890276
439.925090, 20.891471
440.226292, 20.892667
440.527494, 20.893862
440.829701, 20.895057
441.130903, 20.896252
441.432105, 20.897647
441.733308, 20.898842
442.034510, 20.900037
442.335712, 20.901232
442.636915, 20.902427
442.939121, 20.903623
443.240323, 20.904818
443.541526, 20.906013
443.842728, 20.907208
444.143930, 20.908403
444.445133, 20.909599
444.746335, 20.910794
445.048541, 20.911989
445.349744, 20.913184
445.650946, 20.914380
445.952148, 20.915575
446.253351, 20.916770
446.554553, 20.917965
446.856759, 20.919160
447.157962, 20.920356
447.459164, 20.921352
447.760366, 20.922547
448.061569, 20.923742
448.362771, 20.924937
448.663974, 20.926132
448.966180, 20.927328
449.267382, 20.928523
449.568585, 20.929519
449.869787, 20.930714
450.170989, 20.931909
450.472192, 20.933104
450.773394, 20.934300
451.075600, 20.935495
451.376803, 20.936491
451.678005, 20.937686
451.979207, 20.938881
452.280410, 20.940077
452.581612, 20.941073
452.883818, 20.942268
453.185021, 20.943463
453.486223, 20.944459
453.787425, 20.945654
454.088628, 20.946849
454.389830, 20.947845
454.691032, 20.949041
454.993239, 20.950037
455.294441, 20.951232
455.595643, 20.952228
455.896846, 20.953423
456.198048, 20.954618
456.499250, 20.955614
456.800453, 20.956809
457.102659, 20.957805
457.403861, 20.958802
457.705064, 20.959997
458.006266, 20.961192
458.307468, 20.962387
458.608671, 20.963383
458.910877, 20.964379
459.212079, 20.965574
459.513282, 20.966570
459.814484, 20.967766
460.115686, 20.968762
460.416889, 20.969758
460.718091, 20.970953
461.020297, 20.971949
461.321500, 20.973144
461.622702, 20.974140
461.923904, 20.975136
462.225107, 20.976331
462.526309, 20.977327
462.827511, 20.978522
463.129718, 20.979518
463.430920, 20.980514
463.732122, 20.981510
464.033325, 20.982706
464.334527, 20.983702
464.635729, 20.984698
464.937936, 20.985694
465.239138, 20.986889
465.540340, 20.987885
465.841543, 20.988881
466.142745, 20.989877
466.443947, 20.990873
466.745150, 20.992068
467.047356, 20.993064
467.348558, 20.994060
467.649761, 20.995056
467.950963, 20.996052
468.252165, 20.997247
468.553368, 20.998243
468.854570, 20.999239
469.156777, 21.000235
469.457979, 21.001231
469.759181, 21.002427
470.060384, 21.003423
470.361586, 21.004419
470.662788, 21.005415
470.964995, 21.006211
471.266197, 21.007208
471.567399, 21.008204
471.868602, 21.009200
472.169804, 21.010196
472.471006, 21.011192
472.772209, 21.012387
473.074415, 21.013383
473.375617, 21.014379
473.676820, 21.015375
473.978022, 21.016172
474.279224, 21.017168
474.580427, 21.018164
474.881629, 21.019160
475.183835, 21.020156
475.485038, 21.021152
475.786240, 21.022148
476.087442, 21.023144
476.388645, 21.024140
476.689847, 21.025136
476.992053, 21.025932
477.293256, 21.026928
477.594458, 21.027924
477.895660, 21.028920
478.196863, 21.029916
478.498065, 21.030713
478.799267, 21.031709
479.101474, 21.032705
479.402676, 21.033701
479.703878, 21.034697
480.005081, 21.035494
480.306283, 21.036490
480.607485, 21.037486
480.908688, 21.038482
481.210894, 21.039478
481.512096, 21.040275
481.813299, 21.041271
482.114501, 21.042068
482.415703, 21.043064
482.716906, 21.044060
483.019112, 21.044857
483.320314, 21.045853
483.621517, 21.046849
483.922719, 21.047645
484.223921, 21.048641
484.525124, 21.049438
484.826326, 21.050434
485.128532, 21.051231
485.429735, 21.052227
485.730937, 21.053223
486.032139, 21.054020
486.333342, 21.055016
486.634544, 21.056012
486.935746, 21.056809
487.237953, 21.057805
487.539155, 21.058602
487.840357, 21.059598
488.141560, 21.060394
488.442762, 21.061390
488.743965, 21.062187
489.046171, 21.063183
489.347373, 21.063980
489.648576, 21.064976
489.949778, 21.065773
490.250980, 21.066570
490.552183, 21.067366
490.853385, 21.068362
491.155591, 21.069159
491.456794, 21.070155
491.757996, 21.070952
492.059198, 21.071948
492.360401, 21.072745
492.661603, 21.073741
492.962805, 21.074538
493.265012, 21.075334
493.566214, 21.076131
493.867416, 21.077127
494.168619, 21.077924
494.469821, 21.078721
494.771023, 21.079518
495.073230, 21.080514
495.374432, 21.081311
495.675634, 21.082307
495.976837, 21.083103
496.278039, 21.083900
496.579241, 21.084697
496.880444, 21.085693
497.182650, 21.086490
497.483852, 21.087287
497.785055, 21.088083
498.086257, 21.088880
498.387459, 21.089876
498.688662, 21.090673
498.989864, 21.091470
499.292070, 21.092267
499.593273, 21.093063
499.894475, 21.093860
500.195677, 21.094657
500.496880, 21.095454
500.798082, 21.096251
501.100288, 21.097047
501.401491, 21.098043
501.702693, 21.098840
502.003895, 21.099637
