/*--------------------------------*- C++ -*----------------------------------*\
| =========                 |                                                 |
| \\      /  F ield         | OpenFOAM: The Open Source CFD Toolbox           |
|  \\    /   O peration     | Version:  2312                                  |
|   \\  /    A nd           | Website:  www.openfoam.com                      |
|    \\/     M anipulation  |                                                 |
\*---------------------------------------------------------------------------*/
FoamFile
{
    version     2.0;
    format      ascii;
    arch        "LSB;label=32;scalar=64";
    class       volVectorField;
    location    "20.71";
    object      U;
}
// * * * * * * * * * * * * * * * * * * * * * * * * * * * * * * * * * * * * * //

dimensions      [0 1 -1 0 0 0 0];

internalField   nonuniform List<vector> 
2000
(
(0.0251726 1.80174e-18 0)
(0.0754628 2.88318e-18 0)
(0.12567 3.27844e-18 0)
(0.175605 2.88155e-18 0)
(0.224642 2.86001e-18 0)
(0.271547 2.88493e-18 0)
(0.314843 2.88671e-18 0)
(0.353533 2.90329e-18 0)
(0.387427 2.89813e-18 0)
(0.416919 2.88753e-18 0)
(0.442633 2.88509e-18 0)
(0.4652 2.85656e-18 0)
(0.485169 2.87481e-18 0)
(0.502992 2.89016e-18 0)
(0.519032 2.8595e-18 0)
(0.533576 2.83909e-18 0)
(0.546856 2.83772e-18 0)
(0.559056 2.842e-18 0)
(0.570326 2.84049e-18 0)
(0.580789 2.83001e-18 0)
(0.590547 2.81492e-18 0)
(0.599683 2.80031e-18 0)
(0.608269 2.78097e-18 0)
(0.616363 2.75213e-18 0)
(0.624018 2.71969e-18 0)
(0.631276 2.68895e-18 0)
(0.638176 2.65983e-18 0)
(0.64475 2.6265e-18 0)
(0.651026 2.58358e-18 0)
(0.657031 2.5371e-18 0)
(0.662785 2.4939e-18 0)
(0.668309 2.44659e-18 0)
(0.67362 2.39545e-18 0)
(0.678734 2.34626e-18 0)
(0.683664 2.29886e-18 0)
(0.688424 2.25312e-18 0)
(0.693024 2.20893e-18 0)
(0.697475 2.16618e-18 0)
(0.701786 2.12477e-18 0)
(0.705966 2.08462e-18 0)
(0.710023 2.04565e-18 0)
(0.713963 2.0078e-18 0)
(0.717793 1.971e-18 0)
(0.721519 1.93518e-18 0)
(0.725147 1.90031e-18 0)
(0.728682 1.86632e-18 0)
(0.732128 1.83319e-18 0)
(0.73549 1.80086e-18 0)
(0.738772 1.76929e-18 0)
(0.741977 1.73846e-18 0)
(0.74511 1.70833e-18 0)
(0.748173 1.67887e-18 0)
(0.75117 1.65005e-18 0)
(0.754104 1.62185e-18 0)
(0.756976 1.59423e-18 0)
(0.75979 1.56718e-18 0)
(0.762549 1.54068e-18 0)
(0.765253 1.5147e-18 0)
(0.767906 1.48923e-18 0)
(0.77051 1.46424e-18 0)
(0.773065 1.43973e-18 0)
(0.775575 1.41567e-18 0)
(0.77804 1.39204e-18 0)
(0.780462 1.36884e-18 0)
(0.782844 1.34605e-18 0)
(0.785185 1.32366e-18 0)
(0.787488 1.30165e-18 0)
(0.789754 1.28002e-18 0)
(0.791984 1.25874e-18 0)
(0.794179 1.23782e-18 0)
(0.79634 1.21723e-18 0)
(0.798469 1.19698e-18 0)
(0.800566 1.17705e-18 0)
(0.802633 1.15742e-18 0)
(0.804669 1.13811e-18 0)
(0.806677 1.11908e-18 0)
(0.808656 1.10034e-18 0)
(0.810609 1.08187e-18 0)
(0.812535 1.06368e-18 0)
(0.814435 1.04574e-18 0)
(0.81631 1.02806e-18 0)
(0.81816 1.01062e-18 0)
(0.819987 9.9341e-19 0)
(0.821791 9.76431e-19 0)
(0.823572 9.5967e-19 0)
(0.825331 9.43119e-19 0)
(0.827069 9.26767e-19 0)
(0.828786 9.10607e-19 0)
(0.830482 8.94628e-19 0)
(0.832159 8.7882e-19 0)
(0.833816 8.63172e-19 0)
(0.835454 8.47674e-19 0)
(0.837074 8.32314e-19 0)
(0.838676 8.17079e-19 0)
(0.84026 8.01956e-19 0)
(0.841827 7.86932e-19 0)
(0.843376 7.71992e-19 0)
(0.84491 7.5712e-19 0)
(0.846427 7.42302e-19 0)
(0.847928 7.27519e-19 0)
(0.849414 7.12755e-19 0)
(0.850884 6.97992e-19 0)
(0.85234 6.83212e-19 0)
(0.853781 6.68397e-19 0)
(0.855208 6.5353e-19 0)
(0.856621 6.38593e-19 0)
(0.85802 6.23571e-19 0)
(0.859406 6.08452e-19 0)
(0.860778 5.93225e-19 0)
(0.862138 5.77884e-19 0)
(0.863485 5.62427e-19 0)
(0.864819 5.46847e-19 0)
(0.866141 5.31131e-19 0)
(0.867451 5.15425e-19 0)
(0.868749 4.99736e-19 0)
(0.870036 4.83919e-19 0)
(0.871311 4.67994e-19 0)
(0.872576 4.51981e-19 0)
(0.873829 4.35906e-19 0)
(0.875071 4.19796e-19 0)
(0.876303 4.03682e-19 0)
(0.877524 3.87601e-19 0)
(0.878735 3.71588e-19 0)
(0.879936 3.55691e-19 0)
(0.881127 3.39968e-19 0)
(0.882308 3.24479e-19 0)
(0.883479 3.09129e-19 0)
(0.884641 2.93957e-19 0)
(0.885794 2.78961e-19 0)
(0.886937 2.64106e-19 0)
(0.888072 2.49297e-19 0)
(0.889197 2.34368e-19 0)
(0.890314 2.18917e-19 0)
(0.891422 2.02704e-19 0)
(0.892521 1.85195e-19 0)
(0.893613 1.65973e-19 0)
(0.894695 1.44311e-19 0)
(0.89577 1.19759e-19 0)
(0.896837 9.04734e-20 0)
(0.897895 6.96222e-20 0)
(0.898946 1.15961e-19 0)
(0.89999 1.61974e-19 0)
(0.901025 1.41051e-19 0)
(0.902053 1.12035e-19 0)
(0.903074 8.80529e-20 0)
(0.904087 6.72665e-20 0)
(0.905093 4.90694e-20 0)
(0.906092 3.28669e-20 0)
(0.907084 1.80979e-20 0)
(0.908069 4.36481e-21 0)
(0.909047 -8.71746e-21 0)
(0.910019 -2.14117e-20 0)
(0.910983 -3.38814e-20 0)
(0.911941 -4.62227e-20 0)
(0.912893 -5.84763e-20 0)
(0.913838 -7.06489e-20 0)
(0.914777 -8.28496e-20 0)
(0.915709 -9.50485e-20 0)
(0.916636 -1.0722e-19 0)
(0.917556 -1.19339e-19 0)
(0.91847 -1.31384e-19 0)
(0.919378 -1.43342e-19 0)
(0.92028 -1.55208e-19 0)
(0.921177 -1.66988e-19 0)
(0.922067 -1.78694e-19 0)
(0.922952 -1.90347e-19 0)
(0.923831 -2.0237e-19 0)
(0.924704 -2.09088e-19 0)
(0.925572 -2.04485e-19 0)
(0.926435 -1.93479e-19 0)
(0.927292 -1.9995e-19 0)
(0.928144 -2.27735e-19 0)
(0.92899 -2.56164e-19 0)
(0.929831 -2.57821e-19 0)
(0.930667 -2.368e-19 0)
(0.931498 -2.23656e-19 0)
(0.932324 -2.16647e-19 0)
(0.933144 -2.09701e-19 0)
(0.93396 -2.03373e-19 0)
(0.934771 -1.97588e-19 0)
(0.935577 -1.92384e-19 0)
(0.936378 -1.87787e-19 0)
(0.937174 -1.83809e-19 0)
(0.937965 -1.80451e-19 0)
(0.938752 -1.77702e-19 0)
(0.939534 -1.7554e-19 0)
(0.940312 -1.73928e-19 0)
(0.941085 -1.72821e-19 0)
(0.941853 -1.72285e-19 0)
(0.942617 -1.72265e-19 0)
(0.943376 -1.72712e-19 0)
(0.944132 -1.73575e-19 0)
(0.944882 -1.74799e-19 0)
(0.945629 -1.76335e-19 0)
(0.946371 -1.78122e-19 0)
(0.947109 -1.80087e-19 0)
(0.947842 -1.8214e-19 0)
(0.948572 -1.84156e-19 0)
(0.949297 -1.85838e-19 0)
(0.950019 -1.87396e-19 0)
(0.950736 -1.82874e-19 0)
(0.951449 -1.64674e-19 0)
(0.952158 -1.51591e-19 0)
(0.952864 -1.78122e-19 0)
(0.953565 -2.05084e-19 0)
(0.954262 -1.93717e-19 0)
(0.954956 -1.72869e-19 0)
(0.955646 -1.55218e-19 0)
(0.956332 -1.39333e-19 0)
(0.957014 -1.24962e-19 0)
(0.957692 -1.11839e-19 0)
(0.958367 -9.97834e-20 0)
(0.959038 -8.85551e-20 0)
(0.959706 -7.80614e-20 0)
(0.96037 -6.82271e-20 0)
(0.96103 -5.8987e-20 0)
(0.961687 -5.0272e-20 0)
(0.96234 -4.21228e-20 0)
(0.962989 -3.44734e-20 0)
(0.963636 -2.7256e-20 0)
(0.964278 -2.0404e-20 0)
(0.964918 -1.38542e-20 0)
(0.965554 -7.54845e-21 0)
(0.966186 -1.42544e-21 0)
(0.966815 4.46455e-21 0)
(0.967441 1.01759e-20 0)
(0.968064 1.57538e-20 0)
(0.968683 2.12354e-20 0)
(0.969299 2.66498e-20 0)
(0.969912 3.20194e-20 0)
(0.970522 3.73605e-20 0)
(0.971128 4.26841e-20 0)
(0.971732 4.79966e-20 0)
(0.972332 5.33006e-20 0)
(0.972929 5.85957e-20 0)
(0.973523 6.38791e-20 0)
(0.974114 6.91464e-20 0)
(0.974702 7.43918e-20 0)
(0.975287 7.96091e-20 0)
(0.975869 8.47915e-20 0)
(0.976447 8.99323e-20 0)
(0.977023 9.50251e-20 0)
(0.977596 1.00064e-19 0)
(0.978166 1.05043e-19 0)
(0.978733 1.09959e-19 0)
(0.979298 1.14806e-19 0)
(0.979859 1.19583e-19 0)
(0.980418 1.24285e-19 0)
(0.980973 1.28912e-19 0)
(0.981526 1.33462e-19 0)
(0.982076 1.37935e-19 0)
(0.982623 1.42332e-19 0)
(0.983168 1.46651e-19 0)
(0.98371 1.50896e-19 0)
(0.984249 1.55066e-19 0)
(0.984785 1.59164e-19 0)
(0.985319 1.63193e-19 0)
(0.98585 1.67153e-19 0)
(0.986378 1.71048e-19 0)
(0.986904 1.74879e-19 0)
(0.987427 1.78651e-19 0)
(0.987948 1.82365e-19 0)
(0.988466 1.86024e-19 0)
(0.988981 1.89631e-19 0)
(0.989494 1.93189e-19 0)
(0.990004 1.96699e-19 0)
(0.990512 2.00166e-19 0)
(0.991017 2.03591e-19 0)
(0.99152 2.06978e-19 0)
(0.99202 2.10327e-19 0)
(0.992518 2.13643e-19 0)
(0.993013 2.16926e-19 0)
(0.993506 2.2018e-19 0)
(0.993996 2.23406e-19 0)
(0.994484 2.26607e-19 0)
(0.99497 2.29784e-19 0)
(0.995453 2.32939e-19 0)
(0.995934 2.36074e-19 0)
(0.996412 2.3919e-19 0)
(0.996888 2.4229e-19 0)
(0.997362 2.45374e-19 0)
(0.997833 2.48445e-19 0)
(0.998302 2.51503e-19 0)
(0.998769 2.54549e-19 0)
(0.999234 2.57586e-19 0)
(0.999696 2.60613e-19 0)
(1.00016 2.63633e-19 0)
(1.00061 2.66646e-19 0)
(1.00107 2.69653e-19 0)
(1.00152 2.72654e-19 0)
(1.00197 2.75652e-19 0)
(1.00242 2.78646e-19 0)
(1.00287 2.81637e-19 0)
(1.00331 2.84625e-19 0)
(1.00376 2.87612e-19 0)
(1.0042 2.90598e-19 0)
(1.00463 2.93584e-19 0)
(1.00507 2.96569e-19 0)
(1.0055 2.99554e-19 0)
(1.00594 3.0254e-19 0)
(1.00637 3.05527e-19 0)
(1.00679 3.08515e-19 0)
(1.00722 3.11505e-19 0)
(1.00764 3.14496e-19 0)
(1.00806 3.17489e-19 0)
(1.00848 3.20484e-19 0)
(1.0089 3.23481e-19 0)
(1.00931 3.2648e-19 0)
(1.00973 3.29482e-19 0)
(1.01014 3.32486e-19 0)
(1.01055 3.35492e-19 0)
(1.01095 3.38501e-19 0)
(1.01136 3.41512e-19 0)
(1.01176 3.44525e-19 0)
(1.01216 3.47541e-19 0)
(1.01256 3.50559e-19 0)
(1.01296 3.5358e-19 0)
(1.01335 3.56603e-19 0)
(1.01375 3.59627e-19 0)
(1.01414 3.62654e-19 0)
(1.01453 3.65683e-19 0)
(1.01492 3.68714e-19 0)
(1.0153 3.71746e-19 0)
(1.01569 3.7478e-19 0)
(1.01607 3.77815e-19 0)
(1.01645 3.80852e-19 0)
(1.01683 3.8389e-19 0)
(1.0172 3.86929e-19 0)
(1.01758 3.89969e-19 0)
(1.01795 3.9301e-19 0)
(1.01832 3.96051e-19 0)
(1.01869 3.99093e-19 0)
(1.01906 4.02135e-19 0)
(1.01942 4.05178e-19 0)
(1.01978 4.0822e-19 0)
(1.02015 4.11263e-19 0)
(1.02051 4.14305e-19 0)
(1.02086 4.17347e-19 0)
(1.02122 4.20388e-19 0)
(1.02157 4.23429e-19 0)
(1.02193 4.26469e-19 0)
(1.02228 4.29508e-19 0)
(1.02263 4.32545e-19 0)
(1.02297 4.35582e-19 0)
(1.02332 4.38617e-19 0)
(1.02366 4.4165e-19 0)
(1.02401 4.44682e-19 0)
(1.02435 4.47712e-19 0)
(1.02469 4.5074e-19 0)
(1.02502 4.53766e-19 0)
(1.02536 4.5679e-19 0)
(1.02569 4.59811e-19 0)
(1.02602 4.6283e-19 0)
(1.02635 4.65846e-19 0)
(1.02668 4.68859e-19 0)
(1.02701 4.7187e-19 0)
(1.02733 4.74877e-19 0)
(1.02766 4.77882e-19 0)
(1.02798 4.80883e-19 0)
(1.0283 4.8388e-19 0)
(1.02862 4.86874e-19 0)
(1.02894 4.89865e-19 0)
(1.02925 4.92852e-19 0)
(1.02957 4.95835e-19 0)
(1.02988 4.98814e-19 0)
(1.03019 5.01788e-19 0)
(1.0305 5.04759e-19 0)
(1.0308 5.07726e-19 0)
(1.03111 5.10688e-19 0)
(1.03141 5.13645e-19 0)
(1.03172 5.16598e-19 0)
(1.03202 5.19547e-19 0)
(1.03232 5.2249e-19 0)
(1.03261 5.25429e-19 0)
(1.03291 5.28363e-19 0)
(1.03321 5.31291e-19 0)
(1.0335 5.34215e-19 0)
(1.03379 5.37133e-19 0)
(1.03408 5.40047e-19 0)
(1.03437 5.42954e-19 0)
(1.03466 5.45857e-19 0)
(1.03494 5.48753e-19 0)
(1.03523 5.51645e-19 0)
(1.03551 5.5453e-19 0)
(1.03579 5.5741e-19 0)
(1.03607 5.60284e-19 0)
(1.03635 5.63152e-19 0)
(1.03662 5.66014e-19 0)
(1.0369 5.6887e-19 0)
(1.03717 5.7172e-19 0)
(1.03744 5.74564e-19 0)
(1.03771 5.77401e-19 0)
(1.03798 5.80233e-19 0)
(1.03825 5.83058e-19 0)
(1.03851 5.85877e-19 0)
(1.03878 5.88689e-19 0)
(1.03904 5.91495e-19 0)
(1.0393 5.94294e-19 0)
(1.03956 5.97086e-19 0)
(1.03982 5.99872e-19 0)
(1.04008 6.02652e-19 0)
(1.04034 6.05424e-19 0)
(1.04059 6.0819e-19 0)
(1.04084 6.10949e-19 0)
(1.04109 6.13701e-19 0)
(1.04134 6.16447e-19 0)
(1.04159 6.19185e-19 0)
(1.04184 6.21916e-19 0)
(1.04209 6.24641e-19 0)
(1.04233 6.27358e-19 0)
(1.04257 6.30068e-19 0)
(1.04281 6.32771e-19 0)
(1.04305 6.35467e-19 0)
(1.04329 6.38156e-19 0)
(1.04353 6.40837e-19 0)
(1.04377 6.43511e-19 0)
(1.044 6.46178e-19 0)
(1.04424 6.48838e-19 0)
(1.04447 6.5149e-19 0)
(1.0447 6.54135e-19 0)
(1.04493 6.56773e-19 0)
(1.04516 6.59403e-19 0)
(1.04538 6.62025e-19 0)
(1.04561 6.64641e-19 0)
(1.04583 6.67248e-19 0)
(1.04605 6.69849e-19 0)
(1.04627 6.72441e-19 0)
(1.04649 6.75026e-19 0)
(1.04671 6.77604e-19 0)
(1.04693 6.80174e-19 0)
(1.04715 6.82736e-19 0)
(1.04736 6.85291e-19 0)
(1.04757 6.87838e-19 0)
(1.04779 6.90377e-19 0)
(1.048 6.92908e-19 0)
(1.04821 6.95432e-19 0)
(1.04842 6.97949e-19 0)
(1.04862 7.00457e-19 0)
(1.04883 7.02958e-19 0)
(1.04903 7.05451e-19 0)
(1.04924 7.07936e-19 0)
(1.04944 7.10413e-19 0)
(1.04964 7.12883e-19 0)
(1.04984 7.15344e-19 0)
(1.05004 7.17798e-19 0)
(1.05023 7.20244e-19 0)
(1.05043 7.22682e-19 0)
(1.05062 7.25113e-19 0)
(1.05082 7.27535e-19 0)
(1.05101 7.2995e-19 0)
(1.0512 7.32356e-19 0)
(1.05139 7.34755e-19 0)
(1.05158 7.37146e-19 0)
(1.05176 7.39529e-19 0)
(1.05195 7.41904e-19 0)
(1.05213 7.44271e-19 0)
(1.05232 7.4663e-19 0)
(1.0525 7.48981e-19 0)
(1.05268 7.51324e-19 0)
(1.05286 7.53659e-19 0)
(1.05304 7.55986e-19 0)
(1.05322 7.58306e-19 0)
(1.05339 7.60617e-19 0)
(1.05357 7.6292e-19 0)
(1.05374 7.65216e-19 0)
(1.05391 7.67503e-19 0)
(1.05409 7.69782e-19 0)
(1.05426 7.72054e-19 0)
(1.05443 7.74317e-19 0)
(1.05459 7.76572e-19 0)
(1.05476 7.7882e-19 0)
(1.05493 7.81059e-19 0)
(1.05509 7.8329e-19 0)
(1.05526 7.85514e-19 0)
(1.05542 7.87729e-19 0)
(1.05558 7.89936e-19 0)
(1.05574 7.92136e-19 0)
(1.0559 7.94327e-19 0)
(1.05606 7.9651e-19 0)
(1.05622 7.98686e-19 0)
(1.05637 8.00853e-19 0)
(1.05653 8.03012e-19 0)
(1.05668 8.05164e-19 0)
(1.05683 8.07307e-19 0)
(1.05699 8.09443e-19 0)
(1.05714 8.1157e-19 0)
(1.05729 8.13689e-19 0)
(1.05744 8.15801e-19 0)
(1.05758 8.17904e-19 0)
(1.05773 8.2e-19 0)
(1.05788 8.22088e-19 0)
(1.05802 8.24167e-19 0)
(1.05816 8.26239e-19 0)
(1.05831 8.28303e-19 0)
(1.05845 8.30359e-19 0)
(1.05859 8.32407e-19 0)
(1.05873 8.34447e-19 0)
(1.05887 8.36479e-19 0)
(1.059 8.38503e-19 0)
(1.05914 8.4052e-19 0)
(1.05928 8.42528e-19 0)
(1.05941 8.44529e-19 0)
(1.05954 8.46522e-19 0)
(1.05968 8.48507e-19 0)
(1.05981 8.50484e-19 0)
(1.05994 8.52453e-19 0)
(1.06007 8.54415e-19 0)
(1.0602 8.56369e-19 0)
(1.06032 8.58315e-19 0)
(1.06045 8.60253e-19 0)
(1.06058 8.62184e-19 0)
(1.0607 8.64106e-19 0)
(1.06083 8.66022e-19 0)
(1.06095 8.67929e-19 0)
(1.06107 8.69829e-19 0)
(1.06119 8.71721e-19 0)
(1.06131 8.73605e-19 0)
(1.06143 8.75482e-19 0)
(1.06155 8.77351e-19 0)
(1.06167 8.79213e-19 0)
(1.06178 8.81067e-19 0)
(1.0619 8.82913e-19 0)
(1.06202 8.84752e-19 0)
(1.06213 8.86583e-19 0)
(1.06224 8.88407e-19 0)
(1.06235 8.90224e-19 0)
(1.06247 8.92032e-19 0)
(1.06258 8.93834e-19 0)
(1.06269 8.95628e-19 0)
(1.0628 8.97415e-19 0)
(1.0629 8.99194e-19 0)
(1.06301 9.00966e-19 0)
(1.06312 9.0273e-19 0)
(1.06322 9.04488e-19 0)
(1.06333 9.06238e-19 0)
(1.06343 9.0798e-19 0)
(1.06353 9.09716e-19 0)
(1.06364 9.11444e-19 0)
(1.06374 9.13165e-19 0)
(1.06384 9.14879e-19 0)
(1.06394 9.16586e-19 0)
(1.06404 9.18285e-19 0)
(1.06414 9.19978e-19 0)
(1.06423 9.21663e-19 0)
(1.06433 9.23342e-19 0)
(1.06443 9.25013e-19 0)
(1.06452 9.26678e-19 0)
(1.06462 9.28335e-19 0)
(1.06471 9.29986e-19 0)
(1.0648 9.31629e-19 0)
(1.0649 9.33266e-19 0)
(1.06499 9.34896e-19 0)
(1.06508 9.36519e-19 0)
(1.06517 9.38136e-19 0)
(1.06526 9.39745e-19 0)
(1.06535 9.41348e-19 0)
(1.06543 9.42944e-19 0)
(1.06552 9.44534e-19 0)
(1.06561 9.46117e-19 0)
(1.06569 9.47693e-19 0)
(1.06578 9.49263e-19 0)
(1.06586 9.50826e-19 0)
(1.06595 9.52383e-19 0)
(1.06603 9.53933e-19 0)
(1.06611 9.55477e-19 0)
(1.06619 9.57014e-19 0)
(1.06627 9.58545e-19 0)
(1.06635 9.6007e-19 0)
(1.06643 9.61588e-19 0)
(1.06651 9.631e-19 0)
(1.06659 9.64606e-19 0)
(1.06667 9.66106e-19 0)
(1.06674 9.67599e-19 0)
(1.06682 9.69086e-19 0)
(1.0669 9.70568e-19 0)
(1.06697 9.72043e-19 0)
(1.06705 9.73512e-19 0)
(1.06712 9.74975e-19 0)
(1.06719 9.76432e-19 0)
(1.06726 9.77883e-19 0)
(1.06734 9.79329e-19 0)
(1.06741 9.80768e-19 0)
(1.06748 9.82202e-19 0)
(1.06755 9.8363e-19 0)
(1.06762 9.85052e-19 0)
(1.06769 9.86469e-19 0)
(1.06776 9.8788e-19 0)
(1.06782 9.89285e-19 0)
(1.06789 9.90685e-19 0)
(1.06796 9.92079e-19 0)
(1.06802 9.93467e-19 0)
(1.06809 9.9485e-19 0)
(1.06815 9.96228e-19 0)
(1.06822 9.976e-19 0)
(1.06828 9.98967e-19 0)
(1.06834 1.00033e-18 0)
(1.06841 1.00169e-18 0)
(1.06847 1.00304e-18 0)
(1.06853 1.00438e-18 0)
(1.06859 1.00572e-18 0)
(1.06865 1.00706e-18 0)
(1.06871 1.00839e-18 0)
(1.06877 1.00972e-18 0)
(1.06883 1.01104e-18 0)
(1.06889 1.01235e-18 0)
(1.06895 1.01366e-18 0)
(1.069 1.01497e-18 0)
(1.06906 1.01627e-18 0)
(1.06912 1.01757e-18 0)
(1.06917 1.01886e-18 0)
(1.06923 1.02015e-18 0)
(1.06928 1.02143e-18 0)
(1.06934 1.02271e-18 0)
(1.06939 1.02398e-18 0)
(1.06944 1.02525e-18 0)
(1.0695 1.02651e-18 0)
(1.06955 1.02777e-18 0)
(1.0696 1.02903e-18 0)
(1.06965 1.03028e-18 0)
(1.0697 1.03153e-18 0)
(1.06975 1.03277e-18 0)
(1.0698 1.03401e-18 0)
(1.06985 1.03524e-18 0)
(1.0699 1.03647e-18 0)
(1.06995 1.0377e-18 0)
(1.07 1.03892e-18 0)
(1.07005 1.04014e-18 0)
(1.0701 1.04135e-18 0)
(1.07014 1.04256e-18 0)
(1.07019 1.04377e-18 0)
(1.07024 1.04497e-18 0)
(1.07028 1.04617e-18 0)
(1.07033 1.04737e-18 0)
(1.07037 1.04856e-18 0)
(1.07042 1.04975e-18 0)
(1.07046 1.05093e-18 0)
(1.0705 1.05211e-18 0)
(1.07055 1.05329e-18 0)
(1.07059 1.05447e-18 0)
(1.07063 1.05564e-18 0)
(1.07067 1.0568e-18 0)
(1.07072 1.05797e-18 0)
(1.07076 1.05913e-18 0)
(1.0708 1.06029e-18 0)
(1.07084 1.06144e-18 0)
(1.07088 1.0626e-18 0)
(1.07092 1.06374e-18 0)
(1.07096 1.06489e-18 0)
(1.071 1.06603e-18 0)
(1.07104 1.06717e-18 0)
(1.07107 1.06831e-18 0)
(1.07111 1.06945e-18 0)
(1.07115 1.07058e-18 0)
(1.07119 1.07171e-18 0)
(1.07122 1.07284e-18 0)
(1.07126 1.07396e-18 0)
(1.0713 1.07508e-18 0)
(1.07133 1.0762e-18 0)
(1.07137 1.07732e-18 0)
(1.0714 1.07843e-18 0)
(1.07144 1.07955e-18 0)
(1.07147 1.08066e-18 0)
(1.07151 1.08177e-18 0)
(1.07154 1.08287e-18 0)
(1.07157 1.08398e-18 0)
(1.07161 1.08508e-18 0)
(1.07164 1.08618e-18 0)
(1.07167 1.08728e-18 0)
(1.07171 1.08838e-18 0)
(1.07174 1.08947e-18 0)
(1.07177 1.09056e-18 0)
(1.0718 1.09166e-18 0)
(1.07183 1.09275e-18 0)
(1.07186 1.09383e-18 0)
(1.07189 1.09492e-18 0)
(1.07192 1.09601e-18 0)
(1.07195 1.09709e-18 0)
(1.07198 1.09818e-18 0)
(1.07201 1.09926e-18 0)
(1.07204 1.10034e-18 0)
(1.07207 1.10142e-18 0)
(1.0721 1.1025e-18 0)
(1.07213 1.10357e-18 0)
(1.07215 1.10465e-18 0)
(1.07218 1.10573e-18 0)
(1.07221 1.1068e-18 0)
(1.07224 1.10788e-18 0)
(1.07226 1.10895e-18 0)
(1.07229 1.11002e-18 0)
(1.07232 1.1111e-18 0)
(1.07234 1.11217e-18 0)
(1.07237 1.11324e-18 0)
(1.07239 1.11431e-18 0)
(1.07242 1.11538e-18 0)
(1.07244 1.11645e-18 0)
(1.07247 1.11752e-18 0)
(1.07249 1.11859e-18 0)
(1.07252 1.11966e-18 0)
(1.07254 1.12073e-18 0)
(1.07257 1.1218e-18 0)
(1.07259 1.12287e-18 0)
(1.07261 1.12394e-18 0)
(1.07264 1.12501e-18 0)
(1.07266 1.12609e-18 0)
(1.07268 1.12716e-18 0)
(1.0727 1.12823e-18 0)
(1.07273 1.1293e-18 0)
(1.07275 1.13037e-18 0)
(1.07277 1.13145e-18 0)
(1.07279 1.13252e-18 0)
(1.07281 1.13359e-18 0)
(1.07283 1.13467e-18 0)
(1.07285 1.13575e-18 0)
(1.07288 1.13682e-18 0)
(1.0729 1.1379e-18 0)
(1.07292 1.13898e-18 0)
(1.07294 1.14006e-18 0)
(1.07296 1.14114e-18 0)
(1.07298 1.14222e-18 0)
(1.073 1.14331e-18 0)
(1.07301 1.14439e-18 0)
(1.07303 1.14548e-18 0)
(1.07305 1.14657e-18 0)
(1.07307 1.14765e-18 0)
(1.07309 1.14874e-18 0)
(1.07311 1.14984e-18 0)
(1.07313 1.15093e-18 0)
(1.07314 1.15203e-18 0)
(1.07316 1.15312e-18 0)
(1.07318 1.15422e-18 0)
(1.0732 1.15532e-18 0)
(1.07321 1.15642e-18 0)
(1.07323 1.15753e-18 0)
(1.07325 1.15863e-18 0)
(1.07326 1.15974e-18 0)
(1.07328 1.16085e-18 0)
(1.0733 1.16196e-18 0)
(1.07331 1.16308e-18 0)
(1.07333 1.16419e-18 0)
(1.07335 1.16531e-18 0)
(1.07336 1.16643e-18 0)
(1.07338 1.16756e-18 0)
(1.07339 1.16868e-18 0)
(1.07341 1.16981e-18 0)
(1.07342 1.17094e-18 0)
(1.07344 1.17207e-18 0)
(1.07345 1.17321e-18 0)
(1.07347 1.17434e-18 0)
(1.07348 1.17548e-18 0)
(1.07349 1.17662e-18 0)
(1.07351 1.17777e-18 0)
(1.07352 1.17892e-18 0)
(1.07354 1.18007e-18 0)
(1.07355 1.18122e-18 0)
(1.07356 1.18237e-18 0)
(1.07358 1.18353e-18 0)
(1.07359 1.18469e-18 0)
(1.0736 1.18585e-18 0)
(1.07362 1.18702e-18 0)
(1.07363 1.18818e-18 0)
(1.07364 1.18935e-18 0)
(1.07365 1.19053e-18 0)
(1.07367 1.1917e-18 0)
(1.07368 1.19288e-18 0)
(1.07369 1.19406e-18 0)
(1.0737 1.19525e-18 0)
(1.07372 1.19643e-18 0)
(1.07373 1.19762e-18 0)
(1.07374 1.19881e-18 0)
(1.07375 1.20001e-18 0)
(1.07376 1.20121e-18 0)
(1.07377 1.20241e-18 0)
(1.07378 1.20361e-18 0)
(1.07379 1.20482e-18 0)
(1.07381 1.20602e-18 0)
(1.07382 1.20724e-18 0)
(1.07383 1.20845e-18 0)
(1.07384 1.20967e-18 0)
(1.07385 1.21089e-18 0)
(1.07386 1.21211e-18 0)
(1.07387 1.21334e-18 0)
(1.07388 1.21456e-18 0)
(1.07389 1.21579e-18 0)
(1.0739 1.21703e-18 0)
(1.07391 1.21826e-18 0)
(1.07392 1.2195e-18 0)
(1.07393 1.22075e-18 0)
(1.07394 1.22199e-18 0)
(1.07395 1.22324e-18 0)
(1.07396 1.22449e-18 0)
(1.07396 1.22574e-18 0)
(1.07397 1.227e-18 0)
(1.07398 1.22826e-18 0)
(1.07399 1.22951e-18 0)
(1.074 1.23078e-18 0)
(1.07401 1.23204e-18 0)
(1.07402 1.2333e-18 0)
(1.07403 1.23457e-18 0)
(1.07403 1.23584e-18 0)
(1.07404 1.23711e-18 0)
(1.07405 1.23838e-18 0)
(1.07406 1.23965e-18 0)
(1.07407 1.24093e-18 0)
(1.07408 1.24221e-18 0)
(1.07408 1.24349e-18 0)
(1.07409 1.24477e-18 0)
(1.0741 1.24605e-18 0)
(1.07411 1.24734e-18 0)
(1.07411 1.24863e-18 0)
(1.07412 1.24992e-18 0)
(1.07413 1.25121e-18 0)
(1.07414 1.2525e-18 0)
(1.07414 1.2538e-18 0)
(1.07415 1.25509e-18 0)
(1.07416 1.25639e-18 0)
(1.07416 1.25769e-18 0)
(1.07417 1.259e-18 0)
(1.07418 1.2603e-18 0)
(1.07418 1.26161e-18 0)
(1.07419 1.26291e-18 0)
(1.0742 1.26422e-18 0)
(1.0742 1.26554e-18 0)
(1.07421 1.26685e-18 0)
(1.07422 1.26816e-18 0)
(1.07422 1.26948e-18 0)
(1.07423 1.2708e-18 0)
(1.07423 1.27212e-18 0)
(1.07424 1.27344e-18 0)
(1.07425 1.27477e-18 0)
(1.07425 1.27609e-18 0)
(1.07426 1.27742e-18 0)
(1.07426 1.27875e-18 0)
(1.07427 1.28008e-18 0)
(1.07427 1.28142e-18 0)
(1.07428 1.28275e-18 0)
(1.07429 1.28409e-18 0)
(1.07429 1.28543e-18 0)
(1.0743 1.28677e-18 0)
(1.0743 1.28812e-18 0)
(1.07431 1.28946e-18 0)
(1.07431 1.29081e-18 0)
(1.07432 1.29216e-18 0)
(1.07432 1.29351e-18 0)
(1.07433 1.29487e-18 0)
(1.07433 1.29623e-18 0)
(1.07434 1.29759e-18 0)
(1.07434 1.29895e-18 0)
(1.07435 1.30031e-18 0)
(1.07435 1.30168e-18 0)
(1.07436 1.30306e-18 0)
(1.07436 1.30443e-18 0)
(1.07436 1.30581e-18 0)
(1.07437 1.30719e-18 0)
(1.07437 1.30858e-18 0)
(1.07438 1.30997e-18 0)
(1.07438 1.31136e-18 0)
(1.07439 1.31276e-18 0)
(1.07439 1.31416e-18 0)
(1.07439 1.31557e-18 0)
(1.0744 1.31698e-18 0)
(1.0744 1.31839e-18 0)
(1.07441 1.31982e-18 0)
(1.07441 1.32124e-18 0)
(1.07441 1.32268e-18 0)
(1.07442 1.32411e-18 0)
(1.07442 1.32556e-18 0)
(1.07443 1.32701e-18 0)
(1.07443 1.32847e-18 0)
(1.07443 1.32993e-18 0)
(1.07444 1.33141e-18 0)
(1.07444 1.33289e-18 0)
(1.07444 1.33438e-18 0)
(1.07445 1.33588e-18 0)
(1.07445 1.33738e-18 0)
(1.07445 1.3389e-18 0)
(1.07446 1.34043e-18 0)
(1.07446 1.34196e-18 0)
(1.07446 1.34351e-18 0)
(1.07447 1.34507e-18 0)
(1.07447 1.34664e-18 0)
(1.07447 1.34822e-18 0)
(1.07448 1.34982e-18 0)
(1.07448 1.35143e-18 0)
(1.07448 1.35305e-18 0)
(1.07449 1.35469e-18 0)
(1.07449 1.35634e-18 0)
(1.07449 1.35801e-18 0)
(1.07449 1.35969e-18 0)
(1.0745 1.36139e-18 0)
(1.0745 1.36311e-18 0)
(1.0745 1.36485e-18 0)
(1.07451 1.3666e-18 0)
(1.07451 1.36838e-18 0)
(1.07451 1.37017e-18 0)
(1.07451 1.37199e-18 0)
(1.07452 1.37383e-18 0)
(1.07452 1.37569e-18 0)
(1.07452 1.37758e-18 0)
(1.07452 1.37949e-18 0)
(1.07453 1.38142e-18 0)
(1.07453 1.38338e-18 0)
(1.07453 1.38537e-18 0)
(1.07453 1.38739e-18 0)
(1.07454 1.38943e-18 0)
(1.07454 1.3915e-18 0)
(1.07454 1.39361e-18 0)
(1.07454 1.39575e-18 0)
(1.07454 1.39791e-18 0)
(1.07455 1.40012e-18 0)
(1.07455 1.40235e-18 0)
(1.07455 1.40463e-18 0)
(1.07455 1.40694e-18 0)
(1.07455 1.40928e-18 0)
(1.07456 1.41167e-18 0)
(1.07456 1.4141e-18 0)
(1.07456 1.41657e-18 0)
(1.07456 1.41908e-18 0)
(1.07456 1.42164e-18 0)
(1.07457 1.42424e-18 0)
(1.07457 1.42688e-18 0)
(1.07457 1.42958e-18 0)
(1.07457 1.43232e-18 0)
(1.07457 1.43512e-18 0)
(1.07457 1.43796e-18 0)
(1.07458 1.44086e-18 0)
(1.07458 1.44382e-18 0)
(1.07458 1.44683e-18 0)
(1.07458 1.44989e-18 0)
(1.07458 1.45302e-18 0)
(1.07458 1.45621e-18 0)
(1.07459 1.45946e-18 0)
(1.07459 1.46277e-18 0)
(1.07459 1.46614e-18 0)
(1.07459 1.46958e-18 0)
(1.07459 1.47309e-18 0)
(1.07459 1.47667e-18 0)
(1.07459 1.48031e-18 0)
(1.0746 1.48403e-18 0)
(1.0746 1.48782e-18 0)
(1.0746 1.49168e-18 0)
(1.0746 1.49561e-18 0)
(1.0746 1.49962e-18 0)
(1.0746 1.50371e-18 0)
(1.0746 1.50786e-18 0)
(1.0746 1.5121e-18 0)
(1.0746 1.5164e-18 0)
(1.07461 1.52079e-18 0)
(1.07461 1.52524e-18 0)
(1.07461 1.52977e-18 0)
(1.07461 1.53437e-18 0)
(1.07461 1.53904e-18 0)
(1.07461 1.54378e-18 0)
(1.07461 1.54858e-18 0)
(1.07461 1.55345e-18 0)
(1.07461 1.55837e-18 0)
(1.07461 1.56335e-18 0)
(1.07462 1.56838e-18 0)
(1.07462 1.57345e-18 0)
(1.07462 1.57855e-18 0)
(1.07462 1.58369e-18 0)
(1.07462 1.58885e-18 0)
(1.07462 1.59402e-18 0)
(1.07462 1.59919e-18 0)
(1.07462 1.60435e-18 0)
(1.07462 1.6095e-18 0)
(1.07462 1.6146e-18 0)
(1.07462 1.61966e-18 0)
(1.07462 1.62466e-18 0)
(1.07462 1.62957e-18 0)
(1.07463 1.63439e-18 0)
(1.07463 1.63908e-18 0)
(1.07463 1.64364e-18 0)
(1.07463 1.64803e-18 0)
(1.07463 1.65223e-18 0)
(1.07463 1.65622e-18 0)
(1.07463 1.65996e-18 0)
(1.07463 1.66344e-18 0)
(1.07463 1.66661e-18 0)
(1.07463 1.66946e-18 0)
(1.07463 1.67194e-18 0)
(1.07463 1.67404e-18 0)
(1.07463 1.67572e-18 0)
(1.07463 1.67696e-18 0)
(1.07463 1.67774e-18 0)
(1.07463 1.67806e-18 0)
(1.07463 1.6779e-18 0)
(1.07463 1.67727e-18 0)
(1.07463 1.67619e-18 0)
(1.07463 1.6747e-18 0)
(1.07463 1.67284e-18 0)
(1.07463 1.67067e-18 0)
(1.07463 1.66824e-18 0)
(1.07463 1.66561e-18 0)
(1.07463 1.66283e-18 0)
(1.07463 1.65991e-18 0)
(1.07463 1.65677e-18 0)
(1.07463 1.65326e-18 0)
(1.07463 1.64906e-18 0)
(1.07463 1.64364e-18 0)
(1.07463 1.63626e-18 0)
(1.07463 1.6257e-18 0)
(1.07463 1.61183e-18 0)
(1.07463 1.57613e-18 0)
(1.07463 1.59482e-18 0)
(1.07463 1.62621e-18 0)
(1.07463 1.62399e-18 0)
(1.07463 1.63908e-18 0)
(1.07463 1.60404e-18 0)
(1.07463 1.5795e-18 0)
(1.07463 1.62731e-18 0)
(1.07463 1.67303e-18 0)
(1.07463 1.64196e-18 0)
(1.07463 1.60167e-18 0)
(1.07463 1.62638e-18 0)
(1.07463 1.64624e-18 0)
(1.07463 1.65938e-18 0)
(1.07463 1.65988e-18 0)
(1.07463 1.63721e-18 0)
(1.07463 1.64065e-18 0)
(1.07463 1.70085e-18 0)
(1.07463 1.74124e-18 0)
(1.07463 1.69379e-18 0)
(1.07463 1.64637e-18 0)
(1.07463 1.61912e-18 0)
(1.07463 1.60603e-18 0)
(1.07463 1.59277e-18 0)
(1.07463 1.54336e-18 0)
(1.07463 1.3647e-18 0)
(1.07463 1.19828e-18 0)
(1.07463 1.18333e-18 0)
(1.07463 1.1751e-18 0)
(1.07462 1.21753e-18 0)
(1.07462 1.26506e-18 0)
(1.07462 1.26788e-18 0)
(1.07462 1.25857e-18 0)
(1.07462 1.18204e-18 0)
(1.07462 1.10705e-18 0)
(1.07462 1.09952e-18 0)
(1.07462 1.14049e-18 0)
(1.07462 1.24223e-18 0)
(1.07462 1.34001e-18 0)
(1.07462 1.37991e-18 0)
(1.07462 1.38469e-18 0)
(1.07462 1.27508e-18 0)
(1.07461 1.16243e-18 0)
(1.07461 1.15674e-18 0)
(1.07461 1.20028e-18 0)
(1.07461 1.30761e-18 0)
(1.07461 1.4079e-18 0)
(1.07461 1.42976e-18 0)
(1.07461 1.39038e-18 0)
(1.07461 1.34549e-18 0)
(1.07461 1.30315e-18 0)
(1.07461 1.26862e-18 0)
(1.0746 1.24418e-18 0)
(1.0746 1.08423e-18 0)
(1.0746 9.24842e-19 0)
(1.0746 9.11675e-19 0)
(1.0746 9.54098e-19 0)
(1.0746 1.06599e-18 0)
(1.0746 1.17646e-18 0)
(1.0746 1.21817e-18 0)
(1.0746 1.24333e-18 0)
(1.07459 1.26447e-18 0)
(1.07459 1.28362e-18 0)
(1.07459 1.29988e-18 0)
(1.07459 1.27469e-18 0)
(1.07459 1.14441e-18 0)
(1.07459 1.01759e-18 0)
(1.07459 1.01303e-18 0)
(1.07458 1.01115e-18 0)
(1.07458 9.98922e-19 0)
(1.07458 9.77236e-19 0)
(1.07458 9.47636e-19 0)
(1.07458 9.75173e-19 0)
(1.07458 9.28697e-19 0)
(1.07457 8.7599e-19 0)
(1.07457 8.97238e-19 0)
(1.07457 8.65531e-19 0)
(1.07457 9.11557e-19 0)
(1.07457 9.66762e-19 0)
(1.07457 9.53269e-19 0)
(1.07456 9.45629e-19 0)
(1.07456 8.23298e-19 0)
(1.07456 6.88445e-19 0)
(1.07456 6.46311e-19 0)
(1.07456 6.26559e-19 0)
(1.07455 6.07311e-19 0)
(1.07455 6.45552e-19 0)
(1.07455 7.29684e-19 0)
(1.07455 7.05811e-19 0)
(1.07455 6.64904e-19 0)
(1.07454 6.90024e-19 0)
(1.07454 7.28757e-19 0)
(1.07454 7.37576e-19 0)
(1.07454 6.82603e-19 0)
(1.07454 6.3225e-19 0)
(1.07453 5.90314e-19 0)
(1.07453 5.67981e-19 0)
(1.07453 7.08155e-19 0)
(1.07453 8.59646e-19 0)
(1.07452 8.72932e-19 0)
(1.07452 8.81e-19 0)
(1.07452 1.02399e-18 0)
(1.07452 1.18575e-18 0)
(1.07451 1.24047e-18 0)
(1.07451 1.26874e-18 0)
(1.07451 1.27467e-18 0)
(1.07451 1.28137e-18 0)
(1.0745 1.30807e-18 0)
(1.0745 1.31567e-18 0)
(1.0745 1.281e-18 0)
(1.07449 1.2276e-18 0)
(1.07449 1.18616e-18 0)
(1.07449 1.18605e-18 0)
(1.07449 1.23129e-18 0)
(1.07448 1.28382e-18 0)
(1.07448 1.29332e-18 0)
(1.07448 1.25123e-18 0)
(1.07447 1.13267e-18 0)
(1.07447 1.01607e-18 0)
(1.07447 9.81363e-19 0)
(1.07446 9.62117e-19 0)
(1.07446 8.90686e-19 0)
(1.07446 8.12738e-19 0)
(1.07445 7.88769e-19 0)
(1.07445 7.95758e-19 0)
(1.07445 7.89246e-19 0)
(1.07444 6.34831e-19 0)
(1.07444 4.81507e-19 0)
(1.07444 4.79573e-19 0)
(1.07443 4.69664e-19 0)
(1.07443 5.33197e-19 0)
(1.07443 5.96365e-19 0)
(1.07442 5.86134e-19 0)
(1.07442 5.73416e-19 0)
(1.07441 5.52977e-19 0)
(1.07441 5.41851e-19 0)
(1.07441 5.51361e-19 0)
(1.0744 5.68584e-19 0)
(1.0744 5.71942e-19 0)
(1.07439 5.71979e-19 0)
(1.07439 5.7761e-19 0)
(1.07439 5.88286e-19 0)
(1.07438 6.05212e-19 0)
(1.07438 6.04957e-19 0)
(1.07437 5.71801e-19 0)
(1.07437 5.69406e-19 0)
(1.07436 6.66696e-19 0)
(1.07436 7.52463e-19 0)
(1.07436 7.22302e-19 0)
(1.07435 6.4738e-19 0)
(1.07435 6.41271e-19 0)
(1.07434 6.44371e-19 0)
(1.07434 5.93028e-19 0)
(1.07433 5.95316e-19 0)
(1.07433 7.47701e-19 0)
(1.07432 9.14486e-19 0)
(1.07432 9.64029e-19 0)
(1.07431 1.02755e-18 0)
(1.07431 1.1911e-18 0)
(1.0743 1.35128e-18 0)
(1.0743 1.41342e-18 0)
(1.07429 1.4592e-18 0)
(1.07429 1.52594e-18 0)
(1.07428 1.59785e-18 0)
(1.07427 1.64871e-18 0)
(1.07427 1.66398e-18 0)
(1.07426 1.64013e-18 0)
(1.07426 1.61979e-18 0)
(1.07425 1.64743e-18 0)
(1.07425 1.68792e-18 0)
(1.07424 1.65689e-18 0)
(1.07423 1.62054e-18 0)
(1.07423 1.66092e-18 0)
(1.07422 1.67715e-18 0)
(1.07422 1.67417e-18 0)
(1.07421 1.72711e-18 0)
(1.0742 1.78489e-18 0)
(1.0742 1.78207e-18 0)
(1.07419 1.73222e-18 0)
(1.07418 1.691e-18 0)
(1.07418 1.70193e-18 0)
(1.07417 1.66106e-18 0)
(1.07416 1.6427e-18 0)
(1.07416 1.62647e-18 0)
(1.07415 1.53104e-18 0)
(1.07414 1.55748e-18 0)
(1.07414 1.68642e-18 0)
(1.07413 1.81044e-18 0)
(1.07412 1.88171e-18 0)
(1.07411 1.88984e-18 0)
(1.07411 1.90691e-18 0)
(1.0741 1.92317e-18 0)
(1.07409 1.9256e-18 0)
(1.07408 1.93681e-18 0)
(1.07408 1.95024e-18 0)
(1.07407 1.97856e-18 0)
(1.07406 2.02995e-18 0)
(1.07405 2.01138e-18 0)
(1.07404 1.85888e-18 0)
(1.07403 1.70577e-18 0)
(1.07403 1.687e-18 0)
(1.07402 1.73585e-18 0)
(1.07401 1.76346e-18 0)
(1.074 1.78509e-18 0)
(1.07399 1.82296e-18 0)
(1.07398 1.86906e-18 0)
(1.07397 1.91735e-18 0)
(1.07396 1.96074e-18 0)
(1.07396 1.99776e-18 0)
(1.07395 2.03311e-18 0)
(1.07394 2.06499e-18 0)
(1.07393 2.0914e-18 0)
(1.07392 2.11983e-18 0)
(1.07391 2.18957e-18 0)
(1.0739 2.25369e-18 0)
(1.07389 2.31294e-18 0)
(1.07388 2.3675e-18 0)
(1.07387 2.37472e-18 0)
(1.07386 2.36958e-18 0)
(1.07385 2.35633e-18 0)
(1.07384 2.32737e-18 0)
(1.07383 2.28739e-18 0)
(1.07382 2.25994e-18 0)
(1.07381 2.23925e-18 0)
(1.07379 2.21027e-18 0)
(1.07378 2.22837e-18 0)
(1.07377 2.3076e-18 0)
(1.07376 2.39562e-18 0)
(1.07375 2.44087e-18 0)
(1.07374 2.44866e-18 0)
(1.07373 2.40498e-18 0)
(1.07372 2.36481e-18 0)
(1.0737 2.38633e-18 0)
(1.07369 2.41682e-18 0)
(1.07368 2.45188e-18 0)
(1.07367 2.48141e-18 0)
(1.07365 2.50458e-18 0)
(1.07364 2.56885e-18 0)
(1.07363 2.71778e-18 0)
(1.07362 2.80242e-18 0)
(1.0736 2.80715e-18 0)
(1.07359 2.88226e-18 0)
(1.07358 2.86987e-18 0)
(1.07356 2.86378e-18 0)
(1.07355 2.9559e-18 0)
(1.07354 2.99996e-18 0)
(1.07352 2.88257e-18 0)
(1.07351 2.76006e-18 0)
(1.07349 2.79635e-18 0)
(1.07348 2.85724e-18 0)
(1.07347 2.88459e-18 0)
(1.07345 2.89485e-18 0)
(1.07344 2.89852e-18 0)
(1.07342 2.91183e-18 0)
(1.07341 2.93159e-18 0)
(1.07339 2.84426e-18 0)
(1.07338 2.70318e-18 0)
(1.07336 2.6917e-18 0)
(1.07335 2.75597e-18 0)
(1.07333 2.75739e-18 0)
(1.07331 2.75916e-18 0)
(1.0733 2.75501e-18 0)
(1.07328 2.78983e-18 0)
(1.07326 2.80097e-18 0)
(1.07325 2.75146e-18 0)
(1.07323 2.74049e-18 0)
(1.07321 2.70086e-18 0)
(1.0732 2.68255e-18 0)
(1.07318 2.67373e-18 0)
(1.07316 2.65909e-18 0)
(1.07314 2.63721e-18 0)
(1.07313 2.54704e-18 0)
(1.07311 2.4525e-18 0)
(1.07309 2.4148e-18 0)
(1.07307 2.405e-18 0)
(1.07305 2.50112e-18 0)
(1.07303 2.59197e-18 0)
(1.07301 2.56722e-18 0)
(1.073 2.51267e-18 0)
(1.07298 2.32396e-18 0)
(1.07296 2.13346e-18 0)
(1.07294 2.07438e-18 0)
(1.07292 2.10165e-18 0)
(1.0729 2.06698e-18 0)
(1.07288 2.01337e-18 0)
(1.07285 2.05954e-18 0)
(1.07283 2.11876e-18 0)
(1.07281 2.24292e-18 0)
(1.07279 2.36963e-18 0)
(1.07277 2.42638e-18 0)
(1.07275 2.41732e-18 0)
(1.07273 2.40496e-18 0)
(1.0727 2.38876e-18 0)
(1.07268 2.36258e-18 0)
(1.07266 2.37594e-18 0)
(1.07264 2.42823e-18 0)
(1.07261 2.48681e-18 0)
(1.07259 2.51255e-18 0)
(1.07257 2.50117e-18 0)
(1.07254 2.35293e-18 0)
(1.07252 2.22136e-18 0)
(1.07249 2.25132e-18 0)
(1.07247 2.27762e-18 0)
(1.07244 2.18552e-18 0)
(1.07242 2.0818e-18 0)
(1.07239 2.06467e-18 0)
(1.07237 2.03287e-18 0)
(1.07234 1.94236e-18 0)
(1.07232 1.85323e-18 0)
(1.07229 1.81174e-18 0)
(1.07226 1.76537e-18 0)
(1.07224 1.74413e-18 0)
(1.07221 1.72269e-18 0)
(1.07218 1.67865e-18 0)
(1.07215 1.68184e-18 0)
(1.07213 1.68023e-18 0)
(1.0721 1.67277e-18 0)
(1.07207 1.66428e-18 0)
(1.07204 1.60711e-18 0)
(1.07201 1.49394e-18 0)
(1.07198 1.37215e-18 0)
(1.07195 1.3501e-18 0)
(1.07192 1.35664e-18 0)
(1.07189 1.29925e-18 0)
(1.07186 1.24364e-18 0)
(1.07183 1.24907e-18 0)
(1.0718 1.28998e-18 0)
(1.07177 1.15663e-18 0)
(1.07174 9.74168e-19 0)
(1.07171 9.27994e-19 0)
(1.07167 8.83545e-19 0)
(1.07164 7.64592e-19 0)
(1.07161 7.3084e-19 0)
(1.07157 8.84997e-19 0)
(1.07154 1.02775e-18 0)
(1.07151 1.07923e-18 0)
(1.07147 1.09724e-18 0)
(1.07144 1.14069e-18 0)
(1.0714 1.14405e-18 0)
(1.07137 1.14665e-18 0)
(1.07133 1.14984e-18 0)
(1.0713 1.09281e-18 0)
(1.07126 1.01455e-18 0)
(1.07122 1.02498e-18 0)
(1.07119 1.05407e-18 0)
(1.07115 1.02106e-18 0)
(1.07111 9.9581e-19 0)
(1.07107 9.77506e-19 0)
(1.07104 9.78989e-19 0)
(1.071 1.10199e-18 0)
(1.07096 1.25953e-18 0)
(1.07092 1.40474e-18 0)
(1.07088 1.52546e-18 0)
(1.07084 1.51552e-18 0)
(1.0708 1.4905e-18 0)
(1.07076 1.47636e-18 0)
(1.07072 1.47578e-18 0)
(1.07067 1.48683e-18 0)
(1.07063 1.5231e-18 0)
(1.07059 1.51805e-18 0)
(1.07055 1.51266e-18 0)
(1.0705 1.55039e-18 0)
(1.07046 1.54326e-18 0)
(1.07042 1.57859e-18 0)
(1.07037 1.61431e-18 0)
(1.07033 1.59914e-18 0)
(1.07028 1.57467e-18 0)
(1.07024 1.39424e-18 0)
(1.07019 1.197e-18 0)
(1.07014 1.13192e-18 0)
(1.0701 1.08839e-18 0)
(1.07005 1.04984e-18 0)
(1.07 1.01464e-18 0)
(1.06995 9.79549e-19 0)
(1.0699 9.47759e-19 0)
(1.06985 9.03328e-19 0)
(1.0698 7.38413e-19 0)
(1.06975 5.84664e-19 0)
(1.0697 5.69895e-19 0)
(1.06965 5.51318e-19 0)
(1.0696 5.12593e-19 0)
(1.06955 4.75184e-19 0)
(1.0695 4.52712e-19 0)
(1.06944 4.45518e-19 0)
(1.06939 4.31012e-19 0)
(1.06934 4.11491e-19 0)
(1.06928 3.84975e-19 0)
(1.06923 3.72378e-19 0)
(1.06917 4.25295e-19 0)
(1.06912 4.82598e-19 0)
(1.06906 4.77944e-19 0)
(1.069 4.4094e-19 0)
(1.06895 4.26242e-19 0)
(1.06889 4.27731e-19 0)
(1.06883 4.37991e-19 0)
(1.06877 4.52618e-19 0)
(1.06871 4.74948e-19 0)
(1.06865 5.00974e-19 0)
(1.06859 5.25629e-19 0)
(1.06853 5.75129e-19 0)
(1.06847 6.1832e-19 0)
(1.06841 6.58919e-19 0)
(1.06834 7.07495e-19 0)
(1.06828 7.34502e-19 0)
(1.06822 7.91487e-19 0)
(1.06815 8.46407e-19 0)
(1.06809 8.61426e-19 0)
(1.06802 8.76687e-19 0)
(1.06796 9.01166e-19 0)
(1.06789 9.25366e-19 0)
(1.06782 9.42026e-19 0)
(1.06776 1.01484e-18 0)
(1.06769 1.16172e-18 0)
(1.06762 1.3054e-18 0)
(1.06755 1.38033e-18 0)
(1.06748 1.42108e-18 0)
(1.06741 1.44569e-18 0)
(1.06734 1.45297e-18 0)
(1.06726 1.44436e-18 0)
(1.06719 1.40501e-18 0)
(1.06712 1.44094e-18 0)
(1.06705 1.47705e-18 0)
(1.06697 1.45072e-18 0)
(1.0669 1.44651e-18 0)
(1.06682 1.36937e-18 0)
(1.06674 1.29601e-18 0)
(1.06667 1.30839e-18 0)
(1.06659 1.35638e-18 0)
(1.06651 1.39043e-18 0)
(1.06643 1.43254e-18 0)
(1.06635 1.49842e-18 0)
(1.06627 1.49779e-18 0)
(1.06619 1.44685e-18 0)
(1.06611 1.40175e-18 0)
(1.06603 1.36008e-18 0)
(1.06595 1.29049e-18 0)
(1.06586 1.21257e-18 0)
(1.06578 1.15264e-18 0)
(1.06569 1.21292e-18 0)
(1.06561 1.35207e-18 0)
(1.06552 1.38678e-18 0)
(1.06543 1.40057e-18 0)
(1.06535 1.34647e-18 0)
(1.06526 1.26218e-18 0)
(1.06517 1.15656e-18 0)
(1.06508 1.02326e-18 0)
(1.06499 9.77491e-19 0)
(1.0649 9.49611e-19 0)
(1.0648 9.21514e-19 0)
(1.06471 9.11754e-19 0)
(1.06462 1.04652e-18 0)
(1.06452 1.2248e-18 0)
(1.06443 1.35852e-18 0)
(1.06433 1.47174e-18 0)
(1.06423 1.49706e-18 0)
(1.06414 1.47322e-18 0)
(1.06404 1.45696e-18 0)
(1.06394 1.4463e-18 0)
(1.06384 1.43421e-18 0)
(1.06374 1.4639e-18 0)
(1.06364 1.47798e-18 0)
(1.06353 1.49262e-18 0)
(1.06343 1.52275e-18 0)
(1.06333 1.52997e-18 0)
(1.06322 1.53491e-18 0)
(1.06312 1.53363e-18 0)
(1.06301 1.52891e-18 0)
(1.0629 1.54058e-18 0)
(1.0628 1.51586e-18 0)
(1.06269 1.48407e-18 0)
(1.06258 1.47549e-18 0)
(1.06247 1.41672e-18 0)
(1.06235 1.27207e-18 0)
(1.06224 1.15283e-18 0)
(1.06213 1.27304e-18 0)
(1.06202 1.40916e-18 0)
(1.0619 1.36384e-18 0)
(1.06178 1.29067e-18 0)
(1.06167 1.24694e-18 0)
(1.06155 1.21762e-18 0)
(1.06143 1.18182e-18 0)
(1.06131 1.15173e-18 0)
(1.06119 1.13294e-18 0)
(1.06107 1.10759e-18 0)
(1.06095 1.01812e-18 0)
(1.06083 9.46994e-19 0)
(1.0607 9.73534e-19 0)
(1.06058 1.0021e-18 0)
(1.06045 1.01958e-18 0)
(1.06032 1.03974e-18 0)
(1.0602 1.07725e-18 0)
(1.06007 1.11128e-18 0)
(1.05994 1.03196e-18 0)
(1.05981 9.40338e-19 0)
(1.05968 9.40392e-19 0)
(1.05954 9.47719e-19 0)
(1.05941 9.32449e-19 0)
(1.05928 9.03801e-19 0)
(1.05914 8.6723e-19 0)
(1.059 8.15246e-19 0)
(1.05887 7.95158e-19 0)
(1.05873 7.69747e-19 0)
(1.05859 7.14096e-19 0)
(1.05845 6.45598e-19 0)
(1.05831 5.97389e-19 0)
(1.05816 6.01235e-19 0)
(1.05802 5.83985e-19 0)
(1.05788 5.67893e-19 0)
(1.05773 5.72843e-19 0)
(1.05758 5.7293e-19 0)
(1.05744 5.65789e-19 0)
(1.05729 5.46497e-19 0)
(1.05714 5.34326e-19 0)
(1.05699 6.40375e-19 0)
(1.05683 7.48812e-19 0)
(1.05668 7.40385e-19 0)
(1.05653 6.93132e-19 0)
(1.05637 5.9051e-19 0)
(1.05622 4.9548e-19 0)
(1.05606 4.71664e-19 0)
(1.0559 5.03769e-19 0)
(1.05574 4.54261e-19 0)
(1.05558 4.05415e-19 0)
(1.05542 4.44168e-19 0)
(1.05526 4.62627e-19 0)
(1.05509 4.79298e-19 0)
(1.05493 4.96484e-19 0)
(1.05476 5.16046e-19 0)
(1.05459 5.58948e-19 0)
(1.05443 6.49016e-19 0)
(1.05426 7.41854e-19 0)
(1.05409 7.88626e-19 0)
(1.05391 7.72223e-19 0)
(1.05374 7.43028e-19 0)
(1.05357 7.02589e-19 0)
(1.05339 6.47681e-19 0)
(1.05322 5.98064e-19 0)
(1.05304 4.14567e-19 0)
(1.05286 2.39062e-19 0)
(1.05268 2.0541e-19 0)
(1.0525 1.88856e-19 0)
(1.05232 1.73918e-19 0)
(1.05213 1.90025e-19 0)
(1.05195 1.92257e-19 0)
(1.05176 1.79112e-19 0)
(1.05158 1.80218e-19 0)
(1.05139 1.57933e-19 0)
(1.0512 1.50128e-19 0)
(1.05101 1.34073e-19 0)
(1.05082 7.46197e-22 0)
(1.05062 -1.1592e-19 0)
(1.05043 -1.72176e-19 0)
(1.05023 -1.85269e-19 0)
(1.05004 -1.67523e-19 0)
(1.04984 -1.52068e-19 0)
(1.04964 -9.09188e-20 0)
(1.04944 -3.01466e-20 0)
(1.04924 3.08706e-20 0)
(1.04903 8.55285e-20 0)
(1.04883 1.37542e-19 0)
(1.04862 2.11899e-19 0)
(1.04842 2.03567e-19 0)
(1.04821 1.90951e-19 0)
(1.048 2.46689e-19 0)
(1.04779 2.48799e-19 0)
(1.04757 2.91677e-19 0)
(1.04736 3.41976e-19 0)
(1.04715 3.66078e-19 0)
(1.04693 4.01428e-19 0)
(1.04671 3.67818e-19 0)
(1.04649 3.26505e-19 0)
(1.04627 3.43573e-19 0)
(1.04605 3.68319e-19 0)
(1.04583 3.81387e-19 0)
(1.04561 3.9175e-19 0)
(1.04538 4.15119e-19 0)
(1.04516 4.3252e-19 0)
(1.04493 3.87761e-19 0)
(1.0447 3.48794e-19 0)
(1.04447 3.71824e-19 0)
(1.04424 3.65373e-19 0)
(1.044 3.6642e-19 0)
(1.04377 3.72247e-19 0)
(1.04353 2.98675e-19 0)
(1.04329 2.14767e-19 0)
(1.04305 9.80847e-20 0)
(1.04281 -4.50251e-20 0)
(1.04257 -1.2995e-19 0)
(1.04233 -1.83609e-19 0)
(1.04209 -2.34219e-19 0)
(1.04184 -2.85616e-19 0)
(1.04159 -3.32434e-19 0)
(1.04134 -3.46426e-19 0)
(1.04109 -3.46948e-19 0)
(1.04084 -3.43752e-19 0)
(1.04059 -3.38138e-19 0)
(1.04034 -3.61329e-19 0)
(1.04008 -3.42545e-19 0)
(1.03982 -3.71104e-19 0)
(1.03956 -4.65877e-19 0)
(1.0393 -4.38826e-19 0)
(1.03904 -3.59546e-19 0)
(1.03878 -2.88813e-19 0)
(1.03851 -2.22186e-19 0)
(1.03825 -1.97593e-19 0)
(1.03798 -1.95732e-19 0)
(1.03771 -2.16139e-19 0)
(1.03744 -2.54043e-19 0)
(1.03717 -2.76857e-19 0)
(1.0369 -1.58509e-19 0)
(1.03662 -4.4458e-20 0)
(1.03635 -7.20884e-20 0)
(1.03607 -1.3306e-19 0)
(1.03579 -2.4415e-19 0)
(1.03551 -3.34795e-19 0)
(1.03523 -3.48061e-19 0)
(1.03494 -3.74742e-19 0)
(1.03466 -3.95752e-19 0)
(1.03437 -4.24374e-19 0)
(1.03408 -4.708e-19 0)
(1.03379 -4.67419e-19 0)
(1.0335 -4.29594e-19 0)
(1.03321 -3.91023e-19 0)
(1.03291 -3.81116e-19 0)
(1.03261 -3.80634e-19 0)
(1.03232 -3.98699e-19 0)
(1.03202 -4.0204e-19 0)
(1.03172 -3.89637e-19 0)
(1.03141 -3.64918e-19 0)
(1.03111 -3.246e-19 0)
(1.0308 -2.85217e-19 0)
(1.0305 -2.56213e-19 0)
(1.03019 -2.36937e-19 0)
(1.02988 -2.08019e-19 0)
(1.02957 -1.94114e-19 0)
(1.02925 -1.84522e-19 0)
(1.02894 -1.74164e-19 0)
(1.02862 -1.95773e-19 0)
(1.0283 -2.8211e-19 0)
(1.02798 -3.37458e-19 0)
(1.02766 -1.77287e-19 0)
(1.02733 -3.09349e-21 0)
(1.02701 -5.19536e-20 0)
(1.02668 -1.23694e-19 0)
(1.02635 -1.12976e-19 0)
(1.02602 -1.11895e-19 0)
(1.02569 -1.21193e-19 0)
(1.02536 -1.30749e-19 0)
(1.02502 -1.44614e-19 0)
(1.02469 -1.48075e-19 0)
(1.02435 -1.53172e-19 0)
(1.02401 -1.32445e-19 0)
(1.02366 -1.03623e-19 0)
(1.02332 -4.12686e-20 0)
(1.02297 1.36037e-19 0)
(1.02263 2.93188e-19 0)
(1.02228 3.38755e-19 0)
(1.02193 3.36469e-19 0)
(1.02157 3.32372e-19 0)
(1.02122 3.20277e-19 0)
(1.02086 2.93797e-19 0)
(1.02051 2.92143e-19 0)
(1.02015 2.67943e-19 0)
(1.01978 2.36312e-19 0)
(1.01942 2.17129e-19 0)
(1.01906 1.90983e-19 0)
(1.01869 1.77582e-19 0)
(1.01832 1.70687e-19 0)
(1.01795 1.71271e-19 0)
(1.01758 2.07229e-19 0)
(1.0172 3.13191e-19 0)
(1.01683 4.33217e-19 0)
(1.01645 4.49541e-19 0)
(1.01607 4.14088e-19 0)
(1.01569 4.89412e-19 0)
(1.0153 5.42369e-19 0)
(1.01492 5.00771e-19 0)
(1.01453 4.55531e-19 0)
(1.01414 3.30572e-19 0)
(1.01375 2.05132e-19 0)
(1.01335 1.62942e-19 0)
(1.01296 1.42167e-19 0)
(1.01256 1.21216e-19 0)
(1.01216 1.06158e-19 0)
(1.01176 1.02725e-19 0)
(1.01136 9.20519e-20 0)
(1.01095 7.91519e-20 0)
(1.01055 7.25807e-20 0)
(1.01014 8.91686e-20 0)
(1.00973 1.14904e-19 0)
(1.00931 9.18925e-21 0)
(1.0089 -9.67288e-20 0)
(1.00848 -7.09681e-20 0)
(1.00806 -5.82044e-20 0)
(1.00764 -6.87104e-20 0)
(1.00722 -9.30114e-20 0)
(1.00679 -1.17098e-19 0)
(1.00637 -1.18773e-19 0)
(1.00594 -1.19012e-19 0)
(1.0055 -1.00622e-19 0)
(1.00507 2.72243e-20 0)
(1.00463 1.65505e-19 0)
(1.0042 1.7252e-19 0)
(1.00376 1.41868e-19 0)
(1.00331 1.00759e-19 0)
(1.00287 4.59089e-20 0)
(1.00242 1.16749e-19 0)
(1.00197 1.90771e-19 0)
(1.00152 1.37812e-19 0)
(1.00107 1.06881e-19 0)
(1.00061 1.51223e-19 0)
(1.00016 2.00687e-19 0)
(0.999696 1.86054e-19 0)
(0.999234 1.46908e-19 0)
(0.998769 2.01021e-19 0)
(0.998302 2.54255e-19 0)
(0.997833 2.08713e-19 0)
(0.997362 1.41806e-19 0)
(0.996888 1.42272e-19 0)
(0.996412 1.56434e-19 0)
(0.995934 1.48886e-19 0)
(0.995453 1.49802e-19 0)
(0.99497 8.31919e-20 0)
(0.994484 2.17501e-20 0)
(0.993996 -1.39567e-20 0)
(0.993506 -4.8041e-20 0)
(0.993013 -3.52397e-20 0)
(0.992517 -3.58961e-20 0)
(0.99202 -7.54241e-20 0)
(0.99152 -1.04917e-19 0)
(0.991017 -1.26552e-19 0)
(0.990512 -1.36267e-19 0)
(0.990004 -1.35833e-19 0)
(0.989494 -1.35314e-19 0)
(0.988981 -1.60891e-19 0)
(0.988466 -1.7278e-19 0)
(0.987948 -1.29963e-19 0)
(0.987427 -1.42106e-19 0)
(0.986904 -2.04327e-19 0)
(0.986378 -2.02862e-19 0)
(0.98585 -1.53247e-19 0)
(0.985319 -1.10633e-19 0)
(0.984785 -1.37782e-19 0)
(0.984249 -1.68463e-19 0)
(0.98371 -1.36752e-19 0)
(0.983168 -9.35481e-20 0)
(0.982623 -5.04969e-20 0)
(0.982076 -4.8986e-21 0)
(0.981526 4.49487e-20 0)
(0.980973 1.02295e-19 0)
(0.980418 1.56324e-19 0)
(0.979859 1.81447e-19 0)
(0.979298 2.00759e-19 0)
(0.978733 2.44243e-19 0)
(0.978166 2.83282e-19 0)
(0.977596 2.60408e-19 0)
(0.977023 2.27608e-19 0)
(0.976447 2.4212e-19 0)
(0.975869 2.6642e-19 0)
(0.975287 2.94305e-19 0)
(0.974702 3.36188e-19 0)
(0.974114 3.04753e-19 0)
(0.973523 2.78933e-19 0)
(0.972929 3.0821e-19 0)
(0.972332 3.15787e-19 0)
(0.971732 3.25845e-19 0)
(0.971128 3.41888e-19 0)
(0.970522 4.06847e-19 0)
(0.969912 4.80839e-19 0)
(0.969299 5.25962e-19 0)
(0.968683 5.54886e-19 0)
(0.968064 5.93125e-19 0)
(0.967441 6.31172e-19 0)
(0.966816 6.59792e-19 0)
(0.966186 6.94777e-19 0)
(0.965554 7.22626e-19 0)
(0.964918 7.43829e-19 0)
(0.964278 7.58194e-19 0)
(0.963636 7.53819e-19 0)
(0.962989 7.45677e-19 0)
(0.96234 7.47529e-19 0)
(0.961687 7.83254e-19 0)
(0.96103 8.20047e-19 0)
(0.96037 7.63136e-19 0)
(0.959706 7.05981e-19 0)
(0.959038 6.74202e-19 0)
(0.958367 6.50391e-19 0)
(0.957692 6.12747e-19 0)
(0.957014 5.6807e-19 0)
(0.956332 5.81892e-19 0)
(0.955646 6.03744e-19 0)
(0.954956 6.22484e-19 0)
(0.954262 6.44965e-19 0)
(0.953565 6.72441e-19 0)
(0.952864 6.86068e-19 0)
(0.952158 5.90005e-19 0)
(0.951449 4.91739e-19 0)
(0.950736 5.00452e-19 0)
(0.950019 5.06216e-19 0)
(0.949297 5.04004e-19 0)
(0.948572 5.04947e-19 0)
(0.947842 5.41833e-19 0)
(0.947109 5.87021e-19 0)
(0.946371 6.0698e-19 0)
(0.945629 6.14945e-19 0)
(0.944882 6.13406e-19 0)
(0.944132 6.18397e-19 0)
(0.943376 6.17504e-19 0)
(0.942617 6.11506e-19 0)
(0.941853 6.05243e-19 0)
(0.941085 6.11263e-19 0)
(0.940312 6.50405e-19 0)
(0.939534 7.03913e-19 0)
(0.938752 7.63192e-19 0)
(0.937965 8.01615e-19 0)
(0.937174 7.72666e-19 0)
(0.936378 7.44753e-19 0)
(0.935577 7.6653e-19 0)
(0.934771 7.99877e-19 0)
(0.93396 7.86078e-19 0)
(0.933144 7.76418e-19 0)
(0.932324 8.21755e-19 0)
(0.931498 8.7349e-19 0)
(0.930667 9.21082e-19 0)
(0.929831 9.65369e-19 0)
(0.92899 1.00715e-18 0)
(0.928144 1.03638e-18 0)
(0.927292 1.02638e-18 0)
(0.926435 1.01862e-18 0)
(0.925572 1.04912e-18 0)
(0.924705 1.07656e-18 0)
(0.923831 1.04267e-18 0)
(0.922952 1.01461e-18 0)
(0.922067 1.05402e-18 0)
(0.921177 1.0939e-18 0)
(0.92028 1.13529e-18 0)
(0.919378 1.17019e-18 0)
(0.91847 1.196e-18 0)
(0.917556 1.22886e-18 0)
(0.916636 1.25518e-18 0)
(0.915709 1.29085e-18 0)
(0.914777 1.25426e-18 0)
(0.913838 1.22096e-18 0)
(0.912893 1.31241e-18 0)
(0.911941 1.39047e-18 0)
(0.910983 1.41266e-18 0)
(0.910019 1.44309e-18 0)
(0.909047 1.40587e-18 0)
(0.908069 1.36599e-18 0)
(0.907084 1.39564e-18 0)
(0.906092 1.42623e-18 0)
(0.905093 1.48908e-18 0)
(0.904087 1.54703e-18 0)
(0.903074 1.56926e-18 0)
(0.902053 1.57795e-18 0)
(0.901025 1.57939e-18 0)
(0.89999 1.57316e-18 0)
(0.898946 1.55929e-18 0)
(0.897896 1.53079e-18 0)
(0.896837 1.44198e-18 0)
(0.89577 1.3503e-18 0)
(0.894696 1.31427e-18 0)
(0.893613 1.2778e-18 0)
(0.892522 1.18419e-18 0)
(0.891422 1.09838e-18 0)
(0.890314 1.08086e-18 0)
(0.889197 1.0613e-18 0)
(0.888072 1.04271e-18 0)
(0.886937 1.02403e-18 0)
(0.885794 1.00251e-18 0)
(0.884641 9.96974e-19 0)
(0.883479 9.96984e-19 0)
(0.882308 1.00011e-18 0)
(0.881127 1.01845e-18 0)
(0.879936 1.07466e-18 0)
(0.878735 1.11979e-18 0)
(0.877524 1.08853e-18 0)
(0.876303 1.04254e-18 0)
(0.875071 1.03493e-18 0)
(0.873829 1.03438e-18 0)
(0.872576 9.81887e-19 0)
(0.871311 9.33248e-19 0)
(0.870036 9.44561e-19 0)
(0.868749 9.60293e-19 0)
(0.867451 9.69733e-19 0)
(0.866141 9.78742e-19 0)
(0.864819 9.93349e-19 0)
(0.863485 1.00368e-18 0)
(0.862138 9.77668e-19 0)
(0.860778 9.50551e-19 0)
(0.859406 9.64842e-19 0)
(0.85802 9.84599e-19 0)
(0.856621 9.00032e-19 0)
(0.855208 8.15215e-19 0)
(0.853781 8.35851e-19 0)
(0.85234 8.53205e-19 0)
(0.850884 8.10424e-19 0)
(0.849414 7.67174e-19 0)
(0.847928 7.83166e-19 0)
(0.846427 8.05172e-19 0)
(0.84491 8.16451e-19 0)
(0.843376 8.3443e-19 0)
(0.841827 8.47887e-19 0)
(0.84026 8.50028e-19 0)
(0.838676 8.18364e-19 0)
(0.837074 7.6889e-19 0)
(0.835454 7.5245e-19 0)
(0.833816 7.59911e-19 0)
(0.832159 7.64419e-19 0)
(0.830482 7.67308e-19 0)
(0.828786 7.70191e-19 0)
(0.827069 7.47572e-19 0)
(0.825331 6.93338e-19 0)
(0.823572 6.45408e-19 0)
(0.821791 6.36852e-19 0)
(0.819987 6.42928e-19 0)
(0.81816 6.55266e-19 0)
(0.81631 6.74459e-19 0)
(0.814435 7.0139e-19 0)
(0.812535 7.22897e-19 0)
(0.810609 6.41917e-19 0)
(0.808656 5.68396e-19 0)
(0.806677 5.58376e-19 0)
(0.804669 5.40829e-19 0)
(0.802633 5.25505e-19 0)
(0.800566 5.13493e-19 0)
(0.798469 5.02063e-19 0)
(0.79634 4.8805e-19 0)
(0.794179 5.07515e-19 0)
(0.791984 5.10339e-19 0)
(0.789754 5.0389e-19 0)
(0.787488 5.04512e-19 0)
(0.785185 4.99882e-19 0)
(0.782844 4.88987e-19 0)
(0.780463 4.70698e-19 0)
(0.77804 4.3434e-19 0)
(0.775575 3.52094e-19 0)
(0.773065 2.67545e-19 0)
(0.77051 2.21061e-19 0)
(0.767906 1.70776e-19 0)
(0.765253 6.4433e-20 0)
(0.762549 -2.90175e-20 0)
(0.75979 -7.29658e-20 0)
(0.756976 -1.08153e-19 0)
(0.754104 -1.7948e-19 0)
(0.75117 -2.54085e-19 0)
(0.748173 -2.59496e-19 0)
(0.74511 -2.50325e-19 0)
(0.741977 -2.42027e-19 0)
(0.738772 -2.3325e-19 0)
(0.73549 -2.2329e-19 0)
(0.732128 -2.26217e-19 0)
(0.728682 -2.28903e-19 0)
(0.725147 -2.35554e-19 0)
(0.721519 -2.50421e-19 0)
(0.717793 -2.64885e-19 0)
(0.713963 -2.79501e-19 0)
(0.710023 -2.92708e-19 0)
(0.705966 -3.02594e-19 0)
(0.701787 -3.09842e-19 0)
(0.697475 -2.87802e-19 0)
(0.693024 -2.66907e-19 0)
(0.688424 -2.83114e-19 0)
(0.683665 -2.84312e-19 0)
(0.678734 -1.88591e-19 0)
(0.67362 -8.78462e-20 0)
(0.668309 -8.35524e-20 0)
(0.662785 -9.40308e-20 0)
(0.657031 -7.80775e-20 0)
(0.651027 -5.59348e-20 0)
(0.64475 -5.04895e-20 0)
(0.638176 -4.02262e-20 0)
(0.631276 -6.69385e-20 0)
(0.624018 -9.04229e-20 0)
(0.616363 -7.54863e-20 0)
(0.608269 -6.50075e-20 0)
(0.599683 -6.25716e-20 0)
(0.590547 -6.12623e-20 0)
(0.580789 -6.62431e-20 0)
(0.570326 -6.8876e-20 0)
(0.559056 -8.138e-20 0)
(0.546856 -8.85986e-20 0)
(0.533576 -2.3639e-20 0)
(0.519032 5.49269e-20 0)
(0.502992 8.30348e-20 0)
(0.485169 9.53294e-20 0)
(0.4652 7.82419e-20 0)
(0.442633 5.88665e-20 0)
(0.416919 3.64459e-20 0)
(0.387427 1.90118e-20 0)
(0.353534 1.69557e-20 0)
(0.314844 2.63526e-21 0)
(0.271547 6.19222e-21 0)
(0.224642 1.21051e-20 0)
(0.175605 -3.22885e-21 0)
(0.12567 -6.86979e-21 0)
(0.0754628 -1.22427e-21 0)
(0.0251726 -1.68122e-21 0)
)
;

boundaryField
{
    top_wall
    {
        type            noSlip;
    }
    inlet
    {
        type            cyclic;
    }
    bot_wall
    {
        type            noSlip;
    }
    outlet
    {
        type            cyclic;
    }
    frontAndBack
    {
        type            empty;
    }
}


// ************************************************************************* //
