0.000250125 	0.0125926 	9.01321e-19 	0
0.000550275 	0.0277009 	1.85611e-18 	0
0.000850425 	0.0427956 	2.1807e-18 	0
0.00115058 	0.0578902 	2.5053e-18 	0
0.00145073 	0.0729848 	2.82989e-18 	0
0.00175088 	0.0880586 	2.98234e-18 	0
0.00205103 	0.103128 	3.10098e-18 	0
0.00235118 	0.118198 	3.21962e-18 	0
0.00265133 	0.133226 	3.21838e-18 	0
0.00295148 	0.148214 	3.09925e-18 	0
0.00325163 	0.163202 	2.98013e-18 	0
0.00355178 	0.178144 	2.88043e-18 	0
0.00385193 	0.192862 	2.87397e-18 	0
0.00415208 	0.207581 	2.8675e-18 	0
0.00445223 	0.222299 	2.86104e-18 	0
0.00475238 	0.23648 	2.8663e-18 	0
0.00505253 	0.250558 	2.87378e-18 	0
0.00535268 	0.264637 	2.88126e-18 	0
0.00565283 	0.278164 	2.8852e-18 	0
0.00595298 	0.291159 	2.88574e-18 	0
0.00625313 	0.304154 	2.88627e-18 	0
0.00655328 	0.316904 	2.88759e-18 	0
0.00685343 	0.328517 	2.89257e-18 	0
0.00715358 	0.34013 	2.89755e-18 	0
0.00745373 	0.351743 	2.90252e-18 	0
0.00775388 	0.362138 	2.90198e-18 	0
0.00805403 	0.372311 	2.90043e-18 	0
0.00835418 	0.382484 	2.89888e-18 	0
0.00865433 	0.391978 	2.89649e-18 	0
0.00895448 	0.40083 	2.89331e-18 	0
0.00925463 	0.409682 	2.89013e-18 	0
0.00955478 	0.418328 	2.8874e-18 	0
0.00985493 	0.426046 	2.88666e-18 	0
0.0101551 	0.433764 	2.88593e-18 	0
0.0104552 	0.441482 	2.8852e-18 	0
0.0107554 	0.448396 	2.8778e-18 	0
0.0110555 	0.45517 	2.86924e-18 	0
0.0113557 	0.461943 	2.86068e-18 	0
0.0116558 	0.468312 	2.8594e-18 	0
0.011956 	0.474305 	2.86488e-18 	0
0.0122561 	0.480299 	2.87036e-18 	0
0.0125563 	0.486172 	2.87567e-18 	0
0.0128564 	0.491522 	2.88028e-18 	0
0.0131566 	0.496871 	2.88489e-18 	0
0.0134567 	0.502221 	2.8895e-18 	0
0.0137569 	0.507112 	2.88228e-18 	0
0.014057 	0.511927 	2.87308e-18 	0
0.0143572 	0.516741 	2.86388e-18 	0
0.0146573 	0.52132 	2.85629e-18 	0
0.0149575 	0.525686 	2.85016e-18 	0
0.0152576 	0.530051 	2.84404e-18 	0
0.0155578 	0.534343 	2.83901e-18 	0
0.0158579 	0.538329 	2.8386e-18 	0
0.0161581 	0.542315 	2.83819e-18 	0
0.0164582 	0.546301 	2.83778e-18 	0
0.0167584 	0.550008 	2.83883e-18 	0
0.0170585 	0.55367 	2.84011e-18 	0
0.0173587 	0.557332 	2.8414e-18 	0
0.0176588 	0.560846 	2.84176e-18 	0
0.017959 	0.564229 	2.84131e-18 	0
0.0182591 	0.567611 	2.84085e-18 	0
0.0185593 	0.570946 	2.83987e-18 	0
0.0188594 	0.574087 	2.83672e-18 	0
0.0191596 	0.577227 	2.83358e-18 	0
0.0194597 	0.580368 	2.83043e-18 	0
0.0197599 	0.583325 	2.82609e-18 	0
0.02006 	0.586254 	2.82156e-18 	0
0.0203602 	0.589183 	2.81703e-18 	0
0.0206603 	0.592012 	2.81258e-18 	0
0.0209605 	0.594754 	2.80819e-18 	0
0.0212606 	0.597496 	2.80381e-18 	0
0.0215608 	0.600205 	2.79913e-18 	0
0.0218609 	0.602782 	2.79333e-18 	0
0.0221611 	0.605359 	2.78752e-18 	0
0.0224612 	0.607936 	2.78172e-18 	0
0.0227614 	0.610385 	2.77343e-18 	0
0.0230615 	0.612814 	2.76478e-18 	0
0.0233617 	0.615243 	2.75612e-18 	0
0.0236618 	0.617602 	2.74688e-18 	0
0.023962 	0.619899 	2.73714e-18 	0
0.0242621 	0.622197 	2.72741e-18 	0
0.0245623 	0.62447 	2.71778e-18 	0
0.0248624 	0.626649 	2.70855e-18 	0
0.0251626 	0.628827 	2.69932e-18 	0
0.0254627 	0.631006 	2.6901e-18 	0
0.0257629 	0.63309 	2.68129e-18 	0
0.026063 	0.635161 	2.67255e-18 	0
0.0263632 	0.637232 	2.66381e-18 	0
0.0266633 	0.63925 	2.65439e-18 	0
0.0269635 	0.641223 	2.64438e-18 	0
0.0272636 	0.643196 	2.63438e-18 	0
0.0275638 	0.64515 	2.62376e-18 	0
0.0278639 	0.647034 	2.61088e-18 	0
0.0281641 	0.648918 	2.598e-18 	0
0.0284642 	0.650802 	2.58512e-18 	0
0.0287644 	0.652614 	2.57129e-18 	0
0.0290645 	0.654416 	2.55734e-18 	0
0.0293647 	0.656218 	2.54339e-18 	0
0.0296648 	0.657979 	2.52998e-18 	0
0.029965 	0.659707 	2.51701e-18 	0
0.0302651 	0.661434 	2.50405e-18 	0
0.0305653 	0.663146 	2.49081e-18 	0
0.0308654 	0.664804 	2.47661e-18 	0
0.0311656 	0.666462 	2.46241e-18 	0
0.0314657 	0.66812 	2.44821e-18 	0
0.0317659 	0.669721 	2.43299e-18 	0
0.032066 	0.671315 	2.41764e-18 	0
0.0323662 	0.672909 	2.40229e-18 	0
0.0326663 	0.674471 	2.38727e-18 	0
0.0329665 	0.676006 	2.3725e-18 	0
0.0332666 	0.677541 	2.35774e-18 	0
0.0335668 	0.679063 	2.34309e-18 	0
0.0338669 	0.680543 	2.32887e-18 	0
0.0341671 	0.682023 	2.31464e-18 	0
0.0344672 	0.683502 	2.30041e-18 	0
0.0347674 	0.684937 	2.28663e-18 	0
0.0350675 	0.686365 	2.2729e-18 	0
0.0353677 	0.687794 	2.25917e-18 	0
0.0356678 	0.689196 	2.2457e-18 	0
0.035968 	0.690577 	2.23244e-18 	0
0.0362681 	0.691957 	2.21918e-18 	0
0.0365683 	0.693328 	2.20601e-18 	0
0.0368684 	0.694664 	2.19318e-18 	0
0.0371686 	0.696 	2.18035e-18 	0
0.0374687 	0.697336 	2.16752e-18 	0
0.0377689 	0.698634 	2.15505e-18 	0
0.038069 	0.699928 	2.14262e-18 	0
0.0383692 	0.701222 	2.13019e-18 	0
0.0386693 	0.702494 	2.11797e-18 	0
0.0389695 	0.703748 	2.10592e-18 	0
0.0392696 	0.705003 	2.09387e-18 	0
0.0395698 	0.706249 	2.0819e-18 	0
0.0398699 	0.707467 	2.0702e-18 	0
0.0401701 	0.708685 	2.05851e-18 	0
0.0404702 	0.709902 	2.04681e-18 	0
0.0407704 	0.711088 	2.03542e-18 	0
0.0410705 	0.712271 	2.02406e-18 	0
0.0413707 	0.713454 	2.01269e-18 	0
0.0416708 	0.714617 	2.00151e-18 	0
0.041971 	0.715767 	1.99047e-18 	0
0.0422711 	0.716916 	1.97942e-18 	0
0.0425713 	0.718059 	1.96845e-18 	0
0.0428714 	0.719177 	1.9577e-18 	0
0.0431716 	0.720295 	1.94694e-18 	0
0.0434717 	0.721414 	1.93619e-18 	0
0.0437719 	0.722505 	1.9257e-18 	0
0.044072 	0.723594 	1.91523e-18 	0
0.0443722 	0.724683 	1.90477e-18 	0
0.0446723 	0.725756 	1.89445e-18 	0
0.0449725 	0.726817 	1.88425e-18 	0
0.0452726 	0.727878 	1.87405e-18 	0
0.0455728 	0.728933 	1.86391e-18 	0
0.0458729 	0.729967 	1.85396e-18 	0
0.0461731 	0.731001 	1.84402e-18 	0
0.0464732 	0.732036 	1.83408e-18 	0
0.0467734 	0.733047 	1.82435e-18 	0
0.0470735 	0.734056 	1.81465e-18 	0
0.0473737 	0.735065 	1.80494e-18 	0
0.0476738 	0.736061 	1.79537e-18 	0
0.047974 	0.737046 	1.7859e-18 	0
0.0482741 	0.738031 	1.77642e-18 	0
0.0485743 	0.73901 	1.767e-18 	0
0.0488744 	0.739972 	1.75775e-18 	0
0.0491746 	0.740934 	1.74849e-18 	0
0.0494747 	0.741896 	1.73924e-18 	0
0.0497749 	0.742838 	1.73018e-18 	0
0.050075 	0.743779 	1.72113e-18 	0
0.0503752 	0.744719 	1.71209e-18 	0
0.0506753 	0.745647 	1.70316e-18 	0
0.0509755 	0.746566 	1.69432e-18 	0
0.0512756 	0.747486 	1.68548e-18 	0
0.0515758 	0.7484 	1.67669e-18 	0
0.0518759 	0.7493 	1.66804e-18 	0
0.0521761 	0.750199 	1.65939e-18 	0
0.0524762 	0.751099 	1.65073e-18 	0
0.0527764 	0.751981 	1.64226e-18 	0
0.0530765 	0.752862 	1.63379e-18 	0
0.0533767 	0.753742 	1.62533e-18 	0
0.0536768 	0.754612 	1.61697e-18 	0
0.053977 	0.755474 	1.60868e-18 	0
0.0542771 	0.756336 	1.60039e-18 	0
0.0545773 	0.757193 	1.59214e-18 	0
0.0548774 	0.758038 	1.58402e-18 	0
0.0551776 	0.758883 	1.5759e-18 	0
0.0554777 	0.759727 	1.56778e-18 	0
0.0557779 	0.760557 	1.55982e-18 	0
0.056078 	0.761385 	1.55186e-18 	0
0.0563782 	0.762213 	1.54391e-18 	0
0.0566783 	0.763031 	1.53605e-18 	0
0.0569785 	0.763843 	1.52825e-18 	0
0.0572786 	0.764654 	1.52045e-18 	0
0.0575788 	0.765462 	1.51269e-18 	0
0.0578789 	0.766258 	1.50505e-18 	0
0.0581791 	0.767055 	1.4974e-18 	0
0.0584792 	0.767851 	1.48976e-18 	0
0.0587794 	0.768634 	1.48225e-18 	0
0.0590795 	0.769415 	1.47475e-18 	0
0.0593797 	0.770197 	1.46725e-18 	0
0.0596798 	0.770969 	1.45983e-18 	0
0.05998 	0.771736 	1.45248e-18 	0
0.0602801 	0.772503 	1.44512e-18 	0
0.0605803 	0.773267 	1.4378e-18 	0
0.0608804 	0.77402 	1.43058e-18 	0
0.0611806 	0.774773 	1.42335e-18 	0
0.0614807 	0.775527 	1.41613e-18 	0
0.0617809 	0.776267 	1.40903e-18 	0
0.062081 	0.777007 	1.40194e-18 	0
0.0623812 	0.777747 	1.39485e-18 	0
0.0626813 	0.778479 	1.38783e-18 	0
0.0629815 	0.779206 	1.38087e-18 	0
0.0632816 	0.779933 	1.37391e-18 	0
0.0635818 	0.780657 	1.36698e-18 	0
0.0638819 	0.781372 	1.36014e-18 	0
0.0641821 	0.782087 	1.3533e-18 	0
0.0644822 	0.782802 	1.34645e-18 	0
0.0647824 	0.783505 	1.33973e-18 	0
0.0650825 	0.784208 	1.33301e-18 	0
0.0653827 	0.78491 	1.32629e-18 	0
0.0656828 	0.785606 	1.31964e-18 	0
0.065983 	0.786297 	1.31303e-18 	0
0.0662831 	0.786989 	1.30642e-18 	0
0.0665833 	0.787677 	1.29985e-18 	0
0.0668834 	0.788357 	1.29336e-18 	0
0.0671836 	0.789037 	1.28686e-18 	0
0.0674837 	0.789717 	1.28037e-18 	0
0.0677839 	0.790387 	1.27398e-18 	0
0.068084 	0.791056 	1.26759e-18 	0
0.0683842 	0.791726 	1.2612e-18 	0
0.0686843 	0.792389 	1.25488e-18 	0
0.0689845 	0.793047 	1.2486e-18 	0
0.0692846 	0.793706 	1.24233e-18 	0
0.0695848 	0.794362 	1.23607e-18 	0
0.0698849 	0.795011 	1.22989e-18 	0
0.0701851 	0.795659 	1.22371e-18 	0
0.0704852 	0.796308 	1.21753e-18 	0
0.0707854 	0.796948 	1.21145e-18 	0
0.0710855 	0.797587 	1.20537e-18 	0
0.0713857 	0.798226 	1.19929e-18 	0
0.0716858 	0.798859 	1.19328e-18 	0
0.071986 	0.799488 	1.18729e-18 	0
0.0722861 	0.800118 	1.18131e-18 	0
0.0725863 	0.800744 	1.17536e-18 	0
0.0728864 	0.801365 	1.16946e-18 	0
0.0731866 	0.801985 	1.16357e-18 	0
0.0734867 	0.802606 	1.15768e-18 	0
0.0737869 	0.803217 	1.15188e-18 	0
0.074087 	0.803828 	1.14608e-18 	0
0.0743872 	0.804439 	1.14029e-18 	0
0.0746873 	0.805045 	1.13454e-18 	0
0.0749875 	0.805648 	1.12883e-18 	0
0.0752876 	0.806251 	1.12312e-18 	0
0.0755878 	0.806851 	1.11743e-18 	0
0.0758879 	0.807445 	1.11181e-18 	0
0.0761881 	0.808039 	1.10619e-18 	0
0.0764882 	0.808633 	1.10056e-18 	0
0.0767884 	0.809219 	1.09501e-18 	0
0.0770885 	0.809805 	1.08947e-18 	0
0.0773887 	0.810392 	1.08393e-18 	0
0.0776888 	0.810973 	1.07843e-18 	0
0.077989 	0.811551 	1.07298e-18 	0
0.0782891 	0.812129 	1.06752e-18 	0
0.0785893 	0.812705 	1.06208e-18 	0
0.0788894 	0.813275 	1.05669e-18 	0
0.0791896 	0.813845 	1.05131e-18 	0
0.0794897 	0.814416 	1.04592e-18 	0
0.0797899 	0.814979 	1.04061e-18 	0
0.08009 	0.815541 	1.03531e-18 	0
0.0803902 	0.816104 	1.03e-18 	0
0.0806903 	0.816662 	1.02474e-18 	0
0.0809905 	0.817217 	1.01951e-18 	0
0.0812906 	0.817773 	1.01427e-18 	0
0.0815908 	0.818326 	1.00906e-18 	0
0.0818909 	0.818874 	1.00389e-18 	0
0.0821911 	0.819423 	9.98726e-19 	0
0.0824912 	0.819971 	9.93561e-19 	0
0.0827914 	0.820513 	9.88462e-19 	0
0.0830915 	0.821054 	9.83366e-19 	0
0.0833917 	0.821596 	9.7827e-19 	0
0.0836918 	0.822133 	9.73215e-19 	0
0.083992 	0.822667 	9.68185e-19 	0
0.0842921 	0.823202 	9.63154e-19 	0
0.0845923 	0.823734 	9.58142e-19 	0
0.0848924 	0.824262 	9.53175e-19 	0
0.0851926 	0.82479 	9.48207e-19 	0
0.0854927 	0.825318 	9.43239e-19 	0
0.0857929 	0.82584 	9.3833e-19 	0
0.086093 	0.826362 	9.33422e-19 	0
0.0863932 	0.826883 	9.28513e-19 	0
0.0866933 	0.827401 	9.23643e-19 	0
0.0869935 	0.827916 	9.18792e-19 	0
0.0872936 	0.828432 	9.13942e-19 	0
0.0875938 	0.828945 	9.09108e-19 	0
0.0878939 	0.829454 	9.04312e-19 	0
0.0881941 	0.829963 	8.99516e-19 	0
0.0884942 	0.830472 	8.9472e-19 	0
0.0887944 	0.830976 	8.89974e-19 	0
0.0890945 	0.831479 	8.85229e-19 	0
0.0893947 	0.831982 	8.80485e-19 	0
0.0896948 	0.832482 	8.75771e-19 	0
0.089995 	0.832979 	8.71074e-19 	0
0.0902951 	0.833477 	8.66378e-19 	0
0.0905953 	0.833972 	8.61695e-19 	0
0.0908954 	0.834464 	8.57043e-19 	0
0.0911956 	0.834955 	8.52392e-19 	0
0.0914957 	0.835447 	8.4774e-19 	0
0.0917959 	0.835933 	8.43129e-19 	0
0.092096 	0.83642 	8.38519e-19 	0
0.0923962 	0.836906 	8.33908e-19 	0
0.0926963 	0.837389 	8.29323e-19 	0
0.0929965 	0.837869 	8.2475e-19 	0
0.0932966 	0.83835 	8.20177e-19 	0
0.0935968 	0.838829 	8.15615e-19 	0
0.0938969 	0.839305 	8.11076e-19 	0
0.0941971 	0.83978 	8.06537e-19 	0
0.0944972 	0.840256 	8.01998e-19 	0
0.0947974 	0.840726 	7.97488e-19 	0
0.0950975 	0.841196 	7.92978e-19 	0
0.0953977 	0.841667 	7.88469e-19 	0
0.0956978 	0.842133 	7.83976e-19 	0
0.095998 	0.842598 	7.79492e-19 	0
0.0962981 	0.843063 	7.75008e-19 	0
0.0965983 	0.843527 	7.7053e-19 	0
0.0968984 	0.843987 	7.66066e-19 	0
0.0971986 	0.844448 	7.61602e-19 	0
0.0974987 	0.844908 	7.57139e-19 	0
0.0977989 	0.845363 	7.52691e-19 	0
0.098099 	0.845819 	7.48243e-19 	0
0.0983992 	0.846274 	7.43796e-19 	0
0.0986993 	0.846726 	7.39355e-19 	0
0.0989995 	0.847177 	7.34918e-19 	0
0.0992996 	0.847627 	7.30481e-19 	0
0.0995998 	0.848076 	7.26046e-19 	0
0.0998999 	0.848522 	7.21614e-19 	0
0.1002 	0.848968 	7.17183e-19 	0
0.1005 	0.849414 	7.12751e-19 	0
0.1008 	0.849856 	7.0832e-19 	0
0.101101 	0.850297 	7.03889e-19 	0
0.101401 	0.850738 	6.99458e-19 	0
0.101701 	0.851176 	6.95023e-19 	0
0.102001 	0.851613 	6.90587e-19 	0
0.102301 	0.85205 	6.86151e-19 	0
0.102601 	0.852486 	6.81711e-19 	0
0.102901 	0.852918 	6.77265e-19 	0
0.103202 	0.853351 	6.72818e-19 	0
0.103502 	0.853783 	6.68371e-19 	0
0.103802 	0.854212 	6.63909e-19 	0
0.104102 	0.85464 	6.59446e-19 	0
0.104402 	0.855068 	6.54984e-19 	0
0.104702 	0.855494 	6.50507e-19 	0
0.105003 	0.855918 	6.46024e-19 	0
0.105303 	0.856342 	6.41541e-19 	0
0.105603 	0.856765 	6.37049e-19 	0
0.105903 	0.857185 	6.3254e-19 	0
0.106203 	0.857605 	6.28031e-19 	0
0.106503 	0.858025 	6.23522e-19 	0
0.106803 	0.858441 	6.18984e-19 	0
0.107104 	0.858857 	6.14446e-19 	0
0.107404 	0.859273 	6.09908e-19 	0
0.107704 	0.859686 	6.05348e-19 	0
0.108004 	0.860097 	6.00778e-19 	0
0.108304 	0.860509 	5.96207e-19 	0
0.108604 	0.86092 	5.91625e-19 	0
0.108904 	0.861328 	5.8702e-19 	0
0.109205 	0.861736 	5.82416e-19 	0
0.109505 	0.862144 	5.77811e-19 	0
0.109805 	0.862549 	5.73171e-19 	0
0.110105 	0.862953 	5.68532e-19 	0
0.110405 	0.863357 	5.63892e-19 	0
0.110705 	0.863759 	5.59228e-19 	0
0.111006 	0.864159 	5.54551e-19 	0
0.111306 	0.86456 	5.49875e-19 	0
0.111606 	0.864959 	5.45184e-19 	0
0.111906 	0.865356 	5.40467e-19 	0
0.112206 	0.865752 	5.3575e-19 	0
0.112506 	0.866149 	5.31033e-19 	0
0.112806 	0.866542 	5.26319e-19 	0
0.113107 	0.866936 	5.21604e-19 	0
0.113407 	0.867329 	5.1689e-19 	0
0.113707 	0.867719 	5.1218e-19 	0
0.114007 	0.868109 	5.07471e-19 	0
0.114307 	0.868499 	5.02762e-19 	0
0.114607 	0.868887 	4.98039e-19 	0
0.114907 	0.869273 	4.93291e-19 	0
0.115208 	0.86966 	4.88544e-19 	0
0.115508 	0.870046 	4.83796e-19 	0
0.115808 	0.870429 	4.79016e-19 	0
0.116108 	0.870811 	4.74236e-19 	0
0.116408 	0.871194 	4.69456e-19 	0
0.116708 	0.871575 	4.64658e-19 	0
0.117009 	0.871954 	4.59851e-19 	0
0.117309 	0.872334 	4.55045e-19 	0
0.117609 	0.872712 	4.50232e-19 	0
0.117909 	0.873088 	4.45407e-19 	0
0.118209 	0.873465 	4.40582e-19 	0
0.118509 	0.87384 	4.35757e-19 	0
0.118809 	0.874213 	4.30921e-19 	0
0.11911 	0.874586 	4.26086e-19 	0
0.11941 	0.874959 	4.21251e-19 	0
0.11971 	0.87533 	4.16414e-19 	0
0.12001 	0.875699 	4.11578e-19 	0
0.12031 	0.876069 	4.06741e-19 	0
0.12061 	0.876438 	4.01908e-19 	0
0.12091 	0.876804 	3.97081e-19 	0
0.121211 	0.877171 	3.92255e-19 	0
0.121511 	0.877537 	3.87429e-19 	0
0.121811 	0.877901 	3.82622e-19 	0
0.122111 	0.878264 	3.77816e-19 	0
0.122411 	0.878627 	3.7301e-19 	0
0.122711 	0.878989 	3.68228e-19 	0
0.123012 	0.879349 	3.63457e-19 	0
0.123312 	0.87971 	3.58685e-19 	0
0.123612 	0.880069 	3.53933e-19 	0
0.123912 	0.880427 	3.49214e-19 	0
0.124212 	0.880784 	3.44495e-19 	0
0.124512 	0.881141 	3.39778e-19 	0
0.124812 	0.881496 	3.35129e-19 	0
0.125113 	0.88185 	3.3048e-19 	0
0.125413 	0.882205 	3.25831e-19 	0
0.125713 	0.882557 	3.21212e-19 	0
0.126013 	0.882909 	3.16604e-19 	0
0.126313 	0.88326 	3.11997e-19 	0
0.126613 	0.883611 	3.0741e-19 	0
0.126913 	0.883959 	3.02856e-19 	0
0.127214 	0.884308 	2.98302e-19 	0
0.127514 	0.884657 	2.93751e-19 	0
0.127814 	0.885003 	2.8925e-19 	0
0.128114 	0.885349 	2.84749e-19 	0
0.128414 	0.885695 	2.80248e-19 	0
0.128714 	0.886039 	2.75777e-19 	0
0.129015 	0.886382 	2.71318e-19 	0
0.129315 	0.886725 	2.66859e-19 	0
0.129615 	0.887067 	2.62406e-19 	0
0.129915 	0.887408 	2.57961e-19 	0
0.130215 	0.887749 	2.53516e-19 	0
0.130515 	0.888089 	2.49069e-19 	0
0.130815 	0.888427 	2.44588e-19 	0
0.131116 	0.888765 	2.40107e-19 	0
0.131416 	0.889102 	2.35626e-19 	0
0.131716 	0.889438 	2.31033e-19 	0
0.132016 	0.889773 	2.26395e-19 	0
0.132316 	0.890109 	2.21758e-19 	0
0.132616 	0.890443 	2.17031e-19 	0
0.132916 	0.890775 	2.12165e-19 	0
0.133217 	0.891108 	2.07299e-19 	0
0.133517 	0.89144 	2.02411e-19 	0
0.133817 	0.89177 	1.97155e-19 	0
0.134117 	0.8921 	1.919e-19 	0
0.134417 	0.89243 	1.86645e-19 	0
0.134717 	0.892758 	1.81017e-19 	0
0.135018 	0.893086 	1.75247e-19 	0
0.135318 	0.893414 	1.69478e-19 	0
0.135618 	0.89374 	1.63421e-19 	0
0.135918 	0.894065 	1.56919e-19 	0
0.136218 	0.89439 	1.50417e-19 	0
0.136518 	0.894715 	1.43863e-19 	0
0.136818 	0.895037 	1.36493e-19 	0
0.137119 	0.89536 	1.29124e-19 	0
0.137419 	0.895683 	1.21755e-19 	0
0.137719 	0.896004 	1.1335e-19 	0
0.138019 	0.896324 	1.04559e-19 	0
0.138319 	0.896644 	9.57694e-20 	0
0.138619 	0.896963 	8.79857e-20 	0
0.138919 	0.897281 	8.17272e-20 	0
0.13922 	0.897598 	7.54687e-20 	0
0.13952 	0.897916 	7.05378e-20 	0
0.13982 	0.898231 	8.44464e-20 	0
0.14012 	0.898547 	9.8355e-20 	0
0.14042 	0.898862 	1.12264e-19 	0
0.14072 	0.899176 	1.261e-19 	0
0.141021 	0.899489 	1.39911e-19 	0
0.141321 	0.899803 	1.53722e-19 	0
0.141621 	0.900115 	1.59446e-19 	0
0.141921 	0.900426 	1.53166e-19 	0
0.142221 	0.900736 	1.46886e-19 	0
0.142521 	0.901047 	1.40434e-19 	0
0.142821 	0.901355 	1.31725e-19 	0
0.143122 	0.901664 	1.23016e-19 	0
0.143422 	0.901973 	1.14307e-19 	0
0.143722 	0.90228 	1.06714e-19 	0
0.144022 	0.902586 	9.95161e-20 	0
0.144322 	0.902892 	9.23179e-20 	0
0.144622 	0.903198 	8.55105e-20 	0
0.144922 	0.903502 	7.92715e-20 	0
0.145223 	0.903806 	7.30324e-20 	0
0.145523 	0.90411 	6.68523e-20 	0
0.145823 	0.904412 	6.13904e-20 	0
0.146123 	0.904714 	5.59286e-20 	0
0.146423 	0.905016 	5.04667e-20 	0
0.146723 	0.905316 	4.54504e-20 	0
0.147024 	0.905616 	4.05872e-20 	0
0.147324 	0.905916 	3.5724e-20 	0
0.147624 	0.906215 	3.10383e-20 	0
0.147924 	0.906513 	2.66054e-20 	0
0.148224 	0.90681 	2.21725e-20 	0
0.148524 	0.907108 	1.77647e-20 	0
0.148824 	0.907404 	1.36427e-20 	0
0.149125 	0.907699 	9.52073e-21 	0
0.149425 	0.907995 	5.39874e-21 	0
0.149725 	0.908289 	1.4231e-21 	0
0.150025 	0.908582 	-2.50355e-21 	0
0.150325 	0.908876 	-6.43019e-21 	0
0.150625 	0.909169 	-1.03082e-20 	0
0.150925 	0.909461 	-1.41184e-20 	0
0.151226 	0.909752 	-1.79286e-20 	0
0.151526 	0.910044 	-2.1733e-20 	0
0.151826 	0.910333 	-2.54757e-20 	0
0.152126 	0.910623 	-2.92185e-20 	0
0.152426 	0.910912 	-3.29613e-20 	0
0.152726 	0.9112 	-3.6675e-20 	0
0.153027 	0.911487 	-4.03793e-20 	0
0.153327 	0.911775 	-4.40835e-20 	0
0.153627 	0.912062 	-4.77766e-20 	0
0.153927 	0.912347 	-5.14545e-20 	0
0.154227 	0.912633 	-5.51325e-20 	0
0.154527 	0.912919 	-5.88082e-20 	0
0.154827 	0.913202 	-6.24618e-20 	0
0.155128 	0.913486 	-6.61154e-20 	0
0.155428 	0.91377 	-6.9769e-20 	0
0.155728 	0.914052 	-7.3429e-20 	0
0.156028 	0.914334 	-7.7091e-20 	0
0.156328 	0.914616 	-8.07531e-20 	0
0.156628 	0.914897 	-8.44149e-20 	0
0.156928 	0.915176 	-8.80764e-20 	0
0.157229 	0.915456 	-9.17379e-20 	0
0.157529 	0.915736 	-9.53986e-20 	0
0.157829 	0.916014 	-9.90519e-20 	0
0.158129 	0.916292 	-1.02705e-19 	0
0.158429 	0.91657 	-1.06358e-19 	0
0.158729 	0.916847 	-1.1e-19 	0
0.15903 	0.917123 	-1.13637e-19 	0
0.15933 	0.917399 	-1.17275e-19 	0
0.15963 	0.917675 	-1.20903e-19 	0
0.15993 	0.917949 	-1.24518e-19 	0
0.16023 	0.918223 	-1.28133e-19 	0
0.16053 	0.918497 	-1.31746e-19 	0
0.16083 	0.91877 	-1.35335e-19 	0
0.161131 	0.919043 	-1.38924e-19 	0
0.161431 	0.919315 	-1.42513e-19 	0
0.161731 	0.919586 	-1.46081e-19 	0
0.162031 	0.919857 	-1.49643e-19 	0
0.162331 	0.920128 	-1.53205e-19 	0
0.162631 	0.920398 	-1.56755e-19 	0
0.162931 	0.920667 	-1.60291e-19 	0
0.163232 	0.920936 	-1.63826e-19 	0
0.163532 	0.921205 	-1.6736e-19 	0
0.163832 	0.921472 	-1.70873e-19 	0
0.164132 	0.92174 	-1.74387e-19 	0
0.164432 	0.922007 	-1.77901e-19 	0
0.164732 	0.922273 	-1.81402e-19 	0
0.165033 	0.922538 	-1.84899e-19 	0
0.165333 	0.922804 	-1.88397e-19 	0
0.165633 	0.923069 	-1.91944e-19 	0
0.165933 	0.923333 	-1.95553e-19 	0
0.166233 	0.923596 	-1.99161e-19 	0
0.166533 	0.92386 	-2.02593e-19 	0
0.166833 	0.924122 	-2.0461e-19 	0
0.167134 	0.924384 	-2.06626e-19 	0
0.167434 	0.924646 	-2.08643e-19 	0
0.167734 	0.924907 	-2.08012e-19 	0
0.168034 	0.925168 	-2.0663e-19 	0
0.168334 	0.925428 	-2.05248e-19 	0
0.168634 	0.925688 	-2.03007e-19 	0
0.168934 	0.925947 	-1.99703e-19 	0
0.169235 	0.926206 	-1.964e-19 	0
0.169535 	0.926465 	-1.93704e-19 	0
0.169835 	0.926722 	-1.95646e-19 	0
0.170135 	0.926979 	-1.97589e-19 	0
0.170435 	0.927236 	-1.99531e-19 	0
0.170735 	0.927493 	-2.0649e-19 	0
0.171036 	0.927748 	-2.14829e-19 	0
0.171336 	0.928004 	-2.23169e-19 	0
0.171636 	0.928259 	-2.31596e-19 	0
0.171936 	0.928513 	-2.40129e-19 	0
0.172236 	0.928767 	-2.48662e-19 	0
0.172536 	0.929021 	-2.56224e-19 	0
0.172836 	0.929273 	-2.56721e-19 	0
0.173137 	0.929525 	-2.57219e-19 	0
0.173437 	0.929778 	-2.57716e-19 	0
0.173737 	0.930029 	-2.52842e-19 	0
0.174037 	0.93028 	-2.46532e-19 	0
0.174337 	0.930531 	-2.40223e-19 	0
0.174637 	0.930781 	-2.34995e-19 	0
0.174937 	0.931031 	-2.3105e-19 	0
0.175238 	0.93128 	-2.27105e-19 	0
0.175538 	0.931529 	-2.23391e-19 	0
0.175838 	0.931777 	-2.21288e-19 	0
0.176138 	0.932025 	-2.19184e-19 	0
0.176438 	0.932273 	-2.1708e-19 	0
0.176738 	0.932519 	-2.14991e-19 	0
0.177039 	0.932766 	-2.12906e-19 	0
0.177339 	0.933012 	-2.10822e-19 	0
0.177639 	0.933257 	-2.08823e-19 	0
0.177939 	0.933502 	-2.06923e-19 	0
0.178239 	0.933747 	-2.05024e-19 	0
0.178539 	0.933992 	-2.03146e-19 	0
0.178839 	0.934235 	-2.01409e-19 	0
0.17914 	0.934479 	-1.99673e-19 	0
0.17944 	0.934722 	-1.97937e-19 	0
0.17974 	0.934964 	-1.9634e-19 	0
0.18004 	0.935206 	-1.94778e-19 	0
0.18034 	0.935448 	-1.93216e-19 	0
0.18064 	0.935689 	-1.91739e-19 	0
0.18094 	0.93593 	-1.90359e-19 	0
0.181241 	0.93617 	-1.88979e-19 	0
0.181541 	0.93641 	-1.87625e-19 	0
0.181841 	0.936649 	-1.86431e-19 	0
0.182141 	0.936888 	-1.85237e-19 	0
0.182441 	0.937127 	-1.84043e-19 	0
0.182741 	0.937365 	-1.82998e-19 	0
0.183042 	0.937602 	-1.81991e-19 	0
0.183342 	0.93784 	-1.80983e-19 	0
0.183642 	0.938077 	-1.80061e-19 	0
0.183942 	0.938313 	-1.79236e-19 	0
0.184242 	0.938549 	-1.78411e-19 	0
0.184542 	0.938785 	-1.77611e-19 	0
0.184842 	0.93902 	-1.76962e-19 	0
0.185143 	0.939254 	-1.76313e-19 	0
0.185443 	0.939489 	-1.75664e-19 	0
0.185743 	0.939723 	-1.75148e-19 	0
0.186043 	0.939956 	-1.74665e-19 	0
0.186343 	0.94019 	-1.74181e-19 	0
0.186643 	0.940423 	-1.73769e-19 	0
0.186943 	0.940655 	-1.73437e-19 	0
0.187244 	0.940887 	-1.73105e-19 	0
0.187544 	0.941119 	-1.72798e-19 	0
0.187844 	0.941349 	-1.72637e-19 	0
0.188144 	0.94158 	-1.72476e-19 	0
0.188444 	0.94181 	-1.72315e-19 	0
0.188744 	0.94204 	-1.7228e-19 	0
0.189045 	0.942269 	-1.72274e-19 	0
0.189345 	0.942498 	-1.72268e-19 	0
0.189645 	0.942727 	-1.7233e-19 	0
0.189945 	0.942955 	-1.72464e-19 	0
0.190245 	0.943183 	-1.72598e-19 	0
0.190545 	0.94341 	-1.72751e-19 	0
0.190845 	0.943637 	-1.7301e-19 	0
0.191146 	0.943864 	-1.73269e-19 	0
0.191446 	0.944091 	-1.73528e-19 	0
0.191746 	0.944316 	-1.73876e-19 	0
0.192046 	0.944542 	-1.74243e-19 	0
0.192346 	0.944767 	-1.74611e-19 	0
0.192646 	0.944991 	-1.75024e-19 	0
0.192946 	0.945216 	-1.75485e-19 	0
0.193247 	0.94544 	-1.75946e-19 	0
0.193547 	0.945664 	-1.76419e-19 	0
0.193847 	0.945886 	-1.76955e-19 	0
0.194147 	0.946109 	-1.77491e-19 	0
0.194447 	0.946332 	-1.78028e-19 	0
0.194747 	0.946554 	-1.78608e-19 	0
0.195048 	0.946775 	-1.79198e-19 	0
0.195348 	0.946997 	-1.79788e-19 	0
0.195648 	0.947217 	-1.8039e-19 	0
0.195948 	0.947437 	-1.81007e-19 	0
0.196248 	0.947657 	-1.81623e-19 	0
0.196548 	0.947877 	-1.82237e-19 	0
0.196848 	0.948096 	-1.82842e-19 	0
0.197149 	0.948315 	-1.83448e-19 	0
0.197449 	0.948535 	-1.84053e-19 	0
0.197749 	0.948752 	-1.84575e-19 	0
0.198049 	0.94897 	-1.85079e-19 	0
0.198349 	0.949188 	-1.85584e-19 	0
0.198649 	0.949405 	-1.86071e-19 	0
0.198949 	0.949622 	-1.86538e-19 	0
0.19925 	0.949838 	-1.87006e-19 	0
0.19955 	0.950055 	-1.87171e-19 	0
0.19985 	0.95027 	-1.85814e-19 	0
0.20015 	0.950485 	-1.84456e-19 	0
0.20045 	0.9507 	-1.83099e-19 	0
0.20075 	0.950915 	-1.78317e-19 	0
0.201051 	0.951129 	-1.72854e-19 	0
0.201351 	0.951343 	-1.67392e-19 	0
0.201651 	0.951556 	-1.62701e-19 	0
0.201951 	0.951769 	-1.58774e-19 	0
0.202251 	0.951982 	-1.54847e-19 	0
0.202551 	0.952194 	-1.52951e-19 	0
0.202851 	0.952406 	-1.60915e-19 	0
0.203152 	0.952618 	-1.68878e-19 	0
0.203452 	0.95283 	-1.76841e-19 	0
0.203752 	0.953041 	-1.84913e-19 	0
0.204052 	0.953251 	-1.93006e-19 	0
0.204352 	0.953461 	-2.01098e-19 	0
0.204652 	0.953671 	-2.03353e-19 	0
0.204952 	0.95388 	-1.99941e-19 	0
0.205253 	0.95409 	-1.96529e-19 	0
0.205553 	0.954299 	-1.92617e-19 	0
0.205853 	0.954507 	-1.86359e-19 	0
0.206153 	0.954715 	-1.80102e-19 	0
0.206453 	0.954924 	-1.73844e-19 	0
0.206753 	0.955131 	-1.68397e-19 	0
0.207054 	0.955338 	-1.63099e-19 	0
0.207354 	0.955545 	-1.57801e-19 	0
0.207654 	0.955752 	-1.52774e-19 	0
0.207954 	0.955957 	-1.48007e-19 	0
0.208254 	0.956163 	-1.43239e-19 	0
0.208554 	0.956369 	-1.38553e-19 	0
0.208854 	0.956574 	-1.3424e-19 	0
0.209155 	0.956778 	-1.29926e-19 	0
0.209455 	0.956983 	-1.25613e-19 	0
0.209755 	0.957187 	-1.21617e-19 	0
0.210055 	0.95739 	-1.17678e-19 	0
0.210355 	0.957594 	-1.1374e-19 	0
0.210655 	0.957797 	-1.09966e-19 	0
0.210955 	0.957999 	-1.06348e-19 	0
0.211256 	0.958202 	-1.02729e-19 	0
0.211556 	0.958404 	-9.91571e-20 	0
0.211856 	0.958606 	-9.57869e-20 	0
0.212156 	0.958807 	-9.24168e-20 	0
0.212456 	0.959009 	-8.90466e-20 	0
0.212756 	0.959209 	-8.58647e-20 	0
0.213057 	0.95941 	-8.27151e-20 	0
0.213357 	0.95961 	-7.95654e-20 	0
0.213657 	0.95981 	-7.65191e-20 	0
0.213957 	0.960009 	-7.35673e-20 	0
0.214257 	0.960209 	-7.06156e-20 	0
0.214557 	0.960408 	-6.76978e-20 	0
0.214857 	0.960606 	-6.49244e-20 	0
0.215158 	0.960804 	-6.2151e-20 	0
0.215458 	0.961002 	-5.93776e-20 	0
0.215758 	0.961199 	-5.67396e-20 	0
0.216058 	0.961397 	-5.41238e-20 	0
0.216358 	0.961594 	-5.1508e-20 	0
0.216658 	0.96179 	-4.89817e-20 	0
0.216958 	0.961986 	-4.65358e-20 	0
0.217259 	0.962182 	-4.40898e-20 	0
0.217559 	0.962378 	-4.16732e-20 	0
0.217859 	0.962573 	-3.93772e-20 	0
0.218159 	0.962768 	-3.70812e-20 	0
0.218459 	0.962963 	-3.47853e-20 	0
0.218759 	0.963157 	-3.26014e-20 	0
0.21906 	0.963351 	-3.0435e-20 	0
0.21936 	0.963545 	-2.82687e-20 	0
0.21966 	0.963739 	-2.61608e-20 	0
0.21996 	0.963931 	-2.41042e-20 	0
0.22026 	0.964124 	-2.20476e-20 	0
0.22056 	0.964317 	-2.00092e-20 	0
0.22086 	0.964509 	-1.80433e-20 	0
0.221161 	0.964701 	-1.60773e-20 	0
0.221461 	0.964893 	-1.41114e-20 	0
0.221761 	0.965084 	-1.22092e-20 	0
0.222061 	0.965275 	-1.03165e-20 	0
0.222361 	0.965466 	-8.42381e-21 	0
0.222661 	0.965656 	-6.56062e-21 	0
0.222961 	0.965846 	-4.7228e-21 	0
0.223262 	0.966035 	-2.88498e-21 	0
0.223562 	0.966225 	-1.06155e-21 	0
0.223862 	0.966414 	7.0633e-22 	0
0.224162 	0.966602 	2.47421e-21 	0
0.224462 	0.966791 	4.24209e-21 	0
0.224762 	0.966979 	5.9631e-21 	0
0.225063 	0.967167 	7.67736e-21 	0
0.225363 	0.967355 	9.39163e-21 	0
0.225663 	0.967542 	1.10842e-20 	0
0.225963 	0.967729 	1.27584e-20 	0
0.226263 	0.967916 	1.44326e-20 	0
0.226563 	0.968103 	1.61007e-20 	0
0.226863 	0.968289 	1.7746e-20 	0
0.227164 	0.968475 	1.93913e-20 	0
0.227464 	0.968661 	2.10366e-20 	0
0.227764 	0.968846 	2.26642e-20 	0
0.228064 	0.96903 	2.42893e-20 	0
0.228364 	0.969215 	2.59144e-20 	0
0.228664 	0.9694 	2.75322e-20 	0
0.228964 	0.969584 	2.91439e-20 	0
0.229265 	0.969768 	3.07556e-20 	0
0.229565 	0.969952 	3.23654e-20 	0
0.229865 	0.970135 	3.39685e-20 	0
0.230165 	0.970318 	3.55717e-20 	0
0.230465 	0.970501 	3.71748e-20 	0
0.230765 	0.970683 	3.87733e-20 	0
0.231066 	0.970865 	4.03712e-20 	0
0.231366 	0.971047 	4.1969e-20 	0
0.231666 	0.971228 	4.35651e-20 	0
0.231966 	0.971409 	4.51596e-20 	0
0.232266 	0.971591 	4.67542e-20 	0
0.232566 	0.971772 	4.83482e-20 	0
0.232866 	0.971952 	4.99402e-20 	0
0.233167 	0.972132 	5.15322e-20 	0
0.233467 	0.972312 	5.31242e-20 	0
0.233767 	0.972491 	5.47138e-20 	0
0.234067 	0.972671 	5.63031e-20 	0
0.234367 	0.97285 	5.78924e-20 	0
0.234667 	0.973028 	5.94798e-20 	0
0.234967 	0.973207 	6.10656e-20 	0
0.235268 	0.973385 	6.26514e-20 	0
0.235568 	0.973563 	6.42361e-20 	0
0.235868 	0.97374 	6.58171e-20 	0
0.236168 	0.973918 	6.73981e-20 	0
0.236468 	0.974095 	6.89791e-20 	0
0.236768 	0.974272 	7.05542e-20 	0
0.237069 	0.974448 	7.21286e-20 	0
0.237369 	0.974625 	7.3703e-20 	0
0.237669 	0.974801 	7.52727e-20 	0
0.237969 	0.974976 	7.68386e-20 	0
0.238269 	0.975152 	7.84046e-20 	0
0.238569 	0.975327 	7.99682e-20 	0
0.238869 	0.975502 	8.15237e-20 	0
0.23917 	0.975677 	8.30792e-20 	0
0.23947 	0.975851 	8.46347e-20 	0
0.23977 	0.976025 	8.61789e-20 	0
0.24007 	0.976198 	8.77219e-20 	0
0.24037 	0.976372 	8.92649e-20 	0
0.24067 	0.976545 	9.07998e-20 	0
0.24097 	0.976718 	9.23284e-20 	0
0.241271 	0.976891 	9.3857e-20 	0
0.241571 	0.977064 	9.53818e-20 	0
0.241871 	0.977236 	9.68942e-20 	0
0.242171 	0.977408 	9.84066e-20 	0
0.242471 	0.97758 	9.99191e-20 	0
0.242771 	0.977751 	1.01415e-19 	0
0.243072 	0.977922 	1.0291e-19 	0
0.243372 	0.978093 	1.04404e-19 	0
0.243672 	0.978263 	1.05888e-19 	0
0.243972 	0.978434 	1.07363e-19 	0
0.244272 	0.978604 	1.08839e-19 	0
0.244572 	0.978774 	1.10309e-19 	0
0.244872 	0.978943 	1.11764e-19 	0
0.245173 	0.979113 	1.13219e-19 	0
0.245473 	0.979283 	1.14674e-19 	0
0.245773 	0.979451 	1.1611e-19 	0
0.246073 	0.979619 	1.17543e-19 	0
0.246373 	0.979788 	1.18977e-19 	0
0.246673 	0.979956 	1.20398e-19 	0
0.246973 	0.980124 	1.21809e-19 	0
0.247274 	0.980291 	1.23221e-19 	0
0.247574 	0.980459 	1.24626e-19 	0
0.247874 	0.980626 	1.26015e-19 	0
0.248174 	0.980792 	1.27404e-19 	0
0.248474 	0.980959 	1.28793e-19 	0
0.248774 	0.981125 	1.3016e-19 	0
0.249075 	0.981291 	1.31526e-19 	0
0.249375 	0.981457 	1.32892e-19 	0
0.249675 	0.981622 	1.34244e-19 	0
0.249975 	0.981787 	1.35587e-19 	0
0.250275 	0.981952 	1.36929e-19 	0
0.250575 	0.982117 	1.38266e-19 	0
0.250875 	0.982281 	1.39586e-19 	0
0.251176 	0.982446 	1.40906e-19 	0
0.251476 	0.98261 	1.42225e-19 	0
0.251776 	0.982773 	1.43524e-19 	0
0.252076 	0.982937 	1.4482e-19 	0
0.252376 	0.983101 	1.46116e-19 	0
0.252676 	0.983264 	1.474e-19 	0
0.252976 	0.983426 	1.48674e-19 	0
0.253277 	0.983589 	1.49948e-19 	0
0.253577 	0.983751 	1.51216e-19 	0
0.253877 	0.983913 	1.52468e-19 	0
0.254177 	0.984075 	1.53719e-19 	0
0.254477 	0.984237 	1.54971e-19 	0
0.254777 	0.984398 	1.56203e-19 	0
0.255078 	0.984559 	1.57433e-19 	0
0.255378 	0.984719 	1.58663e-19 	0
0.255678 	0.98488 	1.59881e-19 	0
0.255978 	0.98504 	1.6109e-19 	0
0.256278 	0.985201 	1.62299e-19 	0
0.256578 	0.985361 	1.63503e-19 	0
0.256878 	0.98552 	1.64692e-19 	0
0.257179 	0.985679 	1.6588e-19 	0
0.257479 	0.985839 	1.67069e-19 	0
0.257779 	0.985997 	1.68239e-19 	0
0.258079 	0.986156 	1.69408e-19 	0
0.258379 	0.986314 	1.70577e-19 	0
0.258679 	0.986472 	1.71735e-19 	0
0.258979 	0.98663 	1.72885e-19 	0
0.25928 	0.986788 	1.74035e-19 	0
0.25958 	0.986946 	1.7518e-19 	0
0.25988 	0.987103 	1.76312e-19 	0
0.26018 	0.98726 	1.77444e-19 	0
0.26048 	0.987417 	1.78576e-19 	0
0.26078 	0.987573 	1.79692e-19 	0
0.261081 	0.987729 	1.80807e-19 	0
0.261381 	0.987886 	1.81922e-19 	0
0.261681 	0.988042 	1.83027e-19 	0
0.261981 	0.988197 	1.84125e-19 	0
0.262281 	0.988353 	1.85223e-19 	0
0.262581 	0.988508 	1.86317e-19 	0
0.262881 	0.988662 	1.874e-19 	0
0.263182 	0.988817 	1.88482e-19 	0
0.263482 	0.988972 	1.89565e-19 	0
0.263782 	0.989126 	1.90634e-19 	0
0.264082 	0.98928 	1.91702e-19 	0
0.264382 	0.989434 	1.9277e-19 	0
0.264682 	0.989587 	1.93829e-19 	0
0.264982 	0.98974 	1.94883e-19 	0
0.265283 	0.989893 	1.95936e-19 	0
0.265583 	0.990046 	1.96986e-19 	0
0.265883 	0.990199 	1.98027e-19 	0
0.266183 	0.990351 	1.99067e-19 	0
0.266483 	0.990503 	2.00108e-19 	0
0.266783 	0.990655 	2.01137e-19 	0
0.267084 	0.990807 	2.02165e-19 	0
0.267384 	0.990958 	2.03193e-19 	0
0.267684 	0.991109 	2.04214e-19 	0
0.267984 	0.99126 	2.0523e-19 	0
0.268284 	0.991411 	2.06247e-19 	0
0.268584 	0.991562 	2.0726e-19 	0
0.268884 	0.991712 	2.08265e-19 	0
0.269185 	0.991862 	2.09271e-19 	0
0.269485 	0.992012 	2.10276e-19 	0
0.269785 	0.992162 	2.11272e-19 	0
0.270085 	0.992311 	2.12267e-19 	0
0.270385 	0.992461 	2.13262e-19 	0
0.270685 	0.99261 	2.14251e-19 	0
0.270985 	0.992758 	2.15237e-19 	0
0.271286 	0.992907 	2.16222e-19 	0
0.271586 	0.993055 	2.17205e-19 	0
0.271886 	0.993203 	2.18182e-19 	0
0.272186 	0.993351 	2.19159e-19 	0
0.272486 	0.993499 	2.20135e-19 	0
0.272786 	0.993646 	2.21104e-19 	0
0.273087 	0.993793 	2.22072e-19 	0
0.273387 	0.99394 	2.2304e-19 	0
0.273687 	0.994087 	2.24004e-19 	0
0.273987 	0.994234 	2.24965e-19 	0
0.274287 	0.99438 	2.25926e-19 	0
0.274587 	0.994526 	2.26884e-19 	0
0.274887 	0.994672 	2.27838e-19 	0
0.275188 	0.994818 	2.28791e-19 	0
0.275488 	0.994964 	2.29745e-19 	0
0.275788 	0.995109 	2.30692e-19 	0
0.276088 	0.995254 	2.31639e-19 	0
0.276388 	0.995399 	2.32586e-19 	0
0.276688 	0.995544 	2.33529e-19 	0
0.276988 	0.995688 	2.3447e-19 	0
0.277289 	0.995832 	2.35411e-19 	0
0.277589 	0.995976 	2.36351e-19 	0
0.277889 	0.99612 	2.37286e-19 	0
0.278189 	0.996263 	2.38221e-19 	0
0.278489 	0.996407 	2.39156e-19 	0
0.278789 	0.99655 	2.40087e-19 	0
0.27909 	0.996693 	2.41018e-19 	0
0.27939 	0.996835 	2.41948e-19 	0
0.27969 	0.996978 	2.42875e-19 	0
0.27999 	0.99712 	2.43801e-19 	0
0.28029 	0.997263 	2.44727e-19 	0
0.28059 	0.997405 	2.45651e-19 	0
0.28089 	0.997546 	2.46573e-19 	0
0.281191 	0.997687 	2.47495e-19 	0
0.281491 	0.997829 	2.48417e-19 	0
0.281791 	0.997969 	2.49335e-19 	0
0.282091 	0.99811 	2.50252e-19 	0
0.282391 	0.998251 	2.5117e-19 	0
0.282691 	0.998391 	2.52086e-19 	0
0.282991 	0.998532 	2.53e-19 	0
0.283292 	0.998672 	2.53914e-19 	0
0.283592 	0.998812 	2.54828e-19 	0
0.283892 	0.998951 	2.55739e-19 	0
0.284192 	0.999091 	2.56651e-19 	0
0.284492 	0.99923 	2.57562e-19 	0
0.284792 	0.999369 	2.58471e-19 	0
0.285093 	0.999508 	2.5938e-19 	0
0.285393 	0.999646 	2.60288e-19 	0
0.285693 	0.999785 	2.61195e-19 	0
0.285993 	0.999925 	2.62102e-19 	0
0.286293 	1.00006 	2.63008e-19 	0
0.286593 	1.0002 	2.63914e-19 	0
0.286893 	1.00034 	2.64818e-19 	0
0.287194 	1.00047 	2.65723e-19 	0
0.287494 	1.00061 	2.66627e-19 	0
0.287794 	1.00075 	2.6753e-19 	0
0.288094 	1.00088 	2.68432e-19 	0
0.288394 	1.00102 	2.69335e-19 	0
0.288694 	1.00116 	2.70236e-19 	0
0.288994 	1.00129 	2.71137e-19 	0
0.289295 	1.00143 	2.72038e-19 	0
0.289595 	1.00156 	2.72938e-19 	0
0.289895 	1.0017 	2.73838e-19 	0
0.290195 	1.00183 	2.74738e-19 	0
0.290495 	1.00197 	2.75638e-19 	0
0.290795 	1.0021 	2.76536e-19 	0
0.291096 	1.00224 	2.77435e-19 	0
0.291396 	1.00237 	2.78334e-19 	0
0.291696 	1.00251 	2.79232e-19 	0
0.291996 	1.00264 	2.8013e-19 	0
0.292296 	1.00278 	2.81027e-19 	0
0.292596 	1.00291 	2.81925e-19 	0
0.292896 	1.00304 	2.82822e-19 	0
0.293197 	1.00318 	2.83718e-19 	0
0.293497 	1.00331 	2.84615e-19 	0
0.293797 	1.00344 	2.85512e-19 	0
0.294097 	1.00358 	2.86408e-19 	0
0.294397 	1.00371 	2.87305e-19 	0
0.294697 	1.00385 	2.88201e-19 	0
0.294997 	1.00398 	2.89098e-19 	0
0.295298 	1.00411 	2.89994e-19 	0
0.295598 	1.00424 	2.9089e-19 	0
0.295898 	1.00437 	2.91786e-19 	0
0.296198 	1.0045 	2.92683e-19 	0
0.296498 	1.00463 	2.93579e-19 	0
0.296798 	1.00476 	2.94475e-19 	0
0.297099 	1.00489 	2.95371e-19 	0
0.297399 	1.00503 	2.96267e-19 	0
0.297699 	1.00516 	2.97163e-19 	0
0.297999 	1.00528 	2.98059e-19 	0
0.298299 	1.00541 	2.98954e-19 	0
0.298599 	1.00554 	2.99851e-19 	0
0.298899 	1.00568 	3.00747e-19 	0
0.2992 	1.00581 	3.01643e-19 	0
0.2995 	1.00594 	3.02539e-19 	0
0.2998 	1.00607 	3.03436e-19 	0
0.3001 	1.0062 	3.04332e-19 	0
0.3004 	1.00633 	3.05229e-19 	0
0.3007 	1.00645 	3.06126e-19 	0
0.301001 	1.00658 	3.07022e-19 	0
0.301301 	1.00671 	3.07919e-19 	0
0.301601 	1.00683 	3.08816e-19 	0
0.301901 	1.00696 	3.09714e-19 	0
0.302201 	1.00709 	3.10611e-19 	0
0.302501 	1.00722 	3.11509e-19 	0
0.302801 	1.00735 	3.12406e-19 	0
0.303102 	1.00747 	3.13304e-19 	0
0.303402 	1.0076 	3.14202e-19 	0
0.303702 	1.00772 	3.151e-19 	0
0.304002 	1.00785 	3.15998e-19 	0
0.304302 	1.00798 	3.16897e-19 	0
0.304602 	1.0081 	3.17795e-19 	0
0.304902 	1.00823 	3.18694e-19 	0
0.305203 	1.00836 	3.19593e-19 	0
0.305503 	1.00848 	3.20492e-19 	0
0.305803 	1.00861 	3.21392e-19 	0
0.306103 	1.00873 	3.22291e-19 	0
0.306403 	1.00886 	3.23191e-19 	0
0.306703 	1.00898 	3.24091e-19 	0
0.307004 	1.00911 	3.24991e-19 	0
0.307304 	1.00923 	3.25891e-19 	0
0.307604 	1.00935 	3.26792e-19 	0
0.307904 	1.00948 	3.27693e-19 	0
0.308204 	1.00961 	3.28594e-19 	0
0.308504 	1.00973 	3.29495e-19 	0
0.308804 	1.00985 	3.30396e-19 	0
0.309105 	1.00998 	3.31298e-19 	0
0.309405 	1.0101 	3.322e-19 	0
0.309705 	1.01022 	3.33102e-19 	0
0.310005 	1.01035 	3.34004e-19 	0
0.310305 	1.01047 	3.34906e-19 	0
0.310605 	1.01059 	3.35809e-19 	0
0.310905 	1.01071 	3.36712e-19 	0
0.311206 	1.01083 	3.37615e-19 	0
0.311506 	1.01095 	3.38518e-19 	0
0.311806 	1.01108 	3.39422e-19 	0
0.312106 	1.0112 	3.40326e-19 	0
0.312406 	1.01132 	3.4123e-19 	0
0.312706 	1.01144 	3.42134e-19 	0
0.313007 	1.01156 	3.43038e-19 	0
0.313307 	1.01168 	3.43942e-19 	0
0.313607 	1.0118 	3.44847e-19 	0
0.313907 	1.01192 	3.45752e-19 	0
0.314207 	1.01204 	3.46658e-19 	0
0.314507 	1.01216 	3.47563e-19 	0
0.314807 	1.01228 	3.48469e-19 	0
0.315108 	1.0124 	3.49375e-19 	0
0.315408 	1.01252 	3.5028e-19 	0
0.315708 	1.01264 	3.51187e-19 	0
0.316008 	1.01276 	3.52094e-19 	0
0.316308 	1.01288 	3.53e-19 	0
0.316608 	1.013 	3.53907e-19 	0
0.316908 	1.01312 	3.54815e-19 	0
0.317209 	1.01324 	3.55722e-19 	0
0.317509 	1.01335 	3.56629e-19 	0
0.317809 	1.01347 	3.57537e-19 	0
0.318109 	1.01359 	3.58445e-19 	0
0.318409 	1.01371 	3.59352e-19 	0
0.318709 	1.01383 	3.60261e-19 	0
0.31901 	1.01395 	3.61169e-19 	0
0.31931 	1.01407 	3.62078e-19 	0
0.31961 	1.01418 	3.62987e-19 	0
0.31991 	1.0143 	3.63896e-19 	0
0.32021 	1.01442 	3.64805e-19 	0
0.32051 	1.01453 	3.65714e-19 	0
0.32081 	1.01465 	3.66624e-19 	0
0.321111 	1.01477 	3.67534e-19 	0
0.321411 	1.01489 	3.68443e-19 	0
0.321711 	1.015 	3.69353e-19 	0
0.322011 	1.01511 	3.70263e-19 	0
0.322311 	1.01523 	3.71173e-19 	0
0.322611 	1.01534 	3.72084e-19 	0
0.322911 	1.01546 	3.72994e-19 	0
0.323212 	1.01558 	3.73905e-19 	0
0.323512 	1.01569 	3.74816e-19 	0
0.323812 	1.01581 	3.75727e-19 	0
0.324112 	1.01592 	3.76638e-19 	0
0.324412 	1.01604 	3.77549e-19 	0
0.324712 	1.01615 	3.7846e-19 	0
0.325013 	1.01626 	3.79371e-19 	0
0.325313 	1.01638 	3.80283e-19 	0
0.325613 	1.01649 	3.81195e-19 	0
0.325913 	1.01661 	3.82107e-19 	0
0.326213 	1.01672 	3.83018e-19 	0
0.326513 	1.01683 	3.8393e-19 	0
0.326813 	1.01695 	3.84842e-19 	0
0.327114 	1.01706 	3.85755e-19 	0
0.327414 	1.01717 	3.86667e-19 	0
0.327714 	1.01728 	3.87579e-19 	0
0.328014 	1.0174 	3.88492e-19 	0
0.328314 	1.01751 	3.89404e-19 	0
0.328614 	1.01762 	3.90317e-19 	0
0.328914 	1.01773 	3.91229e-19 	0
0.329215 	1.01784 	3.92142e-19 	0
0.329515 	1.01796 	3.93055e-19 	0
0.329815 	1.01807 	3.93968e-19 	0
0.330115 	1.01818 	3.9488e-19 	0
0.330415 	1.01829 	3.95793e-19 	0
0.330715 	1.0184 	3.96706e-19 	0
0.331016 	1.01851 	3.97619e-19 	0
0.331316 	1.01862 	3.98532e-19 	0
0.331616 	1.01873 	3.99445e-19 	0
0.331916 	1.01884 	4.00358e-19 	0
0.332216 	1.01895 	4.01271e-19 	0
0.332516 	1.01907 	4.02184e-19 	0
0.332816 	1.01917 	4.03098e-19 	0
0.333117 	1.01928 	4.04011e-19 	0
0.333417 	1.01939 	4.04925e-19 	0
0.333717 	1.0195 	4.05838e-19 	0
0.334017 	1.01961 	4.06751e-19 	0
0.334317 	1.01971 	4.07664e-19 	0
0.334617 	1.01982 	4.08577e-19 	0
0.334917 	1.01993 	4.0949e-19 	0
0.335218 	1.02005 	4.10404e-19 	0
0.335518 	1.02016 	4.11317e-19 	0
0.335818 	1.02026 	4.1223e-19 	0
0.336118 	1.02037 	4.13143e-19 	0
0.336418 	1.02048 	4.14056e-19 	0
0.336718 	1.02059 	4.14969e-19 	0
0.337019 	1.02069 	4.15882e-19 	0
0.337319 	1.0208 	4.16795e-19 	0
0.337619 	1.0209 	4.17708e-19 	0
0.337919 	1.02101 	4.18621e-19 	0
0.338219 	1.02112 	4.19534e-19 	0
0.338519 	1.02123 	4.20447e-19 	0
0.338819 	1.02133 	4.21359e-19 	0
0.33912 	1.02144 	4.22272e-19 	0
0.33942 	1.02154 	4.23185e-19 	0
0.33972 	1.02165 	4.24097e-19 	0
0.34002 	1.02176 	4.2501e-19 	0
0.34032 	1.02187 	4.25922e-19 	0
0.34062 	1.02197 	4.26835e-19 	0
0.34092 	1.02208 	4.27747e-19 	0
0.341221 	1.02218 	4.28659e-19 	0
0.341521 	1.02229 	4.29571e-19 	0
0.341821 	1.02239 	4.30483e-19 	0
0.342121 	1.0225 	4.31394e-19 	0
0.342421 	1.0226 	4.32306e-19 	0
0.342721 	1.02271 	4.33217e-19 	0
0.343022 	1.02281 	4.34129e-19 	0
0.343322 	1.02291 	4.3504e-19 	0
0.343622 	1.02301 	4.35952e-19 	0
0.343922 	1.02312 	4.36863e-19 	0
0.344222 	1.02322 	4.37774e-19 	0
0.344522 	1.02333 	4.38685e-19 	0
0.344822 	1.02343 	4.39595e-19 	0
0.345123 	1.02353 	4.40505e-19 	0
0.345423 	1.02363 	4.41416e-19 	0
0.345723 	1.02374 	4.42326e-19 	0
0.346023 	1.02384 	4.43236e-19 	0
0.346323 	1.02395 	4.44146e-19 	0
0.346623 	1.02405 	4.45056e-19 	0
0.346923 	1.02415 	4.45965e-19 	0
0.347224 	1.02426 	4.46875e-19 	0
0.347524 	1.02436 	4.47784e-19 	0
0.347824 	1.02446 	4.48693e-19 	0
0.348124 	1.02456 	4.49602e-19 	0
0.348424 	1.02466 	4.50511e-19 	0
0.348724 	1.02476 	4.51419e-19 	0
0.349025 	1.02486 	4.52327e-19 	0
0.349325 	1.02496 	4.53235e-19 	0
0.349625 	1.02506 	4.54143e-19 	0
0.349925 	1.02516 	4.55051e-19 	0
0.350225 	1.02527 	4.55959e-19 	0
0.350525 	1.02537 	4.56866e-19 	0
0.350825 	1.02547 	4.57773e-19 	0
0.351126 	1.02557 	4.5868e-19 	0
0.351426 	1.02567 	4.59587e-19 	0
0.351726 	1.02576 	4.60493e-19 	0
0.352026 	1.02586 	4.61399e-19 	0
0.352326 	1.02596 	4.62305e-19 	0
0.352626 	1.02606 	4.63211e-19 	0
0.352926 	1.02616 	4.64116e-19 	0
0.353227 	1.02626 	4.65021e-19 	0
0.353527 	1.02636 	4.65927e-19 	0
0.353827 	1.02646 	4.66831e-19 	0
0.354127 	1.02656 	4.67735e-19 	0
0.354427 	1.02666 	4.6864e-19 	0
0.354727 	1.02676 	4.69544e-19 	0
0.355028 	1.02685 	4.70447e-19 	0
0.355328 	1.02695 	4.71351e-19 	0
0.355628 	1.02705 	4.72254e-19 	0
0.355928 	1.02715 	4.73157e-19 	0
0.356228 	1.02724 	4.74059e-19 	0
0.356528 	1.02734 	4.74962e-19 	0
0.356828 	1.02744 	4.75864e-19 	0
0.357129 	1.02754 	4.76766e-19 	0
0.357429 	1.02764 	4.77668e-19 	0
0.357729 	1.02773 	4.78569e-19 	0
0.358029 	1.02783 	4.7947e-19 	0
0.358329 	1.02793 	4.8037e-19 	0
0.358629 	1.02802 	4.81271e-19 	0
0.358929 	1.02812 	4.8217e-19 	0
0.35923 	1.02821 	4.8307e-19 	0
0.35953 	1.02831 	4.83969e-19 	0
0.35983 	1.02841 	4.84868e-19 	0
0.36013 	1.0285 	4.85766e-19 	0
0.36043 	1.0286 	4.86665e-19 	0
0.36073 	1.02869 	4.87563e-19 	0
0.361031 	1.02879 	4.88461e-19 	0
0.361331 	1.02889 	4.89359e-19 	0
0.361631 	1.02898 	4.90256e-19 	0
0.361931 	1.02907 	4.91152e-19 	0
0.362231 	1.02917 	4.92049e-19 	0
0.362531 	1.02926 	4.92945e-19 	0
0.362831 	1.02936 	4.93841e-19 	0
0.363132 	1.02945 	4.94736e-19 	0
0.363432 	1.02955 	4.95631e-19 	0
0.363732 	1.02964 	4.96526e-19 	0
0.364032 	1.02973 	4.9742e-19 	0
0.364332 	1.02983 	4.98314e-19 	0
0.364632 	1.02992 	4.99208e-19 	0
0.364932 	1.03001 	5.001e-19 	0
0.365233 	1.03011 	5.00993e-19 	0
0.365533 	1.0302 	5.01885e-19 	0
0.365833 	1.03029 	5.02777e-19 	0
0.366133 	1.03039 	5.03669e-19 	0
0.366433 	1.03048 	5.04561e-19 	0
0.366733 	1.03057 	5.05451e-19 	0
0.367034 	1.03066 	5.06342e-19 	0
0.367334 	1.03075 	5.07232e-19 	0
0.367634 	1.03084 	5.08122e-19 	0
0.367934 	1.03093 	5.09011e-19 	0
0.368234 	1.03103 	5.099e-19 	0
0.368534 	1.03112 	5.10789e-19 	0
0.368834 	1.03121 	5.11677e-19 	0
0.369135 	1.0313 	5.12564e-19 	0
0.369435 	1.03139 	5.13452e-19 	0
0.369735 	1.03148 	5.14339e-19 	0
0.370035 	1.03158 	5.15225e-19 	0
0.370335 	1.03167 	5.16111e-19 	0
0.370635 	1.03176 	5.16997e-19 	0
0.370935 	1.03185 	5.17882e-19 	0
0.371236 	1.03194 	5.18767e-19 	0
0.371536 	1.03203 	5.19652e-19 	0
0.371836 	1.03212 	5.20536e-19 	0
0.372136 	1.03221 	5.21419e-19 	0
0.372436 	1.0323 	5.22302e-19 	0
0.372736 	1.03239 	5.23185e-19 	0
0.373037 	1.03248 	5.24067e-19 	0
0.373337 	1.03256 	5.24949e-19 	0
0.373637 	1.03265 	5.2583e-19 	0
0.373937 	1.03274 	5.26711e-19 	0
0.374237 	1.03283 	5.27592e-19 	0
0.374537 	1.03292 	5.28472e-19 	0
0.374837 	1.03301 	5.29351e-19 	0
0.375138 	1.0331 	5.3023e-19 	0
0.375438 	1.03319 	5.31109e-19 	0
0.375738 	1.03328 	5.31987e-19 	0
0.376038 	1.03337 	5.32864e-19 	0
0.376338 	1.03345 	5.33742e-19 	0
0.376638 	1.03354 	5.34619e-19 	0
0.376938 	1.03363 	5.35494e-19 	0
0.377239 	1.03371 	5.3637e-19 	0
0.377539 	1.0338 	5.37246e-19 	0
0.377839 	1.03389 	5.38121e-19 	0
0.378139 	1.03398 	5.38995e-19 	0
0.378439 	1.03406 	5.3987e-19 	0
0.378739 	1.03415 	5.40743e-19 	0
0.37904 	1.03424 	5.41615e-19 	0
0.37934 	1.03432 	5.42488e-19 	0
0.37964 	1.03441 	5.4336e-19 	0
0.37994 	1.0345 	5.44231e-19 	0
0.38024 	1.03458 	5.45103e-19 	0
0.38054 	1.03467 	5.45974e-19 	0
0.38084 	1.03476 	5.46843e-19 	0
0.381141 	1.03484 	5.47712e-19 	0
0.381441 	1.03492 	5.48581e-19 	0
0.381741 	1.03501 	5.4945e-19 	0
0.382041 	1.0351 	5.50318e-19 	0
0.382341 	1.03518 	5.51186e-19 	0
0.382641 	1.03527 	5.52053e-19 	0
0.382941 	1.03535 	5.52919e-19 	0
0.383242 	1.03544 	5.53785e-19 	0
0.383542 	1.03552 	5.5465e-19 	0
0.383842 	1.03561 	5.55515e-19 	0
0.384142 	1.03569 	5.56379e-19 	0
0.384442 	1.03577 	5.57244e-19 	0
0.384742 	1.03586 	5.58107e-19 	0
0.385043 	1.03594 	5.58969e-19 	0
0.385343 	1.03603 	5.59832e-19 	0
0.385643 	1.03611 	5.60694e-19 	0
0.385943 	1.03619 	5.61554e-19 	0
0.386243 	1.03628 	5.62415e-19 	0
0.386543 	1.03636 	5.63276e-19 	0
0.386843 	1.03644 	5.64135e-19 	0
0.387144 	1.03652 	5.64994e-19 	0
0.387444 	1.0366 	5.65853e-19 	0
0.387744 	1.03669 	5.6671e-19 	0
0.388044 	1.03677 	5.67568e-19 	0
0.388344 	1.03686 	5.68425e-19 	0
0.388644 	1.03694 	5.69281e-19 	0
0.388944 	1.03702 	5.70137e-19 	0
0.389245 	1.0371 	5.70992e-19 	0
0.389545 	1.03718 	5.71847e-19 	0
0.389845 	1.03726 	5.72701e-19 	0
0.390145 	1.03734 	5.73555e-19 	0
0.390445 	1.03743 	5.74408e-19 	0
0.390745 	1.03751 	5.7526e-19 	0
0.391046 	1.03759 	5.76112e-19 	0
0.391346 	1.03767 	5.76963e-19 	0
0.391646 	1.03775 	5.77814e-19 	0
0.391946 	1.03783 	5.78664e-19 	0
0.392246 	1.03791 	5.79514e-19 	0
0.392546 	1.03799 	5.80364e-19 	0
0.392846 	1.03807 	5.81212e-19 	0
0.393147 	1.03815 	5.8206e-19 	0
0.393447 	1.03824 	5.82907e-19 	0
0.393747 	1.03831 	5.83754e-19 	0
0.394047 	1.03839 	5.846e-19 	0
0.394347 	1.03847 	5.85446e-19 	0
0.394647 	1.03855 	5.86291e-19 	0
0.394947 	1.03863 	5.87135e-19 	0
0.395248 	1.03871 	5.87979e-19 	0
0.395548 	1.03879 	5.88823e-19 	0
0.395848 	1.03887 	5.89665e-19 	0
0.396148 	1.03895 	5.90507e-19 	0
0.396448 	1.03903 	5.9135e-19 	0
0.396748 	1.0391 	5.9219e-19 	0
0.397049 	1.03918 	5.9303e-19 	0
0.397349 	1.03926 	5.9387e-19 	0
0.397649 	1.03934 	5.9471e-19 	0
0.397949 	1.03942 	5.95548e-19 	0
0.398249 	1.03949 	5.96386e-19 	0
0.398549 	1.03957 	5.97223e-19 	0
0.398849 	1.03965 	5.98059e-19 	0
0.39915 	1.03973 	5.98896e-19 	0
0.39945 	1.03981 	5.99732e-19 	0
0.39975 	1.03988 	6.00567e-19 	0
0.40005 	1.03996 	6.01401e-19 	0
0.40035 	1.04004 	6.02235e-19 	0
0.40065 	1.04012 	6.03069e-19 	0
0.40095 	1.0402 	6.03901e-19 	0
0.401251 	1.04028 	6.04733e-19 	0
0.401551 	1.04035 	6.05564e-19 	0
0.401851 	1.04043 	6.06395e-19 	0
0.402151 	1.0405 	6.07225e-19 	0
0.402451 	1.04058 	6.08055e-19 	0
0.402751 	1.04065 	6.08884e-19 	0
0.403052 	1.04073 	6.09712e-19 	0
0.403352 	1.0408 	6.1054e-19 	0
0.403652 	1.04088 	6.11367e-19 	0
0.403952 	1.04095 	6.12193e-19 	0
0.404252 	1.04103 	6.13019e-19 	0
0.404552 	1.0411 	6.13845e-19 	0
0.404852 	1.04118 	6.14669e-19 	0
0.405153 	1.04125 	6.15493e-19 	0
0.405453 	1.04133 	6.16317e-19 	0
0.405753 	1.0414 	6.17139e-19 	0
0.406053 	1.04148 	6.17961e-19 	0
0.406353 	1.04155 	6.18783e-19 	0
0.406653 	1.04163 	6.19604e-19 	0
0.406953 	1.0417 	6.20423e-19 	0
0.407254 	1.04178 	6.21243e-19 	0
0.407554 	1.04185 	6.22063e-19 	0
0.407854 	1.04193 	6.2288e-19 	0
0.408154 	1.042 	6.23698e-19 	0
0.408454 	1.04208 	6.24516e-19 	0
0.408754 	1.04215 	6.25332e-19 	0
0.409055 	1.04222 	6.26148e-19 	0
0.409355 	1.0423 	6.26963e-19 	0
0.409655 	1.04237 	6.27778e-19 	0
0.409955 	1.04244 	6.28591e-19 	0
0.410255 	1.04251 	6.29404e-19 	0
0.410555 	1.04258 	6.30217e-19 	0
0.410855 	1.04266 	6.31029e-19 	0
0.411156 	1.04273 	6.3184e-19 	0
0.411456 	1.0428 	6.32651e-19 	0
0.411756 	1.04287 	6.33461e-19 	0
0.412056 	1.04294 	6.3427e-19 	0
0.412356 	1.04302 	6.35079e-19 	0
0.412656 	1.04309 	6.35887e-19 	0
0.412956 	1.04316 	6.36694e-19 	0
0.413257 	1.04323 	6.37502e-19 	0
0.413557 	1.0433 	6.38308e-19 	0
0.413857 	1.04338 	6.39113e-19 	0
0.414157 	1.04345 	6.39918e-19 	0
0.414457 	1.04352 	6.40722e-19 	0
0.414757 	1.04359 	6.41525e-19 	0
0.415058 	1.04366 	6.42328e-19 	0
0.415358 	1.04374 	6.4313e-19 	0
0.415658 	1.04381 	6.43932e-19 	0
0.415958 	1.04388 	6.44732e-19 	0
0.416258 	1.04394 	6.45533e-19 	0
0.416558 	1.04401 	6.46333e-19 	0
0.416858 	1.04409 	6.47131e-19 	0
0.417159 	1.04416 	6.4793e-19 	0
0.417459 	1.04423 	6.48728e-19 	0
0.417759 	1.0443 	6.49525e-19 	0
0.418059 	1.04437 	6.50321e-19 	0
0.418359 	1.04444 	6.51117e-19 	0
0.418659 	1.04451 	6.51911e-19 	0
0.418959 	1.04458 	6.52705e-19 	0
0.41926 	1.04464 	6.53499e-19 	0
0.41956 	1.04471 	6.54293e-19 	0
0.41986 	1.04478 	6.55084e-19 	0
0.42016 	1.04485 	6.55876e-19 	0
0.42046 	1.04492 	6.56668e-19 	0
0.42076 	1.04499 	6.57458e-19 	0
0.421061 	1.04506 	6.58247e-19 	0
0.421361 	1.04513 	6.59037e-19 	0
0.421661 	1.0452 	6.59825e-19 	0
0.421961 	1.04526 	6.60612e-19 	0
0.422261 	1.04533 	6.61399e-19 	0
0.422561 	1.04539 	6.62185e-19 	0
0.422861 	1.04546 	6.62971e-19 	0
0.423162 	1.04553 	6.63756e-19 	0
0.423462 	1.0456 	6.64541e-19 	0
0.423762 	1.04567 	6.65324e-19 	0
0.424062 	1.04573 	6.66106e-19 	0
0.424362 	1.0458 	6.66889e-19 	0
0.424662 	1.04587 	6.6767e-19 	0
0.424962 	1.04593 	6.68451e-19 	0
0.425263 	1.046 	6.69232e-19 	0
0.425563 	1.04606 	6.70012e-19 	0
0.425863 	1.04613 	6.7079e-19 	0
0.426163 	1.0462 	6.71568e-19 	0
0.426463 	1.04626 	6.72346e-19 	0
0.426763 	1.04633 	6.73122e-19 	0
0.427064 	1.04639 	6.73898e-19 	0
0.427364 	1.04646 	6.74674e-19 	0
0.427664 	1.04653 	6.75448e-19 	0
0.427964 	1.04659 	6.76222e-19 	0
0.428264 	1.04666 	6.76996e-19 	0
0.428564 	1.04672 	6.77769e-19 	0
0.428864 	1.04679 	6.78541e-19 	0
0.429165 	1.04686 	6.79312e-19 	0
0.429465 	1.04692 	6.80083e-19 	0
0.429765 	1.04699 	6.80853e-19 	0
0.430065 	1.04705 	6.81622e-19 	0
0.430365 	1.04712 	6.82391e-19 	0
0.430665 	1.04718 	6.83158e-19 	0
0.430965 	1.04725 	6.83925e-19 	0
0.431266 	1.04731 	6.84692e-19 	0
0.431566 	1.04737 	6.85459e-19 	0
0.431866 	1.04744 	6.86223e-19 	0
0.432166 	1.0475 	6.86988e-19 	0
0.432466 	1.04756 	6.87752e-19 	0
0.432766 	1.04763 	6.88514e-19 	0
0.433067 	1.04769 	6.89276e-19 	0
0.433367 	1.04776 	6.90039e-19 	0
0.433667 	1.04783 	6.90799e-19 	0
0.433967 	1.04789 	6.91559e-19 	0
0.434267 	1.04795 	6.92319e-19 	0
0.434567 	1.04801 	6.93078e-19 	0
0.434867 	1.04808 	6.93835e-19 	0
0.435168 	1.04814 	6.94593e-19 	0
0.435468 	1.0482 	6.95351e-19 	0
0.435768 	1.04827 	6.96106e-19 	0
0.436068 	1.04833 	6.96862e-19 	0
0.436368 	1.04839 	6.97617e-19 	0
0.436668 	1.04845 	6.98371e-19 	0
0.436968 	1.04851 	6.99124e-19 	0
0.437269 	1.04857 	6.99877e-19 	0
0.437569 	1.04863 	7.00629e-19 	0
0.437869 	1.0487 	7.0138e-19 	0
0.438169 	1.04876 	7.0213e-19 	0
0.438469 	1.04882 	7.02881e-19 	0
0.438769 	1.04888 	7.0363e-19 	0
0.43907 	1.04894 	7.04378e-19 	0
0.43937 	1.049 	7.05126e-19 	0
0.43967 	1.04907 	7.05873e-19 	0
0.43997 	1.04913 	7.06619e-19 	0
0.44027 	1.04919 	7.07365e-19 	0
0.44057 	1.04925 	7.0811e-19 	0
0.44087 	1.04931 	7.08854e-19 	0
0.441171 	1.04937 	7.09597e-19 	0
0.441471 	1.04943 	7.10341e-19 	0
0.441771 	1.04949 	7.11082e-19 	0
0.442071 	1.04955 	7.11823e-19 	0
0.442371 	1.04961 	7.12565e-19 	0
0.442671 	1.04967 	7.13305e-19 	0
0.442971 	1.04973 	7.14043e-19 	0
0.443272 	1.04979 	7.14782e-19 	0
0.443572 	1.04985 	7.1552e-19 	0
0.443872 	1.04991 	7.16257e-19 	0
0.444172 	1.04997 	7.16993e-19 	0
0.444472 	1.05003 	7.1773e-19 	0
0.444772 	1.05009 	7.18464e-19 	0
0.445073 	1.05015 	7.19198e-19 	0
0.445373 	1.05021 	7.19933e-19 	0
0.445673 	1.05026 	7.20665e-19 	0
0.445973 	1.05032 	7.21397e-19 	0
0.446273 	1.05038 	7.22129e-19 	0
0.446573 	1.05044 	7.2286e-19 	0
0.446873 	1.0505 	7.2359e-19 	0
0.447174 	1.05056 	7.24319e-19 	0
0.447474 	1.05062 	7.25049e-19 	0
0.447774 	1.05067 	7.25776e-19 	0
0.448074 	1.05073 	7.26503e-19 	0
0.448374 	1.05079 	7.2723e-19 	0
0.448674 	1.05085 	7.27956e-19 	0
0.448974 	1.05091 	7.28681e-19 	0
0.449275 	1.05097 	7.29406e-19 	0
0.449575 	1.05102 	7.3013e-19 	0
0.449875 	1.05108 	7.30852e-19 	0
0.450175 	1.05114 	7.31574e-19 	0
0.450475 	1.0512 	7.32296e-19 	0
0.450775 	1.05125 	7.33017e-19 	0
0.451076 	1.05131 	7.33737e-19 	0
0.451376 	1.05137 	7.34457e-19 	0
0.451676 	1.05142 	7.35175e-19 	0
0.451976 	1.05148 	7.35893e-19 	0
0.452276 	1.05154 	7.36611e-19 	0
0.452576 	1.05159 	7.37328e-19 	0
0.452876 	1.05165 	7.38043e-19 	0
0.453177 	1.0517 	7.38758e-19 	0
0.453477 	1.05176 	7.39474e-19 	0
0.453777 	1.05181 	7.40187e-19 	0
0.454077 	1.05187 	7.40899e-19 	0
0.454377 	1.05193 	7.41612e-19 	0
0.454677 	1.05198 	7.42324e-19 	0
0.454977 	1.05204 	7.43034e-19 	0
0.455278 	1.05209 	7.43745e-19 	0
0.455578 	1.05214 	7.44455e-19 	0
0.455878 	1.0522 	7.45163e-19 	0
0.456178 	1.05226 	7.45871e-19 	0
0.456478 	1.05232 	7.46579e-19 	0
0.456778 	1.05237 	7.47284e-19 	0
0.457079 	1.05242 	7.4799e-19 	0
0.457379 	1.05248 	7.48696e-19 	0
0.457679 	1.05253 	7.494e-19 	0
0.457979 	1.05259 	7.50103e-19 	0
0.458279 	1.05264 	7.50807e-19 	0
0.458579 	1.05269 	7.51509e-19 	0
0.458879 	1.05275 	7.5221e-19 	0
0.45918 	1.0528 	7.52911e-19 	0
0.45948 	1.05286 	7.53612e-19 	0
0.45978 	1.05291 	7.5431e-19 	0
0.46008 	1.05296 	7.55009e-19 	0
0.46038 	1.05302 	7.55707e-19 	0
0.46068 	1.05307 	7.56404e-19 	0
0.46098 	1.05313 	7.57101e-19 	0
0.461281 	1.05318 	7.57797e-19 	0
0.461581 	1.05323 	7.58493e-19 	0
0.461881 	1.05328 	7.59186e-19 	0
0.462181 	1.05334 	7.5988e-19 	0
0.462481 	1.05339 	7.60574e-19 	0
0.462781 	1.05344 	7.61265e-19 	0
0.463082 	1.05349 	7.61956e-19 	0
0.463382 	1.05355 	7.62648e-19 	0
0.463682 	1.0536 	7.63338e-19 	0
0.463982 	1.05365 	7.64027e-19 	0
0.464282 	1.0537 	7.64716e-19 	0
0.464582 	1.05375 	7.65404e-19 	0
0.464882 	1.05381 	7.66091e-19 	0
0.465183 	1.05386 	7.66777e-19 	0
0.465483 	1.05391 	7.67464e-19 	0
0.465783 	1.05396 	7.68148e-19 	0
0.466083 	1.05401 	7.68832e-19 	0
0.466383 	1.05407 	7.69516e-19 	0
0.466683 	1.05412 	7.70199e-19 	0
0.466983 	1.05417 	7.7088e-19 	0
0.467284 	1.05422 	7.71562e-19 	0
0.467584 	1.05427 	7.72244e-19 	0
0.467884 	1.05433 	7.72923e-19 	0
0.468184 	1.05438 	7.73602e-19 	0
0.468484 	1.05443 	7.74281e-19 	0
0.468784 	1.05448 	7.74958e-19 	0
0.469085 	1.05452 	7.75635e-19 	0
0.469385 	1.05457 	7.76312e-19 	0
0.469685 	1.05462 	7.76988e-19 	0
0.469985 	1.05467 	7.77662e-19 	0
0.470285 	1.05472 	7.78337e-19 	0
0.470585 	1.05477 	7.79011e-19 	0
0.470885 	1.05483 	7.79683e-19 	0
0.471186 	1.05488 	7.80355e-19 	0
0.471486 	1.05493 	7.81027e-19 	0
0.471786 	1.05498 	7.81697e-19 	0
0.472086 	1.05502 	7.82366e-19 	0
0.472386 	1.05507 	7.83036e-19 	0
0.472686 	1.05512 	7.83704e-19 	0
0.472986 	1.05517 	7.84372e-19 	0
0.473287 	1.05522 	7.85039e-19 	0
0.473587 	1.05527 	7.85706e-19 	0
0.473887 	1.05532 	7.86371e-19 	0
0.474187 	1.05537 	7.87036e-19 	0
0.474487 	1.05542 	7.87701e-19 	0
0.474787 	1.05547 	7.88363e-19 	0
0.475088 	1.05551 	7.89026e-19 	0
0.475388 	1.05556 	7.89688e-19 	0
0.475688 	1.05561 	7.90349e-19 	0
0.475988 	1.05566 	7.9101e-19 	0
0.476288 	1.05571 	7.9167e-19 	0
0.476588 	1.05575 	7.92329e-19 	0
0.476888 	1.0558 	7.92987e-19 	0
0.477189 	1.05585 	7.93645e-19 	0
0.477489 	1.0559 	7.94302e-19 	0
0.477789 	1.05595 	7.94958e-19 	0
0.478089 	1.05599 	7.95613e-19 	0
0.478389 	1.05604 	7.96268e-19 	0
0.478689 	1.05609 	7.96922e-19 	0
0.478989 	1.05614 	7.97575e-19 	0
0.47929 	1.05619 	7.98228e-19 	0
0.47959 	1.05623 	7.98881e-19 	0
0.47989 	1.05628 	7.99531e-19 	0
0.48019 	1.05632 	8.00181e-19 	0
0.48049 	1.05637 	8.00832e-19 	0
0.48079 	1.05642 	8.0148e-19 	0
0.481091 	1.05646 	8.02128e-19 	0
0.481391 	1.05651 	8.02776e-19 	0
0.481691 	1.05656 	8.03423e-19 	0
0.481991 	1.0566 	8.04069e-19 	0
0.482291 	1.05665 	8.04715e-19 	0
0.482591 	1.05669 	8.0536e-19 	0
0.482891 	1.05674 	8.06003e-19 	0
0.483192 	1.05678 	8.06646e-19 	0
0.483492 	1.05683 	8.07289e-19 	0
0.483792 	1.05688 	8.0793e-19 	0
0.484092 	1.05692 	8.08572e-19 	0
0.484392 	1.05697 	8.09213e-19 	0
0.484692 	1.05702 	8.09852e-19 	0
0.484992 	1.05706 	8.10491e-19 	0
0.485293 	1.05711 	8.11129e-19 	0
0.485593 	1.05715 	8.11767e-19 	0
0.485893 	1.0572 	8.12403e-19 	0
0.486193 	1.05724 	8.13039e-19 	0
0.486493 	1.05729 	8.13675e-19 	0
0.486793 	1.05733 	8.14309e-19 	0
0.487094 	1.05738 	8.14943e-19 	0
0.487394 	1.05742 	8.15576e-19 	0
0.487694 	1.05747 	8.16209e-19 	0
0.487994 	1.05751 	8.1684e-19 	0
0.488294 	1.05755 	8.17471e-19 	0
0.488594 	1.05759 	8.18102e-19 	0
0.488894 	1.05764 	8.18731e-19 	0
0.489195 	1.05768 	8.1936e-19 	0
0.489495 	1.05773 	8.19989e-19 	0
0.489795 	1.05777 	8.20616e-19 	0
0.490095 	1.05782 	8.21242e-19 	0
0.490395 	1.05786 	8.21869e-19 	0
0.490695 	1.05791 	8.22494e-19 	0
0.490995 	1.05795 	8.23118e-19 	0
0.491296 	1.05799 	8.23742e-19 	0
0.491596 	1.05803 	8.24365e-19 	0
0.491896 	1.05808 	8.24987e-19 	0
0.492196 	1.05812 	8.25609e-19 	0
0.492496 	1.05816 	8.26231e-19 	0
0.492796 	1.0582 	8.26851e-19 	0
0.493097 	1.05825 	8.2747e-19 	0
0.493397 	1.05829 	8.2809e-19 	0
0.493697 	1.05834 	8.28708e-19 	0
0.493997 	1.05838 	8.29325e-19 	0
0.494297 	1.05842 	8.29942e-19 	0
0.494597 	1.05846 	8.30558e-19 	0
0.494897 	1.05851 	8.31173e-19 	0
0.495198 	1.05855 	8.31788e-19 	0
0.495498 	1.05859 	8.32402e-19 	0
0.495798 	1.05863 	8.33015e-19 	0
0.496098 	1.05867 	8.33627e-19 	0
0.496398 	1.05872 	8.34239e-19 	0
0.496698 	1.05876 	8.3485e-19 	0
0.496998 	1.0588 	8.3546e-19 	0
0.497299 	1.05884 	8.3607e-19 	0
0.497599 	1.05888 	8.36679e-19 	0
0.497899 	1.05892 	8.37286e-19 	0
0.498199 	1.05896 	8.37894e-19 	0
0.498499 	1.059 	8.38501e-19 	0
0.498799 	1.05904 	8.39107e-19 	0
0.4991 	1.05908 	8.39712e-19 	0
0.4994 	1.05913 	8.40318e-19 	0
0.4997 	1.05917 	8.40921e-19 	0
0.5 	1.05921 	8.41524e-19 	0
