0.0003003 	0.0153819 	-7.05589e-20 	0
0.000900901 	0.0461456 	-2.11677e-19 	0
0.0015015 	0.0687005 	-4.71577e-19 	0
0.0021021 	0.0896334 	-7.54949e-19 	0
0.0027027 	0.110566 	-1.03832e-18 	0
0.0033033 	0.128632 	-1.13032e-18 	0
0.0039039 	0.143888 	-1.03472e-18 	0
0.0045045 	0.159143 	-9.39133e-19 	0
0.00510511 	0.173656 	-8.61236e-19 	0
0.00570571 	0.184668 	-8.66756e-19 	0
0.00630631 	0.19568 	-8.72277e-19 	0
0.00690691 	0.206692 	-8.77797e-19 	0
0.00750751 	0.215544 	-8.73731e-19 	0
0.00810811 	0.224 	-8.67905e-19 	0
0.00870871 	0.232456 	-8.6208e-19 	0
0.00930931 	0.240083 	-8.59028e-19 	0
0.00990991 	0.246931 	-8.58587e-19 	0
0.0105105 	0.253778 	-8.58146e-19 	0
0.0111111 	0.260425 	-8.59414e-19 	0
0.0117117 	0.266184 	-8.68216e-19 	0
0.0123123 	0.271943 	-8.77019e-19 	0
0.0129129 	0.277703 	-8.85821e-19 	0
0.0135135 	0.282794 	-8.85068e-19 	0
0.0141141 	0.287771 	-8.82696e-19 	0
0.0147147 	0.292749 	-8.80323e-19 	0
0.0153153 	0.297417 	-8.56912e-19 	0
0.0159159 	0.301807 	-8.14465e-19 	0
0.0165165 	0.306196 	-7.72018e-19 	0
0.0171171 	0.310495 	-7.29829e-19 	0
0.0177177 	0.314426 	-6.88699e-19 	0
0.0183183 	0.318356 	-6.4757e-19 	0
0.0189189 	0.322286 	-6.0644e-19 	0
0.0195195 	0.325899 	-6.10785e-19 	0
0.0201201 	0.329462 	-6.22226e-19 	0
0.0207207 	0.333025 	-6.33667e-19 	0
0.0213213 	0.336427 	-6.50283e-19 	0
0.0219219 	0.339688 	-6.71396e-19 	0
0.0225225 	0.342949 	-6.92509e-19 	0
0.0231231 	0.346159 	-7.13471e-19 	0
0.0237237 	0.349169 	-7.33845e-19 	0
0.0243243 	0.352178 	-7.54219e-19 	0
0.0249249 	0.355188 	-7.74593e-19 	0
0.0255255 	0.35801 	-7.96379e-19 	0
0.0261261 	0.360806 	-8.18366e-19 	0
0.0267267 	0.363602 	-8.40354e-19 	0
0.0273273 	0.366298 	-8.55097e-19 	0
0.0279279 	0.36891 	-8.63793e-19 	0
0.0285285 	0.371523 	-8.72489e-19 	0
0.0291291 	0.374101 	-8.80696e-19 	0
0.0297297 	0.376555 	-8.87118e-19 	0
0.0303303 	0.379008 	-8.9354e-19 	0
0.0309309 	0.381461 	-8.99962e-19 	0
0.0315315 	0.38379 	-9.02601e-19 	0
0.0321321 	0.386103 	-9.04748e-19 	0
0.0327327 	0.388416 	-9.06895e-19 	0
0.0333333 	0.39066 	-9.06499e-19 	0
0.0339339 	0.39285 	-9.04065e-19 	0
0.0345345 	0.39504 	-9.01631e-19 	0
0.0351351 	0.397205 	-8.99348e-19 	0
0.0357357 	0.399284 	-8.97585e-19 	0
0.0363363 	0.401363 	-8.95822e-19 	0
0.0369369 	0.403443 	-8.94058e-19 	0
0.0375375 	0.405433 	-8.92746e-19 	0
0.0381381 	0.407413 	-8.91487e-19 	0
0.0387387 	0.409394 	-8.90228e-19 	0
0.0393393 	0.411324 	-8.89176e-19 	0
0.0399399 	0.413215 	-8.88283e-19 	0
0.0405405 	0.415106 	-8.87391e-19 	0
0.0411411 	0.416978 	-8.86559e-19 	0
0.0417417 	0.418789 	-8.85924e-19 	0
0.0423423 	0.420599 	-8.85288e-19 	0
0.0429429 	0.42241 	-8.84653e-19 	0
0.0435435 	0.424154 	-8.84176e-19 	0
0.0441441 	0.42589 	-8.83716e-19 	0
0.0447447 	0.427627 	-8.83256e-19 	0
0.0453453 	0.429325 	-8.82862e-19 	0
0.0459459 	0.430994 	-8.82517e-19 	0
0.0465465 	0.432664 	-8.82172e-19 	0
0.0471471 	0.434318 	-8.81844e-19 	0
0.0477477 	0.435925 	-8.81572e-19 	0
0.0483483 	0.437532 	-8.813e-19 	0
0.0489489 	0.439139 	-8.81027e-19 	0
0.0495495 	0.440694 	-8.80797e-19 	0
0.0501502 	0.442245 	-8.8057e-19 	0
0.0507508 	0.443795 	-8.80343e-19 	0
0.0513514 	0.445314 	-8.80133e-19 	0
0.051952 	0.446812 	-8.79934e-19 	0
0.0525526 	0.448309 	-8.79736e-19 	0
0.0531532 	0.449794 	-8.79542e-19 	0
0.0537538 	0.451243 	-8.79363e-19 	0
0.0543544 	0.452691 	-8.79184e-19 	0
0.054955 	0.454139 	-8.79004e-19 	0
0.0555556 	0.455546 	-8.7884e-19 	0
0.0561562 	0.456948 	-8.78676e-19 	0
0.0567568 	0.458351 	-8.78512e-19 	0
0.0573574 	0.459728 	-8.78358e-19 	0
0.057958 	0.461088 	-8.7821e-19 	0
0.0585586 	0.462448 	-8.78063e-19 	0
0.0591592 	0.463798 	-8.7792e-19 	0
0.0597598 	0.465118 	-8.77791e-19 	0
0.0603604 	0.466439 	-8.77662e-19 	0
0.060961 	0.467759 	-8.77532e-19 	0
0.0615616 	0.469045 	-8.77425e-19 	0
0.0621622 	0.470328 	-8.77318e-19 	0
0.0627628 	0.471611 	-8.77212e-19 	0
0.0633634 	0.472873 	-8.77123e-19 	0
0.063964 	0.474121 	-8.77045e-19 	0
0.0645646 	0.475369 	-8.76967e-19 	0
0.0651652 	0.476608 	-8.76898e-19 	0
0.0657658 	0.477823 	-8.76853e-19 	0
0.0663664 	0.479038 	-8.76809e-19 	0
0.066967 	0.480253 	-8.76764e-19 	0
0.0675676 	0.481439 	-8.76758e-19 	0
0.0681682 	0.482623 	-8.76753e-19 	0
0.0687688 	0.483807 	-8.76749e-19 	0
0.0693694 	0.484973 	-8.76772e-19 	0
0.06997 	0.486128 	-8.76812e-19 	0
0.0705706 	0.487282 	-8.76853e-19 	0
0.0711712 	0.488429 	-8.76908e-19 	0
0.0717718 	0.489556 	-8.77e-19 	0
0.0723724 	0.490683 	-8.77092e-19 	0
0.072973 	0.49181 	-8.77184e-19 	0
0.0735736 	0.492912 	-8.77329e-19 	0
0.0741742 	0.494013 	-8.77477e-19 	0
0.0747748 	0.495113 	-8.77625e-19 	0
0.0753754 	0.496198 	-8.77812e-19 	0
0.075976 	0.497273 	-8.78021e-19 	0
0.0765766 	0.498349 	-8.7823e-19 	0
0.0771772 	0.499417 	-8.78459e-19 	0
0.0777778 	0.500469 	-8.78735e-19 	0
0.0783784 	0.501521 	-8.79011e-19 	0
0.078979 	0.502573 	-8.79286e-19 	0
0.0795796 	0.503603 	-8.7963e-19 	0
0.0801802 	0.504632 	-8.79976e-19 	0
0.0807808 	0.505661 	-8.80323e-19 	0
0.0813814 	0.506677 	-8.80716e-19 	0
0.081982 	0.507685 	-8.81137e-19 	0
0.0825826 	0.508693 	-8.81558e-19 	0
0.0831832 	0.509694 	-8.82003e-19 	0
0.0837838 	0.510682 	-8.82503e-19 	0
0.0843844 	0.511669 	-8.83003e-19 	0
0.084985 	0.512656 	-8.83503e-19 	0
0.0855856 	0.513624 	-8.84083e-19 	0
0.0861862 	0.514592 	-8.84665e-19 	0
0.0867868 	0.51556 	-8.85247e-19 	0
0.0873874 	0.516515 	-8.85885e-19 	0
0.087988 	0.517464 	-8.86553e-19 	0
0.0885886 	0.518413 	-8.87221e-19 	0
0.0891892 	0.519356 	-8.87917e-19 	0
0.0897898 	0.520287 	-8.88674e-19 	0
0.0903904 	0.521218 	-8.89431e-19 	0
0.090991 	0.522149 	-8.90189e-19 	0
0.0915916 	0.523063 	-8.91036e-19 	0
0.0921922 	0.523977 	-8.91885e-19 	0
0.0927928 	0.524891 	-8.92734e-19 	0
0.0933934 	0.525794 	-8.93645e-19 	0
0.093994 	0.526691 	-8.9459e-19 	0
0.0945946 	0.527588 	-8.95534e-19 	0
0.0951952 	0.52848 	-8.96509e-19 	0
0.0957958 	0.529362 	-8.97551e-19 	0
0.0963964 	0.530243 	-8.98592e-19 	0
0.096997 	0.531125 	-8.99634e-19 	0
0.0975976 	0.531991 	-9.00775e-19 	0
0.0981982 	0.532857 	-9.01916e-19 	0
0.0987988 	0.533724 	-9.03058e-19 	0
0.0993994 	0.53458 	-9.04267e-19 	0
0.1 	0.535432 	-9.05511e-19 	0
0.100601 	0.536284 	-9.06754e-19 	0
0.101201 	0.537131 	-9.08033e-19 	0
0.101802 	0.537968 	-9.09381e-19 	0
0.102402 	0.538806 	-9.10729e-19 	0
0.103003 	0.539643 	-9.12078e-19 	0
0.103604 	0.540467 	-9.13533e-19 	0
0.104204 	0.541291 	-9.14988e-19 	0
0.104805 	0.542115 	-9.16442e-19 	0
0.105405 	0.542931 	-9.1797e-19 	0
0.106006 	0.543742 	-9.19533e-19 	0
0.106607 	0.544553 	-9.21096e-19 	0
0.107207 	0.545359 	-9.22697e-19 	0
0.107808 	0.546158 	-9.24371e-19 	0
0.108408 	0.546956 	-9.26045e-19 	0
0.109009 	0.547755 	-9.2772e-19 	0
0.10961 	0.548541 	-9.29506e-19 	0
0.11021 	0.549327 	-9.31292e-19 	0
0.110811 	0.550113 	-9.33077e-19 	0
0.111411 	0.550892 	-9.34941e-19 	0
0.112012 	0.551666 	-9.3684e-19 	0
0.112613 	0.552441 	-9.38739e-19 	0
0.113213 	0.553212 	-9.40679e-19 	0
0.113814 	0.553975 	-9.42694e-19 	0
0.114414 	0.554739 	-9.44709e-19 	0
0.115015 	0.555502 	-9.46727e-19 	0
0.115616 	0.556254 	-9.48859e-19 	0
0.116216 	0.557006 	-9.5099e-19 	0
0.116817 	0.557759 	-9.53122e-19 	0
0.117417 	0.558504 	-9.55335e-19 	0
0.118018 	0.559245 	-9.57585e-19 	0
0.118619 	0.559987 	-9.59835e-19 	0
0.119219 	0.560725 	-9.62128e-19 	0
0.11982 	0.561456 	-9.64497e-19 	0
0.12042 	0.562187 	-9.66867e-19 	0
0.121021 	0.562918 	-9.6924e-19 	0
0.121622 	0.56364 	-9.7173e-19 	0
0.122222 	0.564362 	-9.7422e-19 	0
0.122823 	0.565083 	-9.7671e-19 	0
0.123423 	0.565798 	-9.79287e-19 	0
0.124024 	0.56651 	-9.81899e-19 	0
0.124625 	0.567222 	-9.84511e-19 	0
0.125225 	0.56793 	-9.8717e-19 	0
0.125826 	0.568633 	-9.89905e-19 	0
0.126426 	0.569335 	-9.9264e-19 	0
0.127027 	0.570037 	-9.95381e-19 	0
0.127628 	0.570731 	-9.98239e-19 	0
0.128228 	0.571424 	-1.0011e-18 	0
0.128829 	0.572117 	-1.00396e-18 	0
0.129429 	0.572805 	-1.0069e-18 	0
0.13003 	0.573489 	-1.00989e-18 	0
0.130631 	0.574174 	-1.01287e-18 	0
0.131231 	0.574855 	-1.01591e-18 	0
0.131832 	0.575532 	-1.01902e-18 	0
0.132432 	0.576208 	-1.02213e-18 	0
0.133033 	0.576884 	-1.02525e-18 	0
0.133634 	0.577552 	-1.02848e-18 	0
0.134234 	0.578219 	-1.03172e-18 	0
0.134835 	0.578887 	-1.03495e-18 	0
0.135435 	0.579549 	-1.03828e-18 	0
0.136036 	0.580209 	-1.04164e-18 	0
0.136637 	0.580869 	-1.04501e-18 	0
0.137237 	0.581526 	-1.04842e-18 	0
0.137838 	0.582177 	-1.05191e-18 	0
0.138438 	0.582829 	-1.0554e-18 	0
0.139039 	0.583481 	-1.0589e-18 	0
0.13964 	0.584125 	-1.06251e-18 	0
0.14024 	0.584769 	-1.06613e-18 	0
0.140841 	0.585413 	-1.06975e-18 	0
0.141441 	0.586052 	-1.07346e-18 	0
0.142042 	0.586689 	-1.07721e-18 	0
0.142643 	0.587326 	-1.08095e-18 	0
0.143243 	0.58796 	-1.08475e-18 	0
0.143844 	0.588589 	-1.08862e-18 	0
0.144444 	0.589219 	-1.0925e-18 	0
0.145045 	0.589848 	-1.09638e-18 	0
0.145646 	0.59047 	-1.10038e-18 	0
0.146246 	0.591093 	-1.10437e-18 	0
0.146847 	0.591715 	-1.10837e-18 	0
0.147447 	0.592333 	-1.11246e-18 	0
0.148048 	0.592949 	-1.11658e-18 	0
0.148649 	0.593565 	-1.12071e-18 	0
0.149249 	0.594178 	-1.12488e-18 	0
0.14985 	0.594787 	-1.12913e-18 	0
0.15045 	0.595396 	-1.13338e-18 	0
0.151051 	0.596004 	-1.13764e-18 	0
0.151652 	0.596607 	-1.14201e-18 	0
0.152252 	0.597209 	-1.14639e-18 	0
0.152853 	0.597811 	-1.15076e-18 	0
0.153453 	0.598409 	-1.15522e-18 	0
0.154054 	0.599005 	-1.15972e-18 	0
0.154655 	0.599601 	-1.16422e-18 	0
0.155255 	0.600195 	-1.16876e-18 	0
0.155856 	0.600784 	-1.17337e-18 	0
0.156456 	0.601374 	-1.17799e-18 	0
0.157057 	0.601963 	-1.18261e-18 	0
0.157658 	0.602547 	-1.18734e-18 	0
0.158258 	0.603131 	-1.19207e-18 	0
0.158859 	0.603715 	-1.1968e-18 	0
0.159459 	0.604294 	-1.20162e-18 	0
0.16006 	0.604872 	-1.20646e-18 	0
0.160661 	0.60545 	-1.2113e-18 	0
0.161261 	0.606025 	-1.2162e-18 	0
0.161862 	0.606597 	-1.22115e-18 	0
0.162462 	0.607169 	-1.22611e-18 	0
0.163063 	0.607741 	-1.23107e-18 	0
0.163664 	0.608307 	-1.23613e-18 	0
0.164264 	0.608874 	-1.24119e-18 	0
0.164865 	0.609441 	-1.24624e-18 	0
0.165465 	0.610003 	-1.25138e-18 	0
0.166066 	0.610563 	-1.25654e-18 	0
0.166667 	0.611124 	-1.2617e-18 	0
0.167267 	0.611682 	-1.2669e-18 	0
0.167868 	0.612238 	-1.27215e-18 	0
0.168468 	0.612793 	-1.2774e-18 	0
0.169069 	0.613348 	-1.28266e-18 	0
0.16967 	0.613898 	-1.288e-18 	0
0.17027 	0.614449 	-1.29334e-18 	0
0.170871 	0.614999 	-1.29868e-18 	0
0.171471 	0.615545 	-1.30409e-18 	0
0.172072 	0.61609 	-1.30951e-18 	0
0.172673 	0.616635 	-1.31493e-18 	0
0.173273 	0.617178 	-1.32038e-18 	0
0.173874 	0.617718 	-1.32587e-18 	0
0.174474 	0.618258 	-1.33136e-18 	0
0.175075 	0.618797 	-1.33686e-18 	0
0.175676 	0.619332 	-1.34242e-18 	0
0.176276 	0.619867 	-1.34797e-18 	0
0.176877 	0.620401 	-1.35352e-18 	0
0.177477 	0.620933 	-1.35911e-18 	0
0.178078 	0.621463 	-1.36472e-18 	0
0.178679 	0.621993 	-1.37032e-18 	0
0.179279 	0.622521 	-1.37594e-18 	0
0.17988 	0.623046 	-1.38159e-18 	0
0.18048 	0.623572 	-1.38723e-18 	0
0.181081 	0.624096 	-1.39288e-18 	0
0.181682 	0.624617 	-1.39854e-18 	0
0.182282 	0.625138 	-1.40421e-18 	0
0.182883 	0.625658 	-1.40988e-18 	0
0.183483 	0.626175 	-1.41555e-18 	0
0.184084 	0.626691 	-1.42122e-18 	0
0.184685 	0.627207 	-1.4269e-18 	0
0.185285 	0.627721 	-1.43257e-18 	0
0.185886 	0.628233 	-1.43824e-18 	0
0.186486 	0.628744 	-1.44391e-18 	0
0.187087 	0.629256 	-1.44957e-18 	0
0.187688 	0.629763 	-1.45521e-18 	0
0.188288 	0.63027 	-1.46085e-18 	0
0.188889 	0.630777 	-1.4665e-18 	0
0.189489 	0.631281 	-1.4721e-18 	0
0.19009 	0.631784 	-1.4777e-18 	0
0.190691 	0.632287 	-1.4833e-18 	0
0.191291 	0.632788 	-1.48886e-18 	0
0.191892 	0.633287 	-1.49439e-18 	0
0.192492 	0.633786 	-1.49993e-18 	0
0.193093 	0.634284 	-1.50544e-18 	0
0.193694 	0.634778 	-1.51088e-18 	0
0.194294 	0.635273 	-1.51632e-18 	0
0.194895 	0.635767 	-1.52176e-18 	0
0.195495 	0.636259 	-1.5271e-18 	0
0.196096 	0.636749 	-1.53242e-18 	0
0.196697 	0.637239 	-1.53774e-18 	0
0.197297 	0.637728 	-1.54299e-18 	0
0.197898 	0.638214 	-1.54817e-18 	0
0.198498 	0.638701 	-1.55335e-18 	0
0.199099 	0.639187 	-1.55851e-18 	0
0.1997 	0.639669 	-1.56352e-18 	0
0.2003 	0.640152 	-1.56852e-18 	0
0.200901 	0.640634 	-1.57353e-18 	0
0.201502 	0.641114 	-1.57837e-18 	0
0.202102 	0.641592 	-1.58318e-18 	0
0.202703 	0.642071 	-1.58799e-18 	0
0.203303 	0.642548 	-1.59268e-18 	0
0.203904 	0.643023 	-1.59727e-18 	0
0.204505 	0.643497 	-1.60185e-18 	0
0.205105 	0.643972 	-1.60639e-18 	0
0.205706 	0.644443 	-1.61071e-18 	0
0.206306 	0.644914 	-1.61504e-18 	0
0.206907 	0.645386 	-1.61936e-18 	0
0.207508 	0.645854 	-1.62344e-18 	0
0.208108 	0.646322 	-1.62747e-18 	0
0.208709 	0.646789 	-1.6315e-18 	0
0.209309 	0.647255 	-1.63541e-18 	0
0.20991 	0.647719 	-1.63923e-18 	0
0.210511 	0.648183 	-1.64304e-18 	0
0.211111 	0.648646 	-1.64681e-18 	0
0.211712 	0.649107 	-1.65036e-18 	0
0.212312 	0.649567 	-1.65391e-18 	0
0.212913 	0.650027 	-1.65746e-18 	0
0.213514 	0.650485 	-1.66075e-18 	0
0.214114 	0.650942 	-1.664e-18 	0
0.214715 	0.651399 	-1.66724e-18 	0
0.215315 	0.651854 	-1.6703e-18 	0
0.215916 	0.652308 	-1.67318e-18 	0
0.216517 	0.652761 	-1.67607e-18 	0
0.217117 	0.653214 	-1.67887e-18 	0
0.217718 	0.653664 	-1.68135e-18 	0
0.218318 	0.654114 	-1.68383e-18 	0
0.218919 	0.654564 	-1.68632e-18 	0
0.21952 	0.655012 	-1.6884e-18 	0
0.22012 	0.655458 	-1.69042e-18 	0
0.220721 	0.655905 	-1.69245e-18 	0
0.221321 	0.65635 	-1.6942e-18 	0
0.221922 	0.656794 	-1.69571e-18 	0
0.222523 	0.657238 	-1.69723e-18 	0
0.223123 	0.657681 	-1.69862e-18 	0
0.223724 	0.658121 	-1.69957e-18 	0
0.224324 	0.658562 	-1.70051e-18 	0
0.224925 	0.659002 	-1.70145e-18 	0
0.225526 	0.65944 	-1.70195e-18 	0
0.226126 	0.659877 	-1.70238e-18 	0
0.226727 	0.660314 	-1.7028e-18 	0
0.227327 	0.66075 	-1.70292e-18 	0
0.227928 	0.661184 	-1.70278e-18 	0
0.228529 	0.661618 	-1.70263e-18 	0
0.229129 	0.662052 	-1.70236e-18 	0
0.22973 	0.662483 	-1.70159e-18 	0
0.23033 	0.662914 	-1.70082e-18 	0
0.230931 	0.663345 	-1.70006e-18 	0
0.231532 	0.663774 	-1.69868e-18 	0
0.232132 	0.664202 	-1.69722e-18 	0
0.232733 	0.66463 	-1.69577e-18 	0
0.233333 	0.665057 	-1.69389e-18 	0
0.233934 	0.665482 	-1.69168e-18 	0
0.234535 	0.665907 	-1.68947e-18 	0
0.235135 	0.666332 	-1.68708e-18 	0
0.235736 	0.666754 	-1.68403e-18 	0
0.236336 	0.667176 	-1.68099e-18 	0
0.236937 	0.667599 	-1.67795e-18 	0
0.237538 	0.668018 	-1.67408e-18 	0
0.238138 	0.668437 	-1.67012e-18 	0
0.238739 	0.668857 	-1.66615e-18 	0
0.239339 	0.669274 	-1.66162e-18 	0
0.23994 	0.669691 	-1.65663e-18 	0
0.240541 	0.670107 	-1.65165e-18 	0
0.241141 	0.670523 	-1.64643e-18 	0
0.241742 	0.670937 	-1.64044e-18 	0
0.242342 	0.671351 	-1.63446e-18 	0
0.242943 	0.671765 	-1.62847e-18 	0
0.243544 	0.672176 	-1.62146e-18 	0
0.244144 	0.672587 	-1.61435e-18 	0
0.244745 	0.672998 	-1.60723e-18 	0
0.245345 	0.673408 	-1.59939e-18 	0
0.245946 	0.673816 	-1.59102e-18 	0
0.246547 	0.674225 	-1.58264e-18 	0
0.247147 	0.674632 	-1.57392e-18 	0
0.247748 	0.675038 	-1.56413e-18 	0
0.248348 	0.675443 	-1.55434e-18 	0
0.248949 	0.675849 	-1.54455e-18 	0
0.24955 	0.676252 	-1.5334e-18 	0
0.25015 	0.676655 	-1.52213e-18 	0
0.250751 	0.677058 	-1.51086e-18 	0
0.251351 	0.677459 	-1.4986e-18 	0
0.251952 	0.67786 	-1.48564e-18 	0
0.252553 	0.678261 	-1.47268e-18 	0
0.253153 	0.67866 	-1.45927e-18 	0
0.253754 	0.679058 	-1.44451e-18 	0
0.254354 	0.679456 	-1.42975e-18 	0
0.254955 	0.679854 	-1.41499e-18 	0
0.255556 	0.68025 	-1.39833e-18 	0
0.256156 	0.680645 	-1.38152e-18 	0
0.256757 	0.68104 	-1.36471e-18 	0
0.257357 	0.681434 	-1.34658e-18 	0
0.257958 	0.681827 	-1.32755e-18 	0
0.258559 	0.682219 	-1.30852e-18 	0
0.259159 	0.682611 	-1.28885e-18 	0
0.25976 	0.683002 	-1.26741e-18 	0
0.26036 	0.683392 	-1.24598e-18 	0
0.260961 	0.683783 	-1.22454e-18 	0
0.261562 	0.684171 	-1.20057e-18 	0
0.262162 	0.684559 	-1.17642e-18 	0
0.262763 	0.684947 	-1.15227e-18 	0
0.263363 	0.685333 	-1.12642e-18 	0
0.263964 	0.685718 	-1.09945e-18 	0
0.264565 	0.686104 	-1.07249e-18 	0
0.265165 	0.686488 	-1.0447e-18 	0
0.265766 	0.686872 	-1.01471e-18 	0
0.266366 	0.687255 	-9.84732e-19 	0
0.266967 	0.687638 	-9.54751e-19 	0
0.267568 	0.688019 	-9.21755e-19 	0
0.268168 	0.6884 	-8.88583e-19 	0
0.268769 	0.68878 	-8.55411e-19 	0
0.269369 	0.68916 	-8.20056e-19 	0
0.26997 	0.689539 	-7.83333e-19 	0
0.270571 	0.689917 	-7.46611e-19 	0
0.271171 	0.690295 	-7.09859e-19 	0
0.271772 	0.690672 	-6.73034e-19 	0
0.272372 	0.691048 	-6.36209e-19 	0
0.272973 	0.691424 	-5.99384e-19 	0
0.273574 	0.691798 	-5.65868e-19 	0
0.274174 	0.692172 	-5.32509e-19 	0
0.274775 	0.692546 	-4.99149e-19 	0
0.275375 	0.692918 	-4.68121e-19 	0
0.275976 	0.69329 	-4.38492e-19 	0
0.276577 	0.693662 	-4.08863e-19 	0
0.277177 	0.694033 	-3.78686e-19 	0
0.277778 	0.694403 	-3.47196e-19 	0
0.278378 	0.694772 	-3.15706e-19 	0
0.278979 	0.695142 	-2.84216e-19 	0
0.27958 	0.695509 	-2.23716e-19 	0
0.28018 	0.695877 	-1.62164e-19 	0
0.280781 	0.696244 	-1.00612e-19 	0
0.281381 	0.69661 	-3.87389e-20 	0
0.281982 	0.696975 	2.3319e-20 	0
0.282583 	0.69734 	8.53768e-20 	0
0.283183 	0.697705 	1.38657e-19 	0
0.283784 	0.698068 	1.71935e-19 	0
0.284384 	0.698432 	2.05213e-19 	0
0.284985 	0.698795 	2.38491e-19 	0
0.285586 	0.699156 	2.67793e-19 	0
0.286186 	0.699517 	2.96994e-19 	0
0.286787 	0.699878 	3.26194e-19 	0
0.287387 	0.700237 	3.54099e-19 	0
0.287988 	0.700596 	3.81292e-19 	0
0.288589 	0.700955 	4.08484e-19 	0
0.289189 	0.701313 	4.34951e-19 	0
0.28979 	0.701671 	4.59839e-19 	0
0.29039 	0.702028 	4.84727e-19 	0
0.290991 	0.702385 	5.09616e-19 	0
0.291592 	0.70274 	5.32107e-19 	0
0.292192 	0.703095 	5.54561e-19 	0
0.292793 	0.70345 	5.77015e-19 	0
0.293393 	0.703803 	5.97871e-19 	0
0.293994 	0.704156 	6.17884e-19 	0
0.294595 	0.704509 	6.37897e-19 	0
0.295195 	0.704861 	6.5714e-19 	0
0.295796 	0.705212 	6.74784e-19 	0
0.296396 	0.705562 	6.92427e-19 	0
0.296997 	0.705913 	7.10071e-19 	0
0.297598 	0.706263 	7.25466e-19 	0
0.298198 	0.706612 	7.40849e-19 	0
0.298799 	0.706961 	7.56233e-19 	0
0.299399 	0.707309 	7.70198e-19 	0
0.3 	0.707655 	7.83449e-19 	0
0.300601 	0.708002 	7.96701e-19 	0
0.301201 	0.708349 	8.09279e-19 	0
0.301802 	0.708694 	8.20521e-19 	0
0.302402 	0.709039 	8.31762e-19 	0
0.303003 	0.709385 	8.42995e-19 	0
0.303604 	0.709728 	8.52445e-19 	0
0.304204 	0.710071 	8.61894e-19 	0
0.304805 	0.710414 	8.71344e-19 	0
0.305405 	0.710756 	8.79636e-19 	0
0.306006 	0.711098 	8.8737e-19 	0
0.306607 	0.711439 	8.95105e-19 	0
0.307207 	0.71178 	9.02302e-19 	0
0.307808 	0.712119 	9.0848e-19 	0
0.308408 	0.712459 	9.14657e-19 	0
0.309009 	0.712798 	9.20812e-19 	0
0.30961 	0.713136 	9.25448e-19 	0
0.31021 	0.713474 	9.30085e-19 	0
0.310811 	0.713812 	9.34722e-19 	0
0.311411 	0.714148 	9.38364e-19 	0
0.312012 	0.714484 	9.41548e-19 	0
0.312613 	0.714819 	9.44731e-19 	0
0.313213 	0.715155 	9.47418e-19 	0
0.313814 	0.715489 	9.49201e-19 	0
0.314414 	0.715823 	9.50984e-19 	0
0.315015 	0.716157 	9.52733e-19 	0
0.315616 	0.71649 	9.53139e-19 	0
0.316216 	0.716822 	9.53546e-19 	0
0.316817 	0.717155 	9.53952e-19 	0
0.317417 	0.717486 	9.53402e-19 	0
0.318018 	0.717816 	9.52431e-19 	0
0.318619 	0.718147 	9.51461e-19 	0
0.319219 	0.718477 	9.5002e-19 	0
0.31982 	0.718806 	9.4776e-19 	0
0.32042 	0.719135 	9.455e-19 	0
0.321021 	0.719463 	9.43194e-19 	0
0.321622 	0.71979 	9.39615e-19 	0
0.322222 	0.720117 	9.36036e-19 	0
0.322823 	0.720445 	9.32457e-19 	0
0.323423 	0.72077 	9.27933e-19 	0
0.324024 	0.721096 	9.23013e-19 	0
0.324625 	0.721422 	9.18094e-19 	0
0.325225 	0.721746 	9.12709e-19 	0
0.325826 	0.72207 	9.06551e-19 	0
0.326426 	0.722394 	9.00392e-19 	0
0.327027 	0.722717 	8.94178e-19 	0
0.327628 	0.72304 	8.86812e-19 	0
0.328228 	0.723362 	8.79445e-19 	0
0.328829 	0.723684 	8.72078e-19 	0
0.329429 	0.724005 	8.63989e-19 	0
0.33003 	0.724326 	8.55613e-19 	0
0.330631 	0.724646 	8.47236e-19 	0
0.331231 	0.724966 	8.38544e-19 	0
0.331832 	0.725285 	8.29345e-19 	0
0.332432 	0.725604 	8.20147e-19 	0
0.333033 	0.725922 	8.10928e-19 	0
0.333634 	0.72624 	8.01341e-19 	0
0.334234 	0.726557 	7.91755e-19 	0
0.334835 	0.726874 	7.82168e-19 	0
0.335435 	0.72719 	7.72676e-19 	0
0.336036 	0.727505 	7.6322e-19 	0
0.336637 	0.727821 	7.53763e-19 	0
0.337237 	0.728136 	7.45028e-19 	0
0.337838 	0.72845 	7.37399e-19 	0
0.338438 	0.728764 	7.2977e-19 	0
0.339039 	0.729078 	7.21393e-19 	0
0.33964 	0.729391 	7.02258e-19 	0
0.34024 	0.729704 	6.83123e-19 	0
0.340841 	0.730016 	6.63988e-19 	0
0.341441 	0.730327 	6.35996e-19 	0
0.342042 	0.730638 	6.04811e-19 	0
0.342643 	0.730949 	5.73625e-19 	0
0.343243 	0.731259 	5.41001e-19 	0
0.343844 	0.731569 	5.06262e-19 	0
0.344444 	0.731879 	4.71523e-19 	0
0.345045 	0.732188 	4.37435e-19 	0
0.345646 	0.732496 	4.11381e-19 	0
0.346246 	0.732804 	3.85326e-19 	0
0.346847 	0.733112 	3.59272e-19 	0
0.347447 	0.733418 	3.41805e-19 	0
0.348048 	0.733725 	3.27278e-19 	0
0.348649 	0.734031 	3.1275e-19 	0
0.349249 	0.734336 	2.97384e-19 	0
0.34985 	0.734641 	2.80834e-19 	0
0.35045 	0.734946 	2.64285e-19 	0
0.351051 	0.735251 	2.47708e-19 	0
0.351652 	0.735554 	2.30839e-19 	0
0.352252 	0.735858 	2.13969e-19 	0
0.352853 	0.736162 	1.971e-19 	0
0.353453 	0.736464 	1.80382e-19 	0
0.354054 	0.736766 	1.63712e-19 	0
0.354655 	0.737067 	1.47043e-19 	0
0.355255 	0.737369 	1.30596e-19 	0
0.355856 	0.737669 	1.14449e-19 	0
0.356456 	0.73797 	9.8302e-20 	0
0.357057 	0.73827 	8.22316e-20 	0
0.357658 	0.738569 	6.68899e-20 	0
0.358258 	0.738868 	5.15481e-20 	0
0.358859 	0.739167 	3.62063e-20 	0
0.359459 	0.739465 	2.15394e-20 	0
0.36006 	0.739763 	7.0799e-21 	0
0.360661 	0.740061 	-7.37965e-21 	0
0.361261 	0.740358 	-2.14057e-20 	0
0.361862 	0.740654 	-3.48688e-20 	0
0.362462 	0.74095 	-4.83319e-20 	0
0.363063 	0.741246 	-6.16941e-20 	0
0.363664 	0.741541 	-7.41967e-20 	0
0.364264 	0.741836 	-8.66993e-20 	0
0.364865 	0.742131 	-9.92019e-20 	0
0.365465 	0.742424 	-1.10928e-19 	0
0.366066 	0.742718 	-1.22428e-19 	0
0.366667 	0.743011 	-1.33928e-19 	0
0.367267 	0.743304 	-1.45018e-19 	0
0.367868 	0.743596 	-1.55595e-19 	0
0.368468 	0.743888 	-1.66172e-19 	0
0.369069 	0.744179 	-1.76654e-19 	0
0.36967 	0.74447 	-1.864e-19 	0
0.37027 	0.744761 	-1.96146e-19 	0
0.370871 	0.745052 	-2.05892e-19 	0
0.371471 	0.745341 	-2.14975e-19 	0
0.372072 	0.745631 	-2.23877e-19 	0
0.372673 	0.74592 	-2.32779e-19 	0
0.373273 	0.746209 	-2.41337e-19 	0
0.373874 	0.746497 	-2.49486e-19 	0
0.374474 	0.746785 	-2.57634e-19 	0
0.375075 	0.747073 	-2.65699e-19 	0
0.375676 	0.747359 	-2.73175e-19 	0
0.376276 	0.747646 	-2.80652e-19 	0
0.376877 	0.747932 	-2.88129e-19 	0
0.377477 	0.748218 	-2.95137e-19 	0
0.378078 	0.748503 	-3.02024e-19 	0
0.378679 	0.748788 	-3.08911e-19 	0
0.379279 	0.749073 	-3.15563e-19 	0
0.37988 	0.749357 	-3.21944e-19 	0
0.38048 	0.749641 	-3.28325e-19 	0
0.381081 	0.749925 	-3.34634e-19 	0
0.381682 	0.750208 	-3.40483e-19 	0
0.382282 	0.750491 	-3.46333e-19 	0
0.382883 	0.750774 	-3.52182e-19 	0
0.383483 	0.751056 	-3.5767e-19 	0
0.384084 	0.751337 	-3.63071e-19 	0
0.384685 	0.751618 	-3.68472e-19 	0
0.385285 	0.751899 	-3.73698e-19 	0
0.385886 	0.752179 	-3.78731e-19 	0
0.386486 	0.752459 	-3.83764e-19 	0
0.387087 	0.752739 	-3.88757e-19 	0
0.387688 	0.753018 	-3.93511e-19 	0
0.388288 	0.753297 	-3.98265e-19 	0
0.388889 	0.753576 	-4.03019e-19 	0
0.389489 	0.753854 	-4.07625e-19 	0
0.39009 	0.754132 	-4.12197e-19 	0
0.390691 	0.75441 	-4.1677e-19 	0
0.391291 	0.754687 	-4.2131e-19 	0
0.391892 	0.754963 	-4.25816e-19 	0
0.392492 	0.75524 	-4.30322e-19 	0
0.393093 	0.755516 	-4.34839e-19 	0
0.393694 	0.755791 	-4.39416e-19 	0
0.394294 	0.756066 	-4.43992e-19 	0
0.394895 	0.756342 	-4.48568e-19 	0
0.395495 	0.756616 	-4.53247e-19 	0
0.396096 	0.75689 	-4.57947e-19 	0
0.396697 	0.757164 	-4.62647e-19 	0
0.397297 	0.757437 	-4.67557e-19 	0
0.397898 	0.75771 	-4.72681e-19 	0
0.398498 	0.757982 	-4.77805e-19 	0
0.399099 	0.758255 	-4.8304e-19 	0
0.3997 	0.758527 	-4.8884e-19 	0
0.4003 	0.758798 	-4.94641e-19 	0
0.400901 	0.75907 	-5.00441e-19 	0
0.401502 	0.759341 	-5.06713e-19 	0
0.402102 	0.759611 	-5.13079e-19 	0
0.402703 	0.759881 	-5.19444e-19 	0
0.403303 	0.760151 	-5.29422e-19 	0
0.403904 	0.76042 	-5.4294e-19 	0
0.404505 	0.76069 	-5.56458e-19 	0
0.405105 	0.760959 	-5.76484e-19 	0
0.405706 	0.761227 	-6.27191e-19 	0
0.406306 	0.761495 	-6.77899e-19 	0
0.406907 	0.761762 	-7.28606e-19 	0
0.407508 	0.76203 	-7.79398e-19 	0
0.408108 	0.762297 	-8.30206e-19 	0
0.408709 	0.762564 	-8.81013e-19 	0
0.409309 	0.76283 	-9.1261e-19 	0
0.40991 	0.763096 	-9.26114e-19 	0
0.410511 	0.763361 	-9.39619e-19 	0
0.411111 	0.763627 	-9.51776e-19 	0
0.411712 	0.763892 	-9.58e-19 	0
0.412312 	0.764156 	-9.64224e-19 	0
0.412913 	0.764421 	-9.70449e-19 	0
0.413514 	0.764684 	-9.76065e-19 	0
0.414114 	0.764948 	-9.81579e-19 	0
0.414715 	0.765211 	-9.87092e-19 	0
0.415315 	0.765474 	-9.92162e-19 	0
0.415916 	0.765736 	-9.96832e-19 	0
0.416517 	0.765998 	-1.0015e-18 	0
0.417117 	0.76626 	-1.00607e-18 	0
0.417718 	0.766521 	-1.01023e-18 	0
0.418318 	0.766782 	-1.0144e-18 	0
0.418919 	0.767044 	-1.01856e-18 	0
0.41952 	0.767304 	-1.02242e-18 	0
0.42012 	0.767564 	-1.02624e-18 	0
0.420721 	0.767824 	-1.03006e-18 	0
0.421321 	0.768083 	-1.03376e-18 	0
0.421922 	0.768342 	-1.03735e-18 	0
0.422523 	0.768601 	-1.04094e-18 	0
0.423123 	0.76886 	-1.0445e-18 	0
0.423724 	0.769118 	-1.04796e-18 	0
0.424324 	0.769376 	-1.05141e-18 	0
0.424925 	0.769634 	-1.05487e-18 	0
0.425526 	0.769891 	-1.05826e-18 	0
0.426126 	0.770147 	-1.06164e-18 	0
0.426727 	0.770404 	-1.06502e-18 	0
0.427327 	0.77066 	-1.06839e-18 	0
0.427928 	0.770916 	-1.07175e-18 	0
0.428529 	0.771172 	-1.0751e-18 	0
0.429129 	0.771428 	-1.07845e-18 	0
0.42973 	0.771682 	-1.08176e-18 	0
0.43033 	0.771937 	-1.08506e-18 	0
0.430931 	0.772192 	-1.08837e-18 	0
0.431532 	0.772445 	-1.09164e-18 	0
0.432132 	0.772699 	-1.09491e-18 	0
0.432733 	0.772952 	-1.09818e-18 	0
0.433333 	0.773205 	-1.10145e-18 	0
0.433934 	0.773458 	-1.10473e-18 	0
0.434535 	0.77371 	-1.10801e-18 	0
0.435135 	0.773963 	-1.11129e-18 	0
0.435736 	0.774214 	-1.11457e-18 	0
0.436336 	0.774465 	-1.11785e-18 	0
0.436937 	0.774717 	-1.12114e-18 	0
0.437538 	0.774967 	-1.12441e-18 	0
0.438138 	0.775218 	-1.12768e-18 	0
0.438739 	0.775468 	-1.13095e-18 	0
0.439339 	0.775718 	-1.1342e-18 	0
0.43994 	0.775968 	-1.13744e-18 	0
0.440541 	0.776217 	-1.14067e-18 	0
0.441141 	0.776466 	-1.1439e-18 	0
0.441742 	0.776715 	-1.14708e-18 	0
0.442342 	0.776963 	-1.15026e-18 	0
0.442943 	0.777211 	-1.15344e-18 	0
0.443544 	0.777459 	-1.15655e-18 	0
0.444144 	0.777706 	-1.15965e-18 	0
0.444745 	0.777954 	-1.16275e-18 	0
0.445345 	0.778201 	-1.16579e-18 	0
0.445946 	0.778447 	-1.16879e-18 	0
0.446547 	0.778693 	-1.17179e-18 	0
0.447147 	0.778939 	-1.17478e-18 	0
0.447748 	0.779184 	-1.1777e-18 	0
0.448348 	0.77943 	-1.18062e-18 	0
0.448949 	0.779675 	-1.18354e-18 	0
0.44955 	0.779919 	-1.18638e-18 	0
0.45015 	0.780164 	-1.1892e-18 	0
0.450751 	0.780408 	-1.19203e-18 	0
0.451351 	0.780651 	-1.19478e-18 	0
0.451952 	0.780895 	-1.19748e-18 	0
0.452553 	0.781139 	-1.20019e-18 	0
0.453153 	0.781382 	-1.20285e-18 	0
0.453754 	0.781624 	-1.20542e-18 	0
0.454354 	0.781866 	-1.20798e-18 	0
0.454955 	0.782109 	-1.21055e-18 	0
0.455556 	0.78235 	-1.21297e-18 	0
0.456156 	0.782591 	-1.21539e-18 	0
0.456757 	0.782832 	-1.2178e-18 	0
0.457357 	0.783073 	-1.22012e-18 	0
0.457958 	0.783314 	-1.22237e-18 	0
0.458559 	0.783554 	-1.22462e-18 	0
0.459159 	0.783794 	-1.22682e-18 	0
0.45976 	0.784034 	-1.22889e-18 	0
0.46036 	0.784273 	-1.23097e-18 	0
0.460961 	0.784512 	-1.23305e-18 	0
0.461562 	0.784751 	-1.23495e-18 	0
0.462162 	0.784989 	-1.23685e-18 	0
0.462763 	0.785228 	-1.23875e-18 	0
0.463363 	0.785466 	-1.24054e-18 	0
0.463964 	0.785703 	-1.24226e-18 	0
0.464565 	0.785941 	-1.24397e-18 	0
0.465165 	0.786178 	-1.24564e-18 	0
0.465766 	0.786415 	-1.24717e-18 	0
0.466366 	0.786651 	-1.2487e-18 	0
0.466967 	0.786888 	-1.25024e-18 	0
0.467568 	0.787124 	-1.25159e-18 	0
0.468168 	0.78736 	-1.25294e-18 	0
0.468769 	0.787595 	-1.25428e-18 	0
0.469369 	0.78783 	-1.25552e-18 	0
0.46997 	0.788065 	-1.25668e-18 	0
0.470571 	0.788299 	-1.25785e-18 	0
0.471171 	0.788534 	-1.25896e-18 	0
0.471772 	0.788767 	-1.25995e-18 	0
0.472372 	0.789001 	-1.26094e-18 	0
0.472973 	0.789234 	-1.26193e-18 	0
0.473574 	0.789468 	-1.26274e-18 	0
0.474174 	0.789701 	-1.26356e-18 	0
0.474775 	0.789934 	-1.26437e-18 	0
0.475375 	0.790166 	-1.26507e-18 	0
0.475976 	0.790398 	-1.26571e-18 	0
0.476577 	0.79063 	-1.26635e-18 	0
0.477177 	0.790861 	-1.26694e-18 	0
0.477778 	0.791092 	-1.26742e-18 	0
0.478378 	0.791323 	-1.2679e-18 	0
0.478979 	0.791554 	-1.26837e-18 	0
0.47958 	0.791784 	-1.2687e-18 	0
0.48018 	0.792014 	-1.26902e-18 	0
0.480781 	0.792244 	-1.26934e-18 	0
0.481381 	0.792473 	-1.26957e-18 	0
0.481982 	0.792703 	-1.26974e-18 	0
0.482583 	0.792932 	-1.26991e-18 	0
0.483183 	0.793161 	-1.27004e-18 	0
0.483784 	0.793389 	-1.27007e-18 	0
0.484384 	0.793617 	-1.27009e-18 	0
0.484985 	0.793845 	-1.27012e-18 	0
0.485586 	0.794073 	-1.27001e-18 	0
0.486186 	0.7943 	-1.2699e-18 	0
0.486787 	0.794527 	-1.26979e-18 	0
0.487387 	0.794754 	-1.2696e-18 	0
0.487988 	0.79498 	-1.26936e-18 	0
0.488589 	0.795207 	-1.26913e-18 	0
0.489189 	0.795433 	-1.26886e-18 	0
0.48979 	0.795659 	-1.2685e-18 	0
0.49039 	0.795884 	-1.26814e-18 	0
0.490991 	0.79611 	-1.26779e-18 	0
0.491592 	0.796335 	-1.26732e-18 	0
0.492192 	0.796559 	-1.26685e-18 	0
0.492793 	0.796784 	-1.26638e-18 	0
0.493393 	0.797009 	-1.26584e-18 	0
0.493994 	0.797232 	-1.26527e-18 	0
0.494595 	0.797456 	-1.2647e-18 	0
0.495195 	0.797679 	-1.26409e-18 	0
0.495796 	0.797902 	-1.26343e-18 	0
0.496396 	0.798125 	-1.26276e-18 	0
0.496997 	0.798348 	-1.26209e-18 	0
0.497598 	0.79857 	-1.26134e-18 	0
0.498198 	0.798792 	-1.26059e-18 	0
0.498799 	0.799014 	-1.25983e-18 	0
0.499399 	0.799235 	-1.25898e-18 	0
0.5 	0.799456 	-1.25809e-18 	0
